n 1401
m 8
tmax 1258
2104.6100 1968.3500 0
2104.6100 232.2640 1
295.5910 1968.3500 1
295.5910 232.2640 1
1025.7000 1971.3000 1
1161.6700 1965.3900 1
1191.2300 1959.4900 1
1167.5900 1959.4900 1
1096.6400 1959.4900 1
1102.5600 1953.5800 1
1090.7300 1953.5800 1
1019.7900 1953.5800 1
1232.6200 1941.7700 1
1043.4400 1941.7700 1
1238.5300 1935.8700 1
1167.5900 1935.8700 1
1132.1100 1935.8700 1
1268.0900 1929.9600 1
1244.4400 1929.9600 1
1067.0800 1929.9600 1
1179.4100 1924.0600 1
1049.3500 1924.0600 1
1037.5300 1924.0600 1
1126.2000 1918.1500 1
1090.7300 1918.1500 1
984.3190 1918.1500 1
1327.2000 1906.3400 1
1031.6100 1906.3400 1
996.1430 1906.3400 1
1049.3500 1900.4400 1
1185.3200 1894.5300 1
1114.3800 1894.5300 1
1315.3800 1882.7200 1
1291.7300 1882.7200 1
1078.9100 1882.7200 1
1013.8800 1876.8200 1
1735.1200 1746.9100 1
741.9340 1746.9100 1
1729.2100 1741.0000 1
736.0220 1741.0000 1
1522.3000 1723.2900 1
529.1080 1723.2900 1
1185.3200 1646.5200 1
1569.5900 1522.5200 1
576.4030 1522.5200 1
1149.8500 1445.7500 1
617.7860 1445.7500 1
1031.6100 1422.1300 1
1108.4700 1416.2200 1
753.7580 1416.2200 1
1031.6100 1410.3200 1
594.1380 1410.3200 1
759.6700 1398.5100 1
605.9620 1398.5100 1
753.7580 1274.5000 1
659.1690 1250.8800 1
1268.0900 1244.9800 1
594.1380 1244.9800 1
611.8740 1227.2600 1
1279.9100 1221.3600 1
659.1690 1156.4000 1
1226.7000 1002.8700 1
1149.8500 996.9670 1
1610.9700 973.3470 1
1037.5300 802.1010 1
1315.3800 796.1960 1
1114.3800 796.1960 1
1090.7300 796.1960 1
1274.0000 790.2900 1
1132.1100 790.2900 1
1108.4700 790.2900 1
1013.8800 790.2900 1
1268.0900 784.3860 1
1114.3800 784.3860 1
1031.6100 784.3860 1
1664.1800 778.4810 1
1238.5300 778.4810 1
1096.6400 778.4810 1
1049.3500 778.4810 1
978.4070 778.4810 1
1232.6200 772.5760 1
1185.3200 772.5760 1
1078.9100 772.5760 1
1055.2600 772.5760 1
1019.7900 772.5760 1
1214.8800 766.6700 1
1191.2300 766.6700 1
1167.5900 766.6700 1
1084.8200 766.6700 1
1073.0000 766.6700 1
1232.6200 760.7650 1
1161.6700 760.7650 1
1262.1800 754.8610 1
1250.3500 754.8610 1
1179.4100 754.8610 1
1025.7000 754.8610 1
1268.0900 748.9550 1
1244.4400 748.9550 1
1173.5000 748.9550 1
1132.1100 743.0500 1
1120.2900 743.0500 1
1019.7900 725.3350 1
996.1430 725.3350 1
1037.5300 719.4300 1
1002.0500 719.4300 1
1173.5000 559.9940 1
1610.9700 548.1840 1
1173.5000 548.1840 1
1220.7900 536.3740 1
1073.0000 1965.3900 1
1049.3500 1965.3900 1
1138.0300 1959.4900 1
1114.3800 1959.4900 1
1055.2600 1959.4900 1
1735.1200 1953.5800 1
1274.0000 1953.5800 1
1250.3500 1953.5800 1
741.9340 1953.5800 1
1061.1700 1941.7700 1
1291.7300 1935.8700 1
1214.8800 1929.9600 1
1120.2900 1929.9600 1
1090.7300 1924.0600 1
1203.0600 1918.1500 1
1208.9700 1912.2500 1
1114.3800 1912.2500 1
1226.7000 1906.3400 1
1143.9400 1906.3400 1
1291.7300 1900.4400 1
1268.0900 1900.4400 1
1309.4700 1894.5300 1
1002.0500 1894.5300 1
978.4070 1882.7200 1
1090.7300 1876.8200 1
1569.5900 1870.9100 1
1522.3000 1870.9100 1
1155.7600 1870.9100 1
576.4030 1870.9100 1
529.1080 1870.9100 1
1185.3200 1865.0100 1
1090.7300 1865.0100 1
1729.2100 1746.9100 1
736.0220 1746.9100 1
2054.3600 1516.6100 1
1167.5900 1516.6100 1
1185.3200 1487.0800 1
310.3710 1487.0800 1
1185.3200 1475.2800 1
611.8740 1422.1300 1
617.7860 1416.2200 1
540.9320 1410.3200 1
605.9620 1392.6000 1
582.3150 1392.6000 1
1149.8500 1274.5000 1
759.6700 1274.5000 1
582.3150 1274.5000 1
1031.6100 1227.2600 1
540.9320 1221.3600 1
1268.0900 1156.4000 1
2054.3600 1150.5000 1
1167.5900 1150.5000 1
1279.9100 1144.5900 1
1185.3200 1050.1100 1
1173.5000 1002.8700 1
1664.1800 996.9670 1
1179.4100 996.9670 1
1327.2000 802.1010 1
1232.6200 802.1010 1
1090.7300 802.1010 1
984.3190 802.1010 1
1179.4100 796.1960 1
1167.5900 796.1960 1
1084.8200 796.1960 1
1061.1700 796.1960 1
1232.6200 790.2900 1
1262.1800 784.3860 1
1155.7600 784.3860 1
1132.1100 784.3860 1
1049.3500 784.3860 1
1220.7900 778.4810 1
1138.0300 778.4810 1
1019.7900 778.4810 1
1203.0600 772.5760 1
1149.8500 766.6700 1
1114.3800 766.6700 1
1309.4700 760.7650 1
1143.9400 760.7650 1
1049.3500 760.7650 1
1208.9700 754.8610 1
1185.3200 754.8610 1
1126.2000 754.8610 1
1102.5600 754.8610 1
1090.7300 754.8610 1
1067.0800 754.8610 1
1037.5300 748.9550 1
1043.4400 743.0500 1
1031.6100 743.0500 1
1291.7300 731.2400 1
1232.6200 731.2400 1
310.3710 601.3290 1
1229.6600 1944.7300 1
1099.6000 1932.9200 1
1206.0100 1921.1100 1
981.3630 1921.1100 1
1146.9000 1909.3000 1
1028.6600 1909.3000 1
1075.9500 1885.6800 1
981.3630 1885.6800 1
2057.3200 1519.5600 1
981.3630 799.1480 1
981.3630 775.5280 1
307.4150 598.3770 1
1164.6300 1968.3500 1
1070.0400 1968.3500 1
1052.3100 1962.4400 1
1732.1700 1956.5400 1
1271.0400 1956.5400 1
1247.4000 1956.5400 1
1022.7500 1956.5400 1
738.9780 1956.5400 1
1046.3900 1944.7300 1
1247.4000 1932.9200 1
1164.6300 1932.9200 1
1117.3300 1932.9200 1
1070.0400 1932.9200 1
1099.6000 1927.0100 1
1093.6900 1921.1100 1
1046.3900 1921.1100 1
1223.7500 1909.3000 1
1117.3300 1909.3000 1
999.0990 1909.3000 1
1294.6900 1897.4800 1
1271.0400 1897.4800 1
1188.2800 1897.4800 1
999.0990 1897.4800 1
1294.6900 1885.6800 1
1566.6400 1873.8600 1
1519.3400 1873.8600 1
1093.6900 1873.8600 1
573.4470 1873.8600 1
526.1520 1873.8600 1
1726.2500 1749.8600 1
733.0660 1749.8600 1
1188.2800 1649.4700 1
1164.6300 1519.5600 1
307.4150 1490.0400 1
608.9180 1425.0800 1
1028.6600 1419.1800 1
620.7420 1413.2700 1
597.0940 1413.2700 1
537.9760 1413.2700 1
608.9180 1389.6500 1
1152.8100 1271.5500 1
762.6260 1271.5500 1
750.8020 1271.5500 1
1271.0400 1247.9300 1
1282.8700 1224.3100 1
1034.5700 1224.3100 1
656.2130 1153.4500 1
2057.3200 1147.5500 1
1188.2800 1047.1600 1
1170.5400 1005.8300 1
1661.2200 999.9200 1
1182.3700 994.0140 1
1613.9300 976.3000 1
1164.6300 799.1480 1
1093.6900 799.1480 1
1081.8600 799.1480 1
1034.5700 799.1480 1
1229.6600 793.2430 1
1271.0400 787.3380 1
1259.2200 787.3380 1
1129.1600 787.3380 1
1105.5100 787.3380 1
1034.5700 787.3380 1
1217.8400 781.4330 1
1052.3100 781.4330 1
1235.5700 775.5280 1
1188.2800 775.5280 1
1093.6900 775.5280 1
1022.7500 775.5280 1
1206.0100 769.6230 1
1075.9500 769.6230 1
1052.3100 769.6230 1
1235.5700 763.7180 1
1211.9300 763.7180 1
1188.2800 763.7180 1
1152.8100 763.7180 1
1117.3300 763.7180 1
1176.4500 751.9080 1
1129.1600 751.9080 1
1105.5100 751.9080 1
1034.5700 751.9080 1
1022.7500 751.9080 1
1176.4500 562.9470 1
1631.6700 2051.0200 1
1631.6700 2039.2100 1
1631.6700 2027.4000 1
1619.8400 2051.0200 1
1619.8400 2039.2100 1
1619.8400 2027.4000 1
1608.0200 2051.0200 1
1608.0200 2039.2100 1
1608.0200 2027.4000 1
1596.1900 2051.0200 1
1596.1900 2039.2100 1
1596.1900 2027.4000 1
1584.3700 2051.0200 1
1584.3700 2039.2100 1
1584.3700 2027.4000 1
1572.5500 2051.0200 1
1572.5500 2039.2100 1
1572.5500 2027.4000 1
1560.7200 2051.0200 1
1560.7200 2039.2100 1
1560.7200 2027.4000 1
1548.9000 2051.0200 1
1548.9000 2039.2100 1
1548.9000 2027.4000 1
1537.0800 2051.0200 1
1537.0800 2039.2100 1
1537.0800 2027.4000 1
1525.2500 2051.0200 1
1525.2500 2039.2100 1
1525.2500 2027.4000 1
1513.4300 2051.0200 1
1513.4300 2039.2100 1
1513.4300 2027.4000 1
1501.6000 2051.0200 1
1501.6000 2039.2100 1
1501.6000 2027.4000 1
1489.7800 2051.0200 1
1489.7800 2039.2100 1
1489.7800 2027.4000 1
1625.7500 2045.1100 1
1625.7500 2033.3000 1
1613.9300 2045.1100 1
1613.9300 2033.3000 1
1602.1100 2045.1100 1
1602.1100 2033.3000 1
1590.2800 2045.1100 1
1590.2800 2033.3000 1
1578.4600 2045.1100 1
1578.4600 2033.3000 1
1566.6400 2045.1100 1
1566.6400 2033.3000 1
1554.8100 2045.1100 1
1554.8100 2033.3000 1
1542.9900 2045.1100 1
1542.9900 2033.3000 1
1531.1600 2045.1100 1
1531.1600 2033.3000 1
1519.3400 2045.1100 1
1519.3400 2033.3000 1
1507.5200 2045.1100 1
1507.5200 2033.3000 1
1495.6900 2045.1100 1
1495.6900 2033.3000 1
1625.7500 2051.0200 1
1625.7500 2039.2100 1
1625.7500 2027.4000 1
1613.9300 2051.0200 1
1613.9300 2039.2100 1
1613.9300 2027.4000 1
1602.1100 2051.0200 1
1602.1100 2039.2100 1
1602.1100 2027.4000 1
1590.2800 2051.0200 1
1590.2800 2039.2100 1
1590.2800 2027.4000 1
1578.4600 2051.0200 1
1578.4600 2039.2100 1
1578.4600 2027.4000 1
1566.6400 2051.0200 1
1566.6400 2039.2100 1
1566.6400 2027.4000 1
1554.8100 2051.0200 1
1554.8100 2039.2100 1
1554.8100 2027.4000 1
1542.9900 2051.0200 1
1542.9900 2039.2100 1
1542.9900 2027.4000 1
1531.1600 2051.0200 1
1531.1600 2039.2100 1
1531.1600 2027.4000 1
1519.3400 2051.0200 1
1519.3400 2039.2100 1
1519.3400 2027.4000 1
1507.5200 2051.0200 1
1507.5200 2039.2100 1
1507.5200 2027.4000 1
1495.6900 2051.0200 1
1495.6900 2039.2100 1
1495.6900 2027.4000 1
1631.6700 2045.1100 1
1631.6700 2033.3000 1
1619.8400 2045.1100 1
1619.8400 2033.3000 1
1608.0200 2045.1100 1
1608.0200 2033.3000 1
1596.1900 2045.1100 1
1596.1900 2033.3000 1
1584.3700 2045.1100 1
1584.3700 2033.3000 1
1572.5500 2045.1100 1
1572.5500 2033.3000 1
1560.7200 2045.1100 1
1560.7200 2033.3000 1
1548.9000 2045.1100 1
1548.9000 2033.3000 1
1537.0800 2045.1100 1
1537.0800 2033.3000 1
1525.2500 2045.1100 1
1525.2500 2033.3000 1
1513.4300 2045.1100 1
1513.4300 2033.3000 1
1501.6000 2045.1100 1
1501.6000 2033.3000 1
1489.7800 2045.1100 1
1489.7800 2033.3000 1
1628.7100 2048.0600 1
1628.7100 2036.2500 1
1616.8900 2048.0600 1
1616.8900 2036.2500 1
1605.0600 2048.0600 1
1605.0600 2036.2500 1
1593.2400 2048.0600 1
1593.2400 2036.2500 1
1581.4100 2048.0600 1
1581.4100 2036.2500 1
1569.5900 2048.0600 1
1569.5900 2036.2500 1
1557.7700 2048.0600 1
1557.7700 2036.2500 1
1545.9400 2048.0600 1
1545.9400 2036.2500 1
1534.1200 2048.0600 1
1534.1200 2036.2500 1
1522.3000 2048.0600 1
1522.3000 2036.2500 1
1510.4700 2048.0600 1
1510.4700 2036.2500 1
1498.6500 2048.0600 1
1498.6500 2036.2500 1
1622.8000 2042.1600 1
1622.8000 2030.3500 1
1610.9700 2042.1600 1
1610.9700 2030.3500 1
1599.1500 2042.1600 1
1599.1500 2030.3500 1
1587.3300 2042.1600 1
1587.3300 2030.3500 1
1575.5000 2042.1600 1
1575.5000 2030.3500 1
1563.6800 2042.1600 1
1563.6800 2030.3500 1
1551.8500 2042.1600 1
1551.8500 2030.3500 1
1540.0300 2042.1600 1
1540.0300 2030.3500 1
1528.2100 2042.1600 1
1528.2100 2030.3500 1
1516.3800 2042.1600 1
1516.3800 2030.3500 1
1504.5600 2042.1600 1
1504.5600 2030.3500 1
1492.7400 2042.1600 1
1492.7400 2030.3500 1
1628.7100 2042.1600 1
1628.7100 2030.3500 1
1616.8900 2042.1600 1
1616.8900 2030.3500 1
1605.0600 2042.1600 1
1605.0600 2030.3500 1
1593.2400 2042.1600 1
1593.2400 2030.3500 1
1581.4100 2042.1600 1
1581.4100 2030.3500 1
1569.5900 2042.1600 1
1569.5900 2030.3500 1
1557.7700 2042.1600 1
1557.7700 2030.3500 1
1545.9400 2042.1600 1
1545.9400 2030.3500 1
1534.1200 2042.1600 1
1534.1200 2030.3500 1
1522.3000 2042.1600 1
1522.3000 2030.3500 1
1510.4700 2042.1600 1
1510.4700 2030.3500 1
1498.6500 2042.1600 1
1498.6500 2030.3500 1
1622.8000 2048.0600 1
1622.8000 2036.2500 1
1610.9700 2048.0600 1
1610.9700 2036.2500 1
1599.1500 2048.0600 1
1599.1500 2036.2500 1
1587.3300 2048.0600 1
1587.3300 2036.2500 1
1575.5000 2048.0600 1
1575.5000 2036.2500 1
1563.6800 2048.0600 1
1563.6800 2036.2500 1
1551.8500 2048.0600 1
1551.8500 2036.2500 1
1540.0300 2048.0600 1
1540.0300 2036.2500 1
1528.2100 2048.0600 1
1528.2100 2036.2500 1
1516.3800 2048.0600 1
1516.3800 2036.2500 1
1504.5600 2048.0600 1
1504.5600 2036.2500 1
1492.7400 2048.0600 1
1492.7400 2036.2500 1
650.3020 2051.0200 1
650.3020 2039.2100 1
650.3020 2027.4000 1
638.4780 2051.0200 1
638.4780 2039.2100 1
638.4780 2027.4000 1
626.6550 2051.0200 1
626.6550 2039.2100 1
626.6550 2027.4000 1
614.8310 2051.0200 1
614.8310 2039.2100 1
614.8310 2027.4000 1
603.0070 2051.0200 1
603.0070 2039.2100 1
603.0070 2027.4000 1
591.1840 2051.0200 1
591.1840 2039.2100 1
591.1840 2027.4000 1
579.3600 2051.0200 1
579.3600 2039.2100 1
579.3600 2027.4000 1
567.5370 2051.0200 1
567.5370 2039.2100 1
567.5370 2027.4000 1
555.7130 2051.0200 1
555.7130 2039.2100 1
555.7130 2027.4000 1
543.8890 2051.0200 1
543.8890 2039.2100 1
543.8890 2027.4000 1
532.0660 2051.0200 1
532.0660 2039.2100 1
532.0660 2027.4000 1
520.2420 2051.0200 1
520.2420 2039.2100 1
520.2420 2027.4000 1
508.4180 2051.0200 1
508.4180 2039.2100 1
508.4180 2027.4000 1
644.3900 2045.1100 1
644.3900 2033.3000 1
632.5660 2045.1100 1
632.5660 2033.3000 1
620.7430 2045.1100 1
620.7430 2033.3000 1
608.9190 2045.1100 1
608.9190 2033.3000 1
597.0960 2045.1100 1
597.0960 2033.3000 1
585.2720 2045.1100 1
585.2720 2033.3000 1
573.4480 2045.1100 1
573.4480 2033.3000 1
561.6250 2045.1100 1
561.6250 2033.3000 1
549.8010 2045.1100 1
549.8010 2033.3000 1
537.9770 2045.1100 1
537.9770 2033.3000 1
526.1530 2045.1100 1
526.1530 2033.3000 1
514.3300 2045.1100 1
514.3300 2033.3000 1
644.3900 2051.0200 1
644.3900 2039.2100 1
644.3900 2027.4000 1
632.5660 2051.0200 1
632.5660 2039.2100 1
632.5660 2027.4000 1
620.7430 2051.0200 1
620.7430 2039.2100 1
620.7430 2027.4000 1
608.9190 2051.0200 1
608.9190 2039.2100 1
608.9190 2027.4000 1
597.0960 2051.0200 1
597.0960 2039.2100 1
597.0960 2027.4000 1
585.2720 2051.0200 1
585.2720 2039.2100 1
585.2720 2027.4000 1
573.4480 2051.0200 1
573.4480 2039.2100 1
573.4480 2027.4000 1
561.6250 2051.0200 1
561.6250 2039.2100 1
561.6250 2027.4000 1
549.8010 2051.0200 1
549.8010 2039.2100 1
549.8010 2027.4000 1
537.9770 2051.0200 1
537.9770 2039.2100 1
537.9770 2027.4000 1
526.1530 2051.0200 1
526.1530 2039.2100 1
526.1530 2027.4000 1
514.3300 2051.0200 1
514.3300 2039.2100 1
514.3300 2027.4000 1
650.3020 2045.1100 1
650.3020 2033.3000 1
638.4780 2045.1100 1
638.4780 2033.3000 1
626.6550 2045.1100 1
626.6550 2033.3000 1
614.8310 2045.1100 1
614.8310 2033.3000 1
603.0070 2045.1100 1
603.0070 2033.3000 1
591.1840 2045.1100 1
591.1840 2033.3000 1
579.3600 2045.1100 1
579.3600 2033.3000 1
567.5370 2045.1100 1
567.5370 2033.3000 1
555.7130 2045.1100 1
555.7130 2033.3000 1
543.8890 2045.1100 1
543.8890 2033.3000 1
532.0660 2045.1100 1
532.0660 2033.3000 1
520.2420 2045.1100 1
520.2420 2033.3000 1
508.4180 2045.1100 1
508.4180 2033.3000 1
647.3460 2048.0600 1
647.3460 2036.2500 1
635.5220 2048.0600 1
635.5220 2036.2500 1
623.6990 2048.0600 1
623.6990 2036.2500 1
611.8750 2048.0600 1
611.8750 2036.2500 1
600.0510 2048.0600 1
600.0510 2036.2500 1
588.2280 2048.0600 1
588.2280 2036.2500 1
576.4040 2048.0600 1
576.4040 2036.2500 1
564.5810 2048.0600 1
564.5810 2036.2500 1
552.7570 2048.0600 1
552.7570 2036.2500 1
540.9330 2048.0600 1
540.9330 2036.2500 1
529.1090 2048.0600 1
529.1090 2036.2500 1
517.2860 2048.0600 1
517.2860 2036.2500 1
641.4340 2042.1600 1
641.4340 2030.3500 1
629.6110 2042.1600 1
629.6110 2030.3500 1
617.7870 2042.1600 1
617.7870 2030.3500 1
605.9630 2042.1600 1
605.9630 2030.3500 1
594.1400 2042.1600 1
594.1400 2030.3500 1
582.3160 2042.1600 1
582.3160 2030.3500 1
570.4920 2042.1600 1
570.4920 2030.3500 1
558.6690 2042.1600 1
558.6690 2030.3500 1
546.8450 2042.1600 1
546.8450 2030.3500 1
535.0220 2042.1600 1
535.0220 2030.3500 1
523.1980 2042.1600 1
523.1980 2030.3500 1
511.3740 2042.1600 1
511.3740 2030.3500 1
647.3460 2042.1600 1
647.3460 2030.3500 1
635.5220 2042.1600 1
635.5220 2030.3500 1
623.6990 2042.1600 1
623.6990 2030.3500 1
611.8750 2042.1600 1
611.8750 2030.3500 1
600.0510 2042.1600 1
600.0510 2030.3500 1
588.2280 2042.1600 1
588.2280 2030.3500 1
576.4040 2042.1600 1
576.4040 2030.3500 1
564.5810 2042.1600 1
564.5810 2030.3500 1
552.7570 2042.1600 1
552.7570 2030.3500 1
540.9330 2042.1600 1
540.9330 2030.3500 1
529.1090 2042.1600 1
529.1090 2030.3500 1
517.2860 2042.1600 1
517.2860 2030.3500 1
641.4340 2048.0600 1
641.4340 2036.2500 1
629.6110 2048.0600 1
629.6110 2036.2500 1
617.7870 2048.0600 1
617.7870 2036.2500 1
605.9630 2048.0600 1
605.9630 2036.2500 1
594.1400 2048.0600 1
594.1400 2036.2500 1
582.3160 2048.0600 1
582.3160 2036.2500 1
570.4920 2048.0600 1
570.4920 2036.2500 1
558.6690 2048.0600 1
558.6690 2036.2500 1
546.8450 2048.0600 1
546.8450 2036.2500 1
535.0220 2048.0600 1
535.0220 2036.2500 1
523.1980 2048.0600 1
523.1980 2036.2500 1
511.3740 2048.0600 1
511.3740 2036.2500 1
1631.6700 173.2150 1
1631.6700 161.4050 1
1631.6700 149.5950 1
1619.8400 173.2150 1
1619.8400 161.4050 1
1619.8400 149.5950 1
1608.0200 173.2150 1
1608.0200 161.4050 1
1608.0200 149.5950 1
1596.1900 173.2150 1
1596.1900 161.4050 1
1596.1900 149.5950 1
1584.3700 173.2150 1
1584.3700 161.4050 1
1584.3700 149.5950 1
1572.5500 173.2150 1
1572.5500 161.4050 1
1572.5500 149.5950 1
1560.7200 173.2150 1
1560.7200 161.4050 1
1560.7200 149.5950 1
1548.9000 173.2150 1
1548.9000 161.4050 1
1548.9000 149.5950 1
1537.0800 173.2150 1
1537.0800 161.4050 1
1537.0800 149.5950 1
1525.2500 173.2150 1
1525.2500 161.4050 1
1525.2500 149.5950 1
1513.4300 173.2150 1
1513.4300 161.4050 1
1513.4300 149.5950 1
1501.6000 173.2150 1
1501.6000 161.4050 1
1501.6000 149.5950 1
1489.7800 173.2150 1
1489.7800 161.4050 1
1489.7800 149.5950 1
1625.7500 167.3100 1
1625.7500 155.5000 1
1613.9300 167.3100 1
1613.9300 155.5000 1
1602.1100 167.3100 1
1602.1100 155.5000 1
1590.2800 167.3100 1
1590.2800 155.5000 1
1578.4600 167.3100 1
1578.4600 155.5000 1
1566.6400 167.3100 1
1566.6400 155.5000 1
1554.8100 167.3100 1
1554.8100 155.5000 1
1542.9900 167.3100 1
1542.9900 155.5000 1
1531.1600 167.3100 1
1531.1600 155.5000 1
1519.3400 167.3100 1
1519.3400 155.5000 1
1507.5200 167.3100 1
1507.5200 155.5000 1
1495.6900 167.3100 1
1495.6900 155.5000 1
1625.7500 173.2150 1
1625.7500 161.4050 1
1625.7500 149.5950 1
1613.9300 173.2150 1
1613.9300 161.4050 1
1613.9300 149.5950 1
1602.1100 173.2150 1
1602.1100 161.4050 1
1602.1100 149.5950 1
1590.2800 173.2150 1
1590.2800 161.4050 1
1590.2800 149.5950 1
1578.4600 173.2150 1
1578.4600 161.4050 1
1578.4600 149.5950 1
1566.6400 173.2150 1
1566.6400 161.4050 1
1566.6400 149.5950 1
1554.8100 173.2150 1
1554.8100 161.4050 1
1554.8100 149.5950 1
1542.9900 173.2150 1
1542.9900 161.4050 1
1542.9900 149.5950 1
1531.1600 173.2150 1
1531.1600 161.4050 1
1531.1600 149.5950 1
1519.3400 173.2150 1
1519.3400 161.4050 1
1519.3400 149.5950 1
1507.5200 173.2150 1
1507.5200 161.4050 1
1507.5200 149.5950 1
1495.6900 173.2150 1
1495.6900 161.4050 1
1495.6900 149.5950 1
1631.6700 167.3100 1
1631.6700 155.5000 1
1619.8400 167.3100 1
1619.8400 155.5000 1
1608.0200 167.3100 1
1608.0200 155.5000 1
1596.1900 167.3100 1
1596.1900 155.5000 1
1584.3700 167.3100 1
1584.3700 155.5000 1
1572.5500 167.3100 1
1572.5500 155.5000 1
1560.7200 167.3100 1
1560.7200 155.5000 1
1548.9000 167.3100 1
1548.9000 155.5000 1
1537.0800 167.3100 1
1537.0800 155.5000 1
1525.2500 167.3100 1
1525.2500 155.5000 1
1513.4300 167.3100 1
1513.4300 155.5000 1
1501.6000 167.3100 1
1501.6000 155.5000 1
1489.7800 167.3100 1
1489.7800 155.5000 1
1628.7100 170.2620 1
1628.7100 158.4520 1
1616.8900 170.2620 1
1616.8900 158.4520 1
1605.0600 170.2620 1
1605.0600 158.4520 1
1593.2400 170.2620 1
1593.2400 158.4520 1
1581.4100 170.2620 1
1581.4100 158.4520 1
1569.5900 170.2620 1
1569.5900 158.4520 1
1557.7700 170.2620 1
1557.7700 158.4520 1
1545.9400 170.2620 1
1545.9400 158.4520 1
1534.1200 170.2620 1
1534.1200 158.4520 1
1522.3000 170.2620 1
1522.3000 158.4520 1
1510.4700 170.2620 1
1510.4700 158.4520 1
1498.6500 170.2620 1
1498.6500 158.4520 1
1622.8000 164.3570 1
1622.8000 152.5470 1
1610.9700 164.3570 1
1610.9700 152.5470 1
1599.1500 164.3570 1
1599.1500 152.5470 1
1587.3300 164.3570 1
1587.3300 152.5470 1
1575.5000 164.3570 1
1575.5000 152.5470 1
1563.6800 164.3570 1
1563.6800 152.5470 1
1551.8500 164.3570 1
1551.8500 152.5470 1
1540.0300 164.3570 1
1540.0300 152.5470 1
1528.2100 164.3570 1
1528.2100 152.5470 1
1516.3800 164.3570 1
1516.3800 152.5470 1
1504.5600 164.3570 1
1504.5600 152.5470 1
1492.7400 164.3570 1
1492.7400 152.5470 1
1628.7100 164.3570 1
1628.7100 152.5470 1
1616.8900 164.3570 1
1616.8900 152.5470 1
1605.0600 164.3570 1
1605.0600 152.5470 1
1593.2400 164.3570 1
1593.2400 152.5470 1
1581.4100 164.3570 1
1581.4100 152.5470 1
1569.5900 164.3570 1
1569.5900 152.5470 1
1557.7700 164.3570 1
1557.7700 152.5470 1
1545.9400 164.3570 1
1545.9400 152.5470 1
1534.1200 164.3570 1
1534.1200 152.5470 1
1522.3000 164.3570 1
1522.3000 152.5470 1
1510.4700 164.3570 1
1510.4700 152.5470 1
1498.6500 164.3570 1
1498.6500 152.5470 1
1622.8000 170.2620 1
1622.8000 158.4520 1
1610.9700 170.2620 1
1610.9700 158.4520 1
1599.1500 170.2620 1
1599.1500 158.4520 1
1587.3300 170.2620 1
1587.3300 158.4520 1
1575.5000 170.2620 1
1575.5000 158.4520 1
1563.6800 170.2620 1
1563.6800 158.4520 1
1551.8500 170.2620 1
1551.8500 158.4520 1
1540.0300 170.2620 1
1540.0300 158.4520 1
1528.2100 170.2620 1
1528.2100 158.4520 1
1516.3800 170.2620 1
1516.3800 158.4520 1
1504.5600 170.2620 1
1504.5600 158.4520 1
1492.7400 170.2620 1
1492.7400 158.4520 1
650.3020 173.2150 1
650.3020 161.4050 1
650.3020 149.5950 1
638.4780 173.2150 1
638.4780 161.4050 1
638.4780 149.5950 1
626.6550 173.2150 1
626.6550 161.4050 1
626.6550 149.5950 1
614.8310 173.2150 1
614.8310 161.4050 1
614.8310 149.5950 1
603.0070 173.2150 1
603.0070 161.4050 1
603.0070 149.5950 1
591.1840 173.2150 1
591.1840 161.4050 1
591.1840 149.5950 1
579.3600 173.2150 1
579.3600 161.4050 1
579.3600 149.5950 1
567.5370 173.2150 1
567.5370 161.4050 1
567.5370 149.5950 1
555.7130 173.2150 1
555.7130 161.4050 1
555.7130 149.5950 1
543.8890 173.2150 1
543.8890 161.4050 1
543.8890 149.5950 1
532.0660 173.2150 1
532.0660 161.4050 1
532.0660 149.5950 1
520.2420 173.2150 1
520.2420 161.4050 1
520.2420 149.5950 1
508.4180 173.2150 1
508.4180 161.4050 1
508.4180 149.5950 1
644.3900 167.3100 1
644.3900 155.5000 1
632.5660 167.3100 1
632.5660 155.5000 1
620.7430 167.3100 1
620.7430 155.5000 1
608.9190 167.3100 1
608.9190 155.5000 1
597.0960 167.3100 1
597.0960 155.5000 1
585.2720 167.3100 1
585.2720 155.5000 1
573.4480 167.3100 1
573.4480 155.5000 1
561.6250 167.3100 1
561.6250 155.5000 1
549.8010 167.3100 1
549.8010 155.5000 1
537.9770 167.3100 1
537.9770 155.5000 1
526.1530 167.3100 1
526.1530 155.5000 1
514.3300 167.3100 1
514.3300 155.5000 1
644.3900 173.2150 1
644.3900 161.4050 1
644.3900 149.5950 1
632.5660 173.2150 1
632.5660 161.4050 1
632.5660 149.5950 1
620.7430 173.2150 1
620.7430 161.4050 1
620.7430 149.5950 1
608.9190 173.2150 1
608.9190 161.4050 1
608.9190 149.5950 1
597.0960 173.2150 1
597.0960 161.4050 1
597.0960 149.5950 1
585.2720 173.2150 1
585.2720 161.4050 1
585.2720 149.5950 1
573.4480 173.2150 1
573.4480 161.4050 1
573.4480 149.5950 1
561.6250 173.2150 1
561.6250 161.4050 1
561.6250 149.5950 1
549.8010 173.2150 1
549.8010 161.4050 1
549.8010 149.5950 1
537.9770 173.2150 1
537.9770 161.4050 1
537.9770 149.5950 1
526.1530 173.2150 1
526.1530 161.4050 1
526.1530 149.5950 1
514.3300 173.2150 1
514.3300 161.4050 1
514.3300 149.5950 1
650.3020 167.3100 1
650.3020 155.5000 1
638.4780 167.3100 1
638.4780 155.5000 1
626.6550 167.3100 1
626.6550 155.5000 1
614.8310 167.3100 1
614.8310 155.5000 1
603.0070 167.3100 1
603.0070 155.5000 1
591.1840 167.3100 1
591.1840 155.5000 1
579.3600 167.3100 1
579.3600 155.5000 1
567.5370 167.3100 1
567.5370 155.5000 1
555.7130 167.3100 1
555.7130 155.5000 1
543.8890 167.3100 1
543.8890 155.5000 1
532.0660 167.3100 1
532.0660 155.5000 1
520.2420 167.3100 1
520.2420 155.5000 1
508.4180 167.3100 1
508.4180 155.5000 1
647.3460 170.2620 1
647.3460 158.4520 1
635.5220 170.2620 1
635.5220 158.4520 1
623.6990 170.2620 1
623.6990 158.4520 1
611.8750 170.2620 1
611.8750 158.4520 1
600.0510 170.2620 1
600.0510 158.4520 1
588.2280 170.2620 1
588.2280 158.4520 1
576.4040 170.2620 1
576.4040 158.4520 1
564.5810 170.2620 1
564.5810 158.4520 1
552.7570 170.2620 1
552.7570 158.4520 1
540.9330 170.2620 1
540.9330 158.4520 1
529.1090 170.2620 1
529.1090 158.4520 1
517.2860 170.2620 1
517.2860 158.4520 1
641.4340 164.3570 1
641.4340 152.5470 1
629.6110 164.3570 1
629.6110 152.5470 1
617.7870 164.3570 1
617.7870 152.5470 1
605.9630 164.3570 1
605.9630 152.5470 1
594.1400 164.3570 1
594.1400 152.5470 1
582.3160 164.3570 1
582.3160 152.5470 1
570.4920 164.3570 1
570.4920 152.5470 1
558.6690 164.3570 1
558.6690 152.5470 1
546.8450 164.3570 1
546.8450 152.5470 1
535.0220 164.3570 1
535.0220 152.5470 1
523.1980 164.3570 1
523.1980 152.5470 1
511.3740 164.3570 1
511.3740 152.5470 1
647.3460 164.3570 1
647.3460 152.5470 1
635.5220 164.3570 1
635.5220 152.5470 1
623.6990 164.3570 1
623.6990 152.5470 1
611.8750 164.3570 1
611.8750 152.5470 1
600.0510 164.3570 1
600.0510 152.5470 1
588.2280 164.3570 1
588.2280 152.5470 1
576.4040 164.3570 1
576.4040 152.5470 1
564.5810 164.3570 1
564.5810 152.5470 1
552.7570 164.3570 1
552.7570 152.5470 1
540.9330 164.3570 1
540.9330 152.5470 1
529.1090 164.3570 1
529.1090 152.5470 1
517.2860 164.3570 1
517.2860 152.5470 1
641.4340 170.2620 1
641.4340 158.4520 1
629.6110 170.2620 1
629.6110 158.4520 1
617.7870 170.2620 1
617.7870 158.4520 1
605.9630 170.2620 1
605.9630 158.4520 1
594.1400 170.2620 1
594.1400 158.4520 1
582.3160 170.2620 1
582.3160 158.4520 1
570.4920 170.2620 1
570.4920 158.4520 1
558.6690 170.2620 1
558.6690 158.4520 1
546.8450 170.2620 1
546.8450 158.4520 1
535.0220 170.2620 1
535.0220 158.4520 1
523.1980 170.2620 1
523.1980 158.4520 1
511.3740 170.2620 1
511.3740 158.4520 1
1888.8300 2048.0600 1
1877.0100 2048.0600 1
1853.3600 2048.0600 1
1841.5400 2048.0600 1
1829.7100 2048.0600 1
1782.4200 2048.0600 1
1746.9500 2048.0600 1
1723.3000 2048.0600 1
1711.4700 2048.0600 1
1676.0000 2048.0600 1
1652.3600 2048.0600 1
907.4660 2048.0600 1
895.6420 2048.0600 1
871.9940 2048.0600 1
860.1710 2048.0600 1
848.3470 2048.0600 1
801.0530 2048.0600 1
765.5810 2048.0600 1
741.9340 2048.0600 1
730.1110 2048.0600 1
694.6400 2048.0600 1
670.9920 2048.0600 1
1871.0900 2042.1600 1
1800.1500 2042.1600 1
1776.5100 2042.1600 1
1752.8600 2042.1600 1
889.7300 2042.1600 1
818.7880 2042.1600 1
795.1410 2042.1600 1
771.4940 2042.1600 1
1877.0100 2036.2500 1
1853.3600 2036.2500 1
1841.5400 2036.2500 1
1746.9500 2036.2500 1
1723.3000 2036.2500 1
1699.6500 2036.2500 1
895.6420 2036.2500 1
871.9940 2036.2500 1
860.1710 2036.2500 1
765.5810 2036.2500 1
741.9340 2036.2500 1
718.2870 2036.2500 1
1894.7400 2030.3500 1
1871.0900 2030.3500 1
1859.2700 2030.3500 1
1823.8000 2030.3500 1
1811.9800 2030.3500 1
1800.1500 2030.3500 1
1776.5100 2030.3500 1
1764.6800 2030.3500 1
1752.8600 2030.3500 1
913.3770 2030.3500 1
889.7300 2030.3500 1
877.9060 2030.3500 1
842.4350 2030.3500 1
830.6120 2030.3500 1
818.7880 2030.3500 1
795.1410 2030.3500 1
783.3170 2030.3500 1
771.4940 2030.3500 1
1888.8300 170.2610 1
1877.0100 170.2610 1
1853.3600 170.2610 1
1841.5400 170.2610 1
1829.7100 170.2610 1
1782.4200 170.2610 1
1746.9500 170.2610 1
1723.3000 170.2610 1
1711.4700 170.2610 1
1676.0000 170.2610 1
1652.3600 170.2610 1
907.4660 170.2610 1
895.6420 170.2610 1
871.9940 170.2610 1
860.1710 170.2610 1
848.3470 170.2610 1
801.0530 170.2610 1
765.5810 170.2610 1
741.9340 170.2610 1
730.1110 170.2610 1
694.6400 170.2610 1
670.9920 170.2610 1
1871.0900 164.3570 1
1800.1500 164.3570 1
1776.5100 164.3570 1
1752.8600 164.3570 1
889.7300 164.3570 1
818.7880 164.3570 1
795.1410 164.3570 1
771.4940 164.3570 1
1877.0100 158.4510 1
1853.3600 158.4510 1
1841.5400 158.4510 1
1746.9500 158.4510 1
1723.3000 158.4510 1
1699.6500 158.4510 1
895.6420 158.4510 1
871.9940 158.4510 1
860.1710 158.4510 1
765.5810 158.4510 1
741.9340 158.4510 1
718.2870 158.4510 1
1894.7400 152.5460 1
1871.0900 152.5460 1
1859.2700 152.5460 1
1823.8000 152.5460 1
1811.9800 152.5460 1
1800.1500 152.5460 1
1776.5100 152.5460 1
1764.6800 152.5460 1
1752.8600 152.5460 1
913.3770 152.5460 1
889.7300 152.5460 1
877.9060 152.5460 1
842.4350 152.5460 1
830.6120 152.5460 1
818.7880 152.5460 1
795.1410 152.5460 1
783.3170 152.5460 1
771.4940 152.5460 1
1894.7400 2048.0600 1
1882.9200 2048.0600 1
1859.2700 2048.0600 1
1811.9800 2048.0600 1
1764.6800 2048.0600 1
1670.0900 2048.0600 1
913.3770 2048.0600 1
901.5540 2048.0600 1
877.9060 2048.0600 1
830.6120 2048.0600 1
783.3170 2048.0600 1
688.7280 2048.0600 1
1888.8300 2042.1600 1
1829.7100 2042.1600 1
1735.1200 2042.1600 1
1699.6500 2042.1600 1
1676.0000 2042.1600 1
907.4660 2042.1600 1
848.3470 2042.1600 1
753.7580 2042.1600 1
718.2870 2042.1600 1
694.6400 2042.1600 1
1882.9200 2036.2500 1
1823.8000 2036.2500 1
1670.0900 2036.2500 1
901.5540 2036.2500 1
842.4350 2036.2500 1
688.7280 2036.2500 1
1782.4200 2030.3500 1
1735.1200 2030.3500 1
1711.4700 2030.3500 1
1652.3600 2030.3500 1
801.0530 2030.3500 1
753.7580 2030.3500 1
730.1110 2030.3500 1
670.9920 2030.3500 1
1894.7400 170.2610 1
1882.9200 170.2610 1
1859.2700 170.2610 1
1811.9800 170.2610 1
1764.6800 170.2610 1
1670.0900 170.2610 1
913.3770 170.2610 1
901.5540 170.2610 1
877.9060 170.2610 1
830.6120 170.2610 1
783.3170 170.2610 1
688.7280 170.2610 1
1888.8300 164.3570 1
1829.7100 164.3570 1
1735.1200 164.3570 1
1699.6500 164.3570 1
1676.0000 164.3570 1
907.4660 164.3570 1
848.3470 164.3570 1
753.7580 164.3570 1
718.2870 164.3570 1
694.6400 164.3570 1
1882.9200 158.4510 1
1823.8000 158.4510 1
1670.0900 158.4510 1
901.5540 158.4510 1
842.4350 158.4510 1
688.7280 158.4510 1
1782.4200 152.5460 1
1735.1200 152.5460 1
1711.4700 152.5460 1
1652.3600 152.5460 1
801.0530 152.5460 1
753.7580 152.5460 1
730.1110 152.5460 1
670.9920 152.5460 1
1891.7900 2051.0200 1
1678.9600 2051.0200 1
910.4220 2051.0200 1
697.5960 2051.0200 1
1732.1700 2045.1100 1
750.8020 2045.1100 1
1891.7900 2039.2100 1
1678.9600 2039.2100 1
910.4220 2039.2100 1
697.5960 2039.2100 1
1838.5800 2033.3000 1
857.2150 2033.3000 1
1785.3700 2027.4000 1
804.0090 2027.4000 1
1891.7900 173.2140 1
1678.9600 173.2140 1
910.4220 173.2140 1
697.5960 173.2140 1
1732.1700 167.3090 1
750.8020 167.3090 1
1891.7900 161.4040 1
1678.9600 161.4040 1
910.4220 161.4040 1
697.5960 161.4040 1
1838.5800 155.4990 1
857.2150 155.4990 1
1785.3700 149.5940 1
804.0090 149.5940 1
0.0000 0.0000 1
2104.6100 1968.3500 0