n 2393 
m 8 
tmax 23627 
1639.0000 2156.0000 0
1875.0000 2925.0000 5
2150.0000 2925.0000 6
2425.0000 2925.0000 7
2525.0000 2675.0000 7
2525.0000 2575.0000 6
2525.0000 2375.0000 6
2525.0000 2275.0000 6
2525.0000 2175.0000 6
2786.0000 2148.0000 7
2786.0000 2249.0000 7
2786.0000 2352.0000 7
2785.0000 2451.0000 7
2785.0000 2552.0000 8
2787.0000 2651.0000 8
2925.0000 2925.0000 9
3198.0000 2925.0000 11
3475.0000 2925.0000 12
3725.0000 2925.0000 14
3675.0000 2675.0000 13
3675.0000 2575.0000 13
3675.0000 2375.0000 13
3675.0000 2275.0000 12
3675.0000 2175.0000 12
4189.0000 2156.0000 15
4190.0000 2256.0000 16
4190.0000 2355.0000 16
4189.0000 2456.0000 16
4189.0000 2556.0000 16
4190.0000 2656.0000 16
4275.0000 2975.0000 17
4425.0000 2925.0000 17
4700.0000 2925.0000 19
4975.0000 2925.0000 21
5075.0000 2675.0000 21
5075.0000 2575.0000 21
5075.0000 2375.0000 21
5075.0000 2275.0000 21
5075.0000 2175.0000 21
5336.0000 2148.0000 22
5336.0000 2249.0000 22
5336.0000 2352.0000 22
5335.0000 2451.0000 22
5335.0000 2552.0000 22
5337.0000 2651.0000 22
5475.0000 2925.0000 23
5748.0000 2925.0000 25
6025.0000 2925.0000 27
6275.0000 2925.0000 28
6225.0000 2675.0000 28
6225.0000 2575.0000 28
6225.0000 2375.0000 27
6225.0000 2275.0000 27
6225.0000 2175.0000 27
6739.0000 2156.0000 30
6740.0000 2256.0000 30
6740.0000 2355.0000 30
6739.0000 2456.0000 31
6739.0000 2556.0000 31
6740.0000 2656.0000 31
6825.0000 2975.0000 31
6975.0000 2925.0000 32
7250.0000 2925.0000 34
7525.0000 2925.0000 35
7625.0000 2675.0000 36
7625.0000 2575.0000 36
7625.0000 2375.0000 36
7625.0000 2275.0000 36
7625.0000 2175.0000 36
7886.0000 2148.0000 37
7886.0000 2249.0000 37
7886.0000 2352.0000 37
7885.0000 2451.0000 37
7885.0000 2552.0000 37
7887.0000 2651.0000 37
8025.0000 2925.0000 38
8298.0000 2925.0000 40
8575.0000 2925.0000 42
8825.0000 2925.0000 43
8775.0000 2675.0000 43
8775.0000 2575.0000 42
8775.0000 2375.0000 42
8775.0000 2275.0000 42
8775.0000 2175.0000 42
9289.0000 2156.0000 45
9290.0000 2256.0000 45
9290.0000 2355.0000 45
9289.0000 2456.0000 45
9289.0000 2556.0000 46
9290.0000 2656.0000 46
9375.0000 2975.0000 46
9525.0000 2925.0000 47
9800.0000 2925.0000 49
10075.0000 2925.0000 50
10175.0000 2675.0000 51
10175.0000 2575.0000 51
10175.0000 2375.0000 51
10175.0000 2275.0000 51
10175.0000 2175.0000 51
10436.0000 2148.0000 52
10436.0000 2249.0000 52
10436.0000 2352.0000 52
10435.0000 2451.0000 52
10435.0000 2552.0000 52
10437.0000 2651.0000 52
10575.0000 2925.0000 53
10848.0000 2925.0000 55
11125.0000 2925.0000 56
11325.0000 2175.0000 57
11325.0000 2275.0000 57
11325.0000 2375.0000 57
11325.0000 2575.0000 57
11325.0000 2675.0000 57
11375.0000 2925.0000 58
11375.0000 3125.0000 58
11400.0000 3225.0000 58
11400.0000 3325.0000 58
11400.0000 3475.0000 58
11400.0000 3625.0000 58
11300.0000 3825.0000 58
11125.0000 3825.0000 57
11125.0000 3925.0000 57
11025.0000 3975.0000 57
10925.0000 3975.0000 56
10925.0000 3875.0000 56
10550.0000 3925.0000 54
10550.0000 3725.0000 54
10550.0000 3325.0000 53
10100.0000 3325.0000 51
10100.0000 3725.0000 51
10100.0000 3925.0000 51
9725.0000 3875.0000 49
9725.0000 3975.0000 49
9625.0000 3975.0000 49
9550.0000 3875.0000 48
9425.0000 3875.0000 47
9275.0000 3900.0000 47
9250.0000 3700.0000 46
9250.0000 3575.0000 46
9250.0000 3475.0000 46
9250.0000 3375.0000 46
9250.0000 3275.0000 46
8825.0000 3125.0000 43
8850.0000 3225.0000 43
8850.0000 3325.0000 43
8850.0000 3475.0000 44
8850.0000 3625.0000 44
8750.0000 3825.0000 43
8575.0000 3825.0000 42
8575.0000 3925.0000 43
8475.0000 3975.0000 42
8375.0000 3875.0000 41
8375.0000 3975.0000 41
8400.0000 4125.0000 42
8300.0000 4175.0000 41
8400.0000 4275.0000 42
8500.0000 4175.0000 43
8675.0000 4325.0000 44
8775.0000 4425.0000 44
8825.0000 4325.0000 45
9275.0000 4275.0000 47
9375.0000 4275.0000 48
9325.0000 4375.0000 48
9400.0000 4450.0000 48
9400.0000 4550.0000 48
9325.0000 4500.0000 48
9215.0000 4560.0000 47
9215.0000 4710.0000 47
9375.0000 4775.0000 48
9215.0000 4860.0000 48
9215.0000 5010.0000 48
9215.0000 5160.0000 48
9215.0000 5310.0000 49
9215.0000 5460.0000 49
9215.0000 5610.0000 49
9475.0000 5675.0000 51
9475.0000 5525.0000 51
9475.0000 5425.0000 50
9475.0000 5275.0000 50
9475.0000 5025.0000 50
9575.0000 5075.0000 50
9725.0000 5075.0000 51
9675.0000 4975.0000 51
9575.0000 4925.0000 50
9525.0000 4775.0000 49
9600.0000 4675.0000 50
9625.0000 4775.0000 50
9775.0000 4775.0000 51
9975.0000 4600.0000 52
9875.0000 4600.0000 51
9800.0000 4525.0000 50
9700.0000 4525.0000 50
9700.0000 4425.0000 50
9800.0000 4425.0000 50
9800.0000 4325.0000 50
9700.0000 4275.0000 49
9600.0000 4175.0000 49
9700.0000 4125.0000 49
9800.0000 4175.0000 50
9875.0000 4275.0000 50
9975.0000 4275.0000 51
10075.0000 4175.0000 51
10275.0000 4175.0000 53
10375.0000 4175.0000 53
10575.0000 4175.0000 54
10675.0000 4275.0000 55
10775.0000 4275.0000 56
10850.0000 4325.0000 56
10850.0000 4425.0000 56
10850.0000 4525.0000 56
10775.0000 4575.0000 56
10675.0000 4575.0000 55
10875.0000 4775.0000 57
11025.0000 4775.0000 58
11175.0000 4725.0000 59
11050.0000 4675.0000 58
10950.0000 4500.0000 57
10950.0000 4400.0000 57
10950.0000 4275.0000 57
10850.0000 4175.0000 56
10950.0000 4125.0000 56
11050.0000 4175.0000 57
11225.0000 4325.0000 58
11375.0000 4325.0000 59
11325.0000 4425.0000 59
11325.0000 4575.0000 59
11325.0000 4675.0000 59
11325.0000 4775.0000 59
11325.0000 4925.0000 60
11450.0000 4925.0000 60
11450.0000 5075.0000 61
11422.0000 5204.0000 61
11425.0000 5325.0000 61
11325.0000 5275.0000 60
11325.0000 5375.0000 60
11175.0000 5375.0000 60
11175.0000 5275.0000 59
11125.0000 5175.0000 59
11100.0000 5025.0000 59
10975.0000 4975.0000 58
10925.0000 5075.0000 58
10950.0000 5175.0000 58
10900.0000 5275.0000 58
10900.0000 5375.0000 58
10800.0000 5175.0000 57
10525.0000 5175.0000 56
10325.0000 5175.0000 55
10325.0000 5025.0000 54
10425.0000 5075.0000 55
10475.0000 4975.0000 55
10325.0000 4875.0000 54
10175.0000 4975.0000 53
10225.0000 5075.0000 54
10125.0000 5175.0000 53
9975.0000 5175.0000 53
10050.0000 5250.0000 53
10050.0000 5350.0000 53
10025.0000 5450.0000 53
10175.0000 5450.0000 54
10325.0000 5450.0000 55
10475.0000 5450.0000 56
10575.0000 5450.0000 56
10675.0000 5450.0000 57
10525.0000 6025.0000 57
10525.0000 6125.0000 58
10675.0000 6125.0000 58
10825.0000 6025.0000 59
11025.0000 6050.0000 60
11224.0000 5908.0000 61
11400.0000 5975.0000 62
11400.0000 6375.0000 63
11400.0000 6575.0000 63
11175.0000 6575.0000 62
11025.0000 6450.0000 61
10975.0000 6675.0000 61
11075.0000 6775.0000 62
10975.0000 6875.0000 62
11175.0000 6975.0000 63
11375.0000 6975.0000 64
11325.0000 7075.0000 64
11400.0000 7150.0000 65
11125.0000 7150.0000 63
10975.0000 7150.0000 63
10875.0000 7325.0000 63
10925.0000 7425.0000 63
11075.0000 7425.0000 64
11175.0000 7475.0000 65
11075.0000 7575.0000 64
11175.0000 7625.0000 65
11175.0000 7725.0000 65
11025.0000 7725.0000 65
11025.0000 7825.0000 65
11175.0000 7825.0000 66
11325.0000 7875.0000 67
11425.0000 7925.0000 67
11425.0000 8075.0000 68
11325.0000 8075.0000 67
11275.0000 8175.0000 67
11425.0000 8225.0000 68
11425.0000 8375.0000 69
11275.0000 8325.0000 68
11175.0000 8325.0000 67
11075.0000 8225.0000 66
10975.0000 8225.0000 66
10925.0000 7975.0000 65
10775.0000 7825.0000 64
10825.0000 7600.0000 63
10725.0000 7575.0000 63
10775.0000 7425.0000 62
10675.0000 7425.0000 62
10525.0000 7425.0000 61
10525.0000 7575.0000 62
10450.0000 7750.0000 62
10300.0000 7750.0000 61
10425.0000 7875.0000 62
10525.0000 7925.0000 63
10575.0000 7825.0000 63
10625.0000 7975.0000 63
10725.0000 7975.0000 64
10725.0000 8075.0000 64
10625.0000 8125.0000 64
10525.0000 8075.0000 63
10425.0000 8025.0000 63
10425.0000 8125.0000 63
10250.0000 8225.0000 62
10150.0000 8225.0000 62
10225.0000 8125.0000 62
10275.0000 7975.0000 62
10125.0000 7975.0000 61
10000.0000 7875.0000 60
10000.0000 7775.0000 60
9825.0000 7825.0000 59
9625.0000 7725.0000 58
9475.0000 7725.0000 57
9425.0000 7625.0000 56
9575.0000 7625.0000 57
9625.0000 7475.0000 57
9725.0000 7575.0000 58
9825.0000 7475.0000 58
10025.0000 7525.0000 59
9975.0000 7425.0000 58
9925.0000 7275.0000 58
9825.0000 7075.0000 57
9625.0000 7075.0000 56
9725.0000 6975.0000 56
9875.0000 6775.0000 56
9725.0000 6775.0000 55
9575.0000 6825.0000 55
9575.0000 6675.0000 54
9725.0000 6425.0000 54
9625.0000 6200.0000 53
9725.0000 6025.0000 53
9625.0000 6000.0000 53
9225.0000 6375.0000 52
9225.0000 6525.0000 52
9375.0000 6525.0000 53
9375.0000 6675.0000 53
9225.0000 6675.0000 52
9225.0000 6875.0000 53
9225.0000 7075.0000 54
9226.0000 7259.0000 54
9225.0000 7260.0000 54
9226.0000 7409.0000 55
9225.0000 7410.0000 55
9225.0000 7560.0000 55
9226.0000 7560.0000 55
9225.0000 7710.0000 56
9225.0000 7711.0000 56
9325.0000 7825.0000 57
9225.0000 7875.0000 56
9225.0000 7975.0000 57
9225.0000 8075.0000 57
9225.0000 8175.0000 57
9225.0000 8275.0000 58
9225.0000 8375.0000 58
9225.0000 8475.0000 59
9275.0000 8825.0000 60
9475.0000 8825.0000 61
9578.0000 8820.0000 61
9847.0000 8703.0000 62
9875.0000 8825.0000 63
10025.0000 8725.0000 63
10075.0000 8825.0000 64
10175.0000 8725.0000 64
10100.0000 8575.0000 63
10250.0000 8375.0000 63
10250.0000 8475.0000 63
10250.0000 8625.0000 64
10475.0000 8775.0000 65
10575.0000 8775.0000 66
10675.0000 8775.0000 66
10775.0000 8775.0000 67
10925.0000 8775.0000 68
10875.0000 8625.0000 67
10875.0000 8525.0000 66
10975.0000 8575.0000 67
11175.0000 8475.0000 68
11275.0000 8425.0000 68
11350.0000 8575.0000 69
11450.0000 8675.0000 70
11350.0000 8775.0000 70
11325.0000 9325.0000 71
11325.0000 9425.0000 72
11325.0000 9525.0000 72
11325.0000 9725.0000 73
11325.0000 9825.0000 73
11125.0000 10075.0000 73
11375.0000 10075.0000 74
11375.0000 10275.0000 75
11400.0000 10375.0000 75
11400.0000 10475.0000 76
11400.0000 10625.0000 76
11400.0000 10775.0000 77
11300.0000 10975.0000 77
11125.0000 10975.0000 77
11125.0000 11075.0000 77
11025.0000 11125.0000 77
10925.0000 11125.0000 76
10925.0000 11025.0000 76
10550.0000 10875.0000 74
10550.0000 11075.0000 75
10275.0000 11325.0000 75
10375.0000 11325.0000 75
10575.0000 11325.0000 76
10675.0000 11425.0000 77
10775.0000 11425.0000 77
10850.0000 11475.0000 77
10850.0000 11575.0000 78
10850.0000 11675.0000 78
10775.0000 11725.0000 78
10675.0000 11725.0000 78
10875.0000 11925.0000 79
11025.0000 11925.0000 80
11175.0000 11875.0000 81
11050.0000 11825.0000 80
10950.0000 11650.0000 79
10950.0000 11550.0000 78
10950.0000 11425.0000 78
10850.0000 11325.0000 77
10950.0000 11275.0000 77
11050.0000 11325.0000 78
11225.0000 11475.0000 79
11375.0000 11475.0000 80
11325.0000 11575.0000 80
11325.0000 11725.0000 81
11325.0000 11825.0000 81
11325.0000 11925.0000 81
11325.0000 12075.0000 82
11450.0000 12075.0000 82
11450.0000 12225.0000 83
11422.0000 12354.0000 84
11425.0000 12475.0000 84
11325.0000 12425.0000 83
11325.0000 12525.0000 84
11175.0000 12525.0000 83
11175.0000 12425.0000 83
11125.0000 12325.0000 82
11100.0000 12175.0000 81
10975.0000 12125.0000 81
10925.0000 12225.0000 81
10950.0000 12325.0000 82
10900.0000 12425.0000 82
10900.0000 12525.0000 82
10800.0000 12325.0000 81
10525.0000 12325.0000 80
10425.0000 12225.0000 79
10475.0000 12125.0000 79
10325.0000 12025.0000 78
10175.0000 12125.0000 78
10225.0000 12225.0000 78
10325.0000 12175.0000 78
10325.0000 12325.0000 79
10125.0000 12325.0000 78
9975.0000 12325.0000 78
10050.0000 12400.0000 78
10050.0000 12500.0000 79
10025.0000 12600.0000 79
10175.0000 12600.0000 80
10325.0000 12600.0000 80
10475.0000 12600.0000 81
10575.0000 12600.0000 81
10675.0000 12600.0000 82
10525.0000 13175.0000 84
10525.0000 13275.0000 84
10675.0000 13275.0000 85
10825.0000 13175.0000 85
11025.0000 13200.0000 86
11224.0000 13058.0000 86
11400.0000 13125.0000 87
11400.0000 13525.0000 89
11400.0000 13725.0000 89
11175.0000 13725.0000 89
11025.0000 13600.0000 87
10975.0000 13825.0000 88
11075.0000 13925.0000 89
10975.0000 14025.0000 89
11175.0000 14125.0000 90
11375.0000 14125.0000 91
11325.0000 14225.0000 91
11400.0000 14300.0000 92
11125.0000 14300.0000 91
10975.0000 14300.0000 91
10875.0000 14475.0000 91
10925.0000 14575.0000 92
10825.0000 14750.0000 92
10725.0000 14725.0000 92
10775.0000 14575.0000 91
10675.0000 14575.0000 91
10525.0000 14575.0000 90
10525.0000 14725.0000 91
10450.0000 14900.0000 92
10300.0000 14900.0000 91
10425.0000 15025.0000 92
10425.0000 15175.0000 93
10425.0000 15275.0000 93
10525.0000 15225.0000 93
10625.0000 15275.0000 94
10725.0000 15225.0000 94
10725.0000 15125.0000 94
10625.0000 15125.0000 93
10525.0000 15075.0000 93
10575.0000 14975.0000 92
10775.0000 14975.0000 93
10925.0000 15125.0000 94
11025.0000 14975.0000 94
11025.0000 14875.0000 93
11075.0000 14725.0000 93
11075.0000 14575.0000 92
11175.0000 14625.0000 93
11175.0000 14775.0000 93
11175.0000 14875.0000 94
11175.0000 14975.0000 94
11325.0000 15025.0000 95
11425.0000 15075.0000 96
11425.0000 15225.0000 96
11325.0000 15225.0000 96
11275.0000 15325.0000 96
11425.0000 15375.0000 97
11425.0000 15525.0000 98
11350.0000 15725.0000 99
11450.0000 15825.0000 99
11350.0000 15925.0000 100
11175.0000 15625.0000 97
11275.0000 15575.0000 98
11275.0000 15475.0000 97
11175.0000 15475.0000 97
11075.0000 15375.0000 96
10975.0000 15375.0000 96
10875.0000 15675.0000 97
10975.0000 15725.0000 97
10875.0000 15775.0000 97
10925.0000 15925.0000 98
10775.0000 15925.0000 98
10675.0000 15925.0000 97
10575.0000 15925.0000 97
10475.0000 15925.0000 97
10250.0000 15775.0000 95
10175.0000 15875.0000 95
10075.0000 15975.0000 96
9875.0000 15975.0000 95
9847.0000 15853.0000 94
10025.0000 15875.0000 95
10100.0000 15725.0000 94
10250.0000 15625.0000 94
10250.0000 15525.0000 94
10250.0000 15375.0000 93
10150.0000 15375.0000 93
10225.0000 15275.0000 93
10275.0000 15125.0000 92
10125.0000 15125.0000 92
10000.0000 15025.0000 91
10000.0000 14925.0000 90
9825.0000 14975.0000 90
9625.0000 14875.0000 89
9475.0000 14875.0000 88
9425.0000 14775.0000 88
9575.0000 14775.0000 88
9625.0000 14625.0000 88
9725.0000 14725.0000 88
9825.0000 14625.0000 88
10025.0000 14675.0000 89
9975.0000 14575.0000 88
9925.0000 14425.0000 87
9825.0000 14225.0000 86
9625.0000 14225.0000 86
9725.0000 14125.0000 85
9875.0000 13925.0000 85
9725.0000 13925.0000 84
9575.0000 13975.0000 84
9575.0000 13825.0000 83
9725.0000 13575.0000 83
9625.0000 13350.0000 81
9725.0000 13175.0000 81
9625.0000 13150.0000 80
9225.0000 13525.0000 81
9225.0000 13675.0000 82
9375.0000 13675.0000 82
9375.0000 13825.0000 83
9225.0000 13825.0000 82
9225.0000 14025.0000 83
9225.0000 14225.0000 84
9226.0000 14409.0000 85
9225.0000 14410.0000 85
9226.0000 14559.0000 86
9225.0000 14560.0000 86
9225.0000 14710.0000 87
9226.0000 14710.0000 87
9225.0000 14860.0000 87
9225.0000 14861.0000 87
9325.0000 14975.0000 88
9225.0000 15025.0000 88
9225.0000 15125.0000 89
9225.0000 15225.0000 89
9225.0000 15325.0000 90
9225.0000 15425.0000 90
9225.0000 15525.0000 91
9225.0000 15625.0000 91
9578.0000 15970.0000 94
9475.0000 15975.0000 94
9275.0000 15975.0000 93
8900.0000 15825.0000 91
8800.0000 15925.0000 92
8800.0000 15725.0000 91
8725.0000 15575.0000 90
8625.0000 15625.0000 90
8425.0000 15725.0000 90
8325.0000 15675.0000 89
8325.0000 15775.0000 90
8375.0000 15925.0000 91
8225.0000 15925.0000 90
8125.0000 15925.0000 90
8025.0000 15925.0000 90
7925.0000 15925.0000 89
7700.0000 15775.0000 88
7700.0000 15625.0000 87
7700.0000 15525.0000 87
7550.0000 15725.0000 87
7625.0000 15875.0000 88
7525.0000 15975.0000 89
7475.0000 15875.0000 88
7325.0000 15975.0000 88
7297.0000 15853.0000 88
7028.0000 15970.0000 88
6925.0000 15975.0000 87
6725.0000 15975.0000 87
6675.0000 15625.0000 85
6675.0000 15525.0000 84
6675.0000 15425.0000 84
6675.0000 15325.0000 83
6675.0000 15225.0000 83
6675.0000 15125.0000 82
6675.0000 15025.0000 82
6775.0000 14975.0000 82
6675.0000 14861.0000 81
6675.0000 14860.0000 81
6676.0000 14710.0000 80
6675.0000 14710.0000 80
6675.0000 14560.0000 79
6676.0000 14559.0000 79
6675.0000 14410.0000 78
6676.0000 14409.0000 78
6675.0000 14225.0000 77
6675.0000 14025.0000 76
6675.0000 13825.0000 75
6825.0000 13825.0000 76
6825.0000 13675.0000 75
6675.0000 13675.0000 74
6675.0000 13525.0000 74
7075.0000 13150.0000 73
7175.0000 13175.0000 73
7075.0000 13350.0000 74
7175.0000 13575.0000 75
7025.0000 13825.0000 76
7025.0000 13975.0000 77
7175.0000 13925.0000 77
7325.0000 13925.0000 77
7175.0000 14125.0000 78
7075.0000 14225.0000 78
7275.0000 14225.0000 79
7375.0000 14425.0000 80
7425.0000 14575.0000 81
7475.0000 14675.0000 82
7275.0000 14625.0000 81
7175.0000 14725.0000 81
7075.0000 14625.0000 80
7025.0000 14775.0000 81
6875.0000 14775.0000 81
6925.0000 14875.0000 81
7075.0000 14875.0000 82
7275.0000 14975.0000 83
7450.0000 14925.0000 83
7450.0000 15025.0000 83
7575.0000 15125.0000 84
7725.0000 15125.0000 85
7675.0000 15275.0000 85
7600.0000 15375.0000 86
7700.0000 15375.0000 86
7875.0000 15275.0000 86
7875.0000 15175.0000 85
7975.0000 15225.0000 86
8075.0000 15275.0000 86
8175.0000 15225.0000 86
8175.0000 15125.0000 86
8075.0000 15125.0000 86
8025.0000 14975.0000 85
7975.0000 15075.0000 85
7875.0000 15025.0000 85
7750.0000 14900.0000 84
7900.0000 14900.0000 84
7975.0000 14725.0000 83
7975.0000 14575.0000 82
8125.0000 14575.0000 83
8225.0000 14575.0000 83
8175.0000 14725.0000 84
8275.0000 14750.0000 84
8225.0000 14975.0000 85
8375.0000 15125.0000 86
8425.0000 15375.0000 88
8525.0000 15375.0000 88
8625.0000 15475.0000 89
8725.0000 15475.0000 89
8875.0000 15525.0000 90
8875.0000 15375.0000 89
8725.0000 15325.0000 88
8775.0000 15225.0000 88
8875.0000 15225.0000 88
8875.0000 15075.0000 88
8775.0000 15025.0000 87
8625.0000 14975.0000 86
8475.0000 14975.0000 86
8475.0000 14875.0000 85
8625.0000 14875.0000 86
8625.0000 14775.0000 85
8525.0000 14725.0000 85
8625.0000 14625.0000 84
8525.0000 14575.0000 84
8375.0000 14575.0000 84
8325.0000 14475.0000 83
8425.0000 14300.0000 82
8575.0000 14300.0000 83
8850.0000 14300.0000 83
8775.0000 14225.0000 83
8825.0000 14125.0000 83
8625.0000 14125.0000 82
8425.0000 14025.0000 81
8525.0000 13925.0000 81
8425.0000 13825.0000 80
8475.0000 13600.0000 79
8625.0000 13725.0000 80
8850.0000 13725.0000 81
8850.0000 13525.0000 80
8850.0000 13125.0000 78
8674.0000 13058.0000 77
8475.0000 13200.0000 77
8275.0000 13175.0000 76
8125.0000 13275.0000 76
7975.0000 13275.0000 76
7975.0000 13175.0000 75
8125.0000 12600.0000 73
8025.0000 12600.0000 72
7925.0000 12600.0000 72
7775.0000 12600.0000 72
7625.0000 12600.0000 71
7475.0000 12600.0000 71
7500.0000 12500.0000 70
7500.0000 12400.0000 70
7425.0000 12325.0000 69
7575.0000 12325.0000 70
7675.0000 12225.0000 69
7625.0000 12125.0000 69
7775.0000 12025.0000 69
7925.0000 12125.0000 70
7875.0000 12225.0000 70
7775.0000 12175.0000 70
7775.0000 12325.0000 70
7975.0000 12325.0000 71
8250.0000 12325.0000 72
8350.0000 12525.0000 73
8350.0000 12425.0000 73
8400.0000 12325.0000 72
8375.0000 12225.0000 72
8425.0000 12125.0000 71
8550.0000 12175.0000 72
8575.0000 12325.0000 73
8625.0000 12425.0000 73
8625.0000 12525.0000 74
8775.0000 12525.0000 74
8775.0000 12425.0000 74
8875.0000 12475.0000 75
8872.0000 12354.0000 74
8900.0000 12225.0000 73
8900.0000 12075.0000 73
8775.0000 12075.0000 72
8775.0000 11925.0000 72
8775.0000 11825.0000 71
8775.0000 11725.0000 71
8775.0000 11575.0000 70
8825.0000 11475.0000 70
8675.0000 11475.0000 69
8500.0000 11325.0000 68
8400.0000 11275.0000 67
8300.0000 11325.0000 67
8400.0000 11425.0000 68
8400.0000 11550.0000 69
8400.0000 11650.0000 69
8500.0000 11825.0000 70
8625.0000 11875.0000 71
8475.0000 11925.0000 71
8325.0000 11925.0000 70
8125.0000 11725.0000 68
8225.0000 11725.0000 69
8300.0000 11675.0000 69
8300.0000 11575.0000 68
8300.0000 11475.0000 68
8225.0000 11425.0000 67
8125.0000 11425.0000 67
8025.0000 11325.0000 66
7825.0000 11325.0000 65
7725.0000 11325.0000 65
7525.0000 11325.0000 65
7425.0000 11425.0000 65
7325.0000 11425.0000 64
7250.0000 11325.0000 64
7150.0000 11275.0000 63
7050.0000 11325.0000 63
7150.0000 11425.0000 64
7250.0000 11475.0000 64
7250.0000 11575.0000 65
7150.0000 11575.0000 65
7150.0000 11675.0000 65
7250.0000 11675.0000 65
7325.0000 11750.0000 66
7425.0000 11750.0000 66
7225.0000 11925.0000 67
7075.0000 11925.0000 66
7050.0000 11825.0000 66
6975.0000 11925.0000 66
7025.0000 12075.0000 67
7125.0000 12125.0000 67
7175.0000 12225.0000 68
7025.0000 12225.0000 68
6925.0000 12175.0000 67
6925.0000 12425.0000 68
6925.0000 12575.0000 69
6925.0000 12675.0000 70
6925.0000 12825.0000 70
6665.0000 12760.0000 69
6665.0000 12610.0000 69
6665.0000 12460.0000 68
6665.0000 12310.0000 67
6665.0000 12160.0000 66
6665.0000 12010.0000 65
6825.0000 11925.0000 65
6665.0000 11860.0000 65
6665.0000 11710.0000 64
6775.0000 11650.0000 64
6850.0000 11700.0000 64
6850.0000 11600.0000 64
6775.0000 11525.0000 63
6825.0000 11425.0000 63
6725.0000 11425.0000 63
6275.0000 11475.0000 62
6225.0000 11575.0000 62
6125.0000 11475.0000 61
5950.0000 11325.0000 60
5850.0000 11425.0000 60
5750.0000 11325.0000 60
5850.0000 11275.0000 60
5825.0000 11125.0000 59
5825.0000 11025.0000 58
5925.0000 11125.0000 59
6025.0000 11075.0000 59
6025.0000 10975.0000 58
6200.0000 10975.0000 59
6300.0000 10775.0000 58
6300.0000 10625.0000 57
6300.0000 10475.0000 57
6300.0000 10375.0000 56
6275.0000 10275.0000 55
6700.0000 10425.0000 57
6700.0000 10525.0000 58
6700.0000 10625.0000 58
6700.0000 10725.0000 59
6700.0000 10850.0000 60
6725.0000 11050.0000 61
6875.0000 11025.0000 61
7000.0000 11025.0000 61
7075.0000 11125.0000 62
7175.0000 11125.0000 62
7175.0000 11025.0000 62
7550.0000 11075.0000 63
7550.0000 10875.0000 62
7550.0000 10475.0000 60
8000.0000 10475.0000 62
8000.0000 10875.0000 64
8000.0000 11075.0000 65
8375.0000 11025.0000 66
8375.0000 11125.0000 66
8475.0000 11125.0000 67
8575.0000 11075.0000 67
8575.0000 10975.0000 66
8750.0000 10975.0000 67
8850.0000 10775.0000 67
8850.0000 10625.0000 66
8850.0000 10475.0000 65
8850.0000 10375.0000 65
8825.0000 10275.0000 64
9250.0000 10425.0000 67
9250.0000 10525.0000 67
9250.0000 10625.0000 67
9250.0000 10725.0000 68
9250.0000 10850.0000 68
9275.0000 11050.0000 69
9425.0000 11025.0000 70
9550.0000 11025.0000 70
9625.0000 11125.0000 71
9725.0000 11025.0000 71
9725.0000 11125.0000 71
9700.0000 11275.0000 72
9800.0000 11325.0000 73
9700.0000 11425.0000 73
9600.0000 11325.0000 72
9375.0000 11425.0000 71
9275.0000 11425.0000 71
9325.0000 11525.0000 72
9400.0000 11600.0000 72
9400.0000 11700.0000 73
9325.0000 11650.0000 72
9215.0000 11710.0000 72
9215.0000 11860.0000 73
9375.0000 11925.0000 74
9215.0000 12010.0000 74
9215.0000 12160.0000 74
9215.0000 12310.0000 75
9215.0000 12460.0000 76
9215.0000 12610.0000 76
9215.0000 12760.0000 77
9475.0000 12825.0000 78
9475.0000 12675.0000 78
9475.0000 12575.0000 77
9475.0000 12425.0000 76
9475.0000 12175.0000 75
9575.0000 12225.0000 76
9725.0000 12225.0000 76
9675.0000 12125.0000 76
9575.0000 12075.0000 75
9525.0000 11925.0000 74
9600.0000 11825.0000 74
9625.0000 11925.0000 75
9775.0000 11925.0000 75
9975.0000 11750.0000 75
9875.0000 11750.0000 75
9800.0000 11675.0000 74
9700.0000 11675.0000 74
9700.0000 11575.0000 73
9800.0000 11575.0000 74
9800.0000 11475.0000 73
9875.0000 11425.0000 73
9975.0000 11425.0000 74
10075.0000 11325.0000 74
10100.0000 11075.0000 73
10100.0000 10875.0000 72
10100.0000 10475.0000 70
10550.0000 10475.0000 72
10848.0000 10075.0000 72
10575.0000 10075.0000 71
10437.0000 9801.0000 69
10435.0000 9702.0000 69
10435.0000 9601.0000 68
10436.0000 9502.0000 68
10436.0000 9399.0000 67
10436.0000 9298.0000 67
10175.0000 9325.0000 66
10175.0000 9425.0000 66
10175.0000 9525.0000 67
10175.0000 9725.0000 68
10175.0000 9825.0000 68
10075.0000 10075.0000 68
9800.0000 10075.0000 67
9525.0000 10075.0000 66
9375.0000 10125.0000 66
9290.0000 9806.0000 64
9289.0000 9706.0000 64
9289.0000 9606.0000 63
9290.0000 9505.0000 63
9290.0000 9406.0000 62
9289.0000 9306.0000 62
8775.0000 9325.0000 60
8775.0000 9425.0000 60
8775.0000 9525.0000 61
8775.0000 9725.0000 62
8775.0000 9825.0000 62
8825.0000 10075.0000 63
8575.0000 10075.0000 62
8298.0000 10075.0000 61
8025.0000 10075.0000 60
7887.0000 9801.0000 59
7885.0000 9702.0000 58
7885.0000 9601.0000 58
7886.0000 9502.0000 57
7886.0000 9399.0000 57
7886.0000 9298.0000 56
7625.0000 9325.0000 55
7625.0000 9425.0000 56
7625.0000 9525.0000 56
7625.0000 9725.0000 57
7625.0000 9825.0000 58
7525.0000 10075.0000 58
7250.0000 10075.0000 58
6975.0000 10075.0000 57
6825.0000 10125.0000 56
6740.0000 9806.0000 55
6739.0000 9706.0000 54
6739.0000 9606.0000 54
6740.0000 9505.0000 53
6740.0000 9406.0000 53
6739.0000 9306.0000 52
7028.0000 8820.0000 51
6925.0000 8825.0000 51
6725.0000 8825.0000 50
6675.0000 8475.0000 48
6675.0000 8375.0000 48
6675.0000 8275.0000 47
6675.0000 8175.0000 47
6675.0000 8075.0000 46
6675.0000 7975.0000 46
6675.0000 7875.0000 45
6775.0000 7825.0000 45
6675.0000 7711.0000 45
6675.0000 7710.0000 45
6676.0000 7560.0000 44
6675.0000 7560.0000 44
6675.0000 7410.0000 43
6676.0000 7409.0000 43
6675.0000 7260.0000 43
6676.0000 7259.0000 43
6675.0000 7075.0000 42
6675.0000 6875.0000 41
6675.0000 6675.0000 40
6825.0000 6675.0000 41
6825.0000 6525.0000 40
6675.0000 6525.0000 40
6675.0000 6375.0000 39
7075.0000 6000.0000 40
7175.0000 6025.0000 40
7075.0000 6200.0000 40
7175.0000 6425.0000 42
7025.0000 6675.0000 42
7025.0000 6825.0000 42
7175.0000 6775.0000 43
7325.0000 6775.0000 44
7175.0000 6975.0000 44
7075.0000 7075.0000 44
7275.0000 7075.0000 44
7375.0000 7275.0000 46
7425.0000 7425.0000 46
7475.0000 7525.0000 47
7275.0000 7475.0000 46
7175.0000 7575.0000 46
7075.0000 7475.0000 45
7025.0000 7625.0000 46
6875.0000 7625.0000 45
6925.0000 7725.0000 46
7075.0000 7725.0000 46
7275.0000 7825.0000 47
7450.0000 7775.0000 48
7450.0000 7875.0000 48
7575.0000 7975.0000 49
7725.0000 7975.0000 50
7675.0000 8125.0000 50
7600.0000 8225.0000 50
7700.0000 8225.0000 51
7700.0000 8375.0000 52
7700.0000 8475.0000 52
7550.0000 8575.0000 52
7475.0000 8725.0000 52
7297.0000 8703.0000 51
7325.0000 8825.0000 52
7525.0000 8825.0000 53
7625.0000 8725.0000 53
7700.0000 8625.0000 53
7925.0000 8775.0000 54
8025.0000 8775.0000 55
8125.0000 8775.0000 55
8225.0000 8775.0000 55
8375.0000 8775.0000 56
8325.0000 8625.0000 55
8425.0000 8575.0000 55
8325.0000 8525.0000 55
8425.0000 8225.0000 54
8525.0000 8225.0000 54
8625.0000 8325.0000 55
8725.0000 8325.0000 56
8725.0000 8425.0000 56
8625.0000 8475.0000 56
8800.0000 8775.0000 58
8900.0000 8675.0000 58
8800.0000 8575.0000 57
8875.0000 8375.0000 57
8875.0000 8225.0000 56
8725.0000 8175.0000 55
8775.0000 8075.0000 55
8875.0000 8075.0000 55
8875.0000 7925.0000 55
8775.0000 7875.0000 54
8625.0000 7825.0000 53
8625.0000 7725.0000 53
8625.0000 7625.0000 53
8625.0000 7475.0000 52
8525.0000 7425.0000 51
8525.0000 7575.0000 52
8475.0000 7725.0000 52
8475.0000 7825.0000 53
8375.0000 7975.0000 53
8225.0000 7825.0000 52
8025.0000 7825.0000 51
7975.0000 7925.0000 51
8075.0000 7975.0000 51
8175.0000 7975.0000 52
8175.0000 8075.0000 52
8075.0000 8125.0000 52
7975.0000 8075.0000 51
7875.0000 8125.0000 51
7875.0000 8025.0000 51
7875.0000 7875.0000 50
7750.0000 7750.0000 49
7900.0000 7750.0000 50
7975.0000 7575.0000 49
7975.0000 7425.0000 49
8125.0000 7425.0000 50
8225.0000 7425.0000 50
8175.0000 7575.0000 50
8275.0000 7600.0000 51
8375.0000 7425.0000 51
8325.0000 7325.0000 50
8425.0000 7150.0000 50
8575.0000 7150.0000 51
8850.0000 7150.0000 52
8775.0000 7075.0000 51
8825.0000 6975.0000 51
8625.0000 6975.0000 50
8425.0000 6875.0000 49
8525.0000 6775.0000 49
8425.0000 6675.0000 48
8475.0000 6450.0000 48
8625.0000 6575.0000 49
8850.0000 6575.0000 50
8850.0000 6375.0000 50
8850.0000 5975.0000 48
8674.0000 5908.0000 47
8475.0000 6050.0000 47
8275.0000 6025.0000 46
8125.0000 6125.0000 45
7975.0000 6125.0000 44
7975.0000 6025.0000 44
8125.0000 5450.0000 43
8025.0000 5450.0000 43
7925.0000 5450.0000 42
7775.0000 5450.0000 41
7625.0000 5450.0000 41
7475.0000 5450.0000 40
7500.0000 5350.0000 40
7500.0000 5250.0000 39
7425.0000 5175.0000 39
7575.0000 5175.0000 40
7675.0000 5075.0000 40
7625.0000 4975.0000 39
7775.0000 4875.0000 40
7925.0000 4975.0000 41
7875.0000 5075.0000 41
7775.0000 5025.0000 40
7775.0000 5175.0000 41
7975.0000 5175.0000 42
8250.0000 5175.0000 43
8350.0000 5375.0000 44
8350.0000 5275.0000 44
8400.0000 5175.0000 44
8375.0000 5075.0000 44
8425.0000 4975.0000 44
8550.0000 5025.0000 44
8575.0000 5175.0000 45
8625.0000 5275.0000 45
8625.0000 5375.0000 46
8775.0000 5375.0000 46
8775.0000 5275.0000 46
8875.0000 5325.0000 47
8872.0000 5204.0000 47
8900.0000 5075.0000 46
8900.0000 4925.0000 46
8775.0000 4925.0000 45
8775.0000 4775.0000 45
8775.0000 4675.0000 45
8775.0000 4575.0000 45
8625.0000 4725.0000 44
8500.0000 4675.0000 43
8475.0000 4775.0000 44
8325.0000 4775.0000 43
8125.0000 4575.0000 41
8225.0000 4575.0000 42
8300.0000 4525.0000 42
8400.0000 4500.0000 43
8400.0000 4400.0000 42
8300.0000 4425.0000 42
8300.0000 4325.0000 42
8225.0000 4275.0000 41
8125.0000 4275.0000 41
8025.0000 4175.0000 40
8000.0000 3925.0000 39
8000.0000 3725.0000 39
8000.0000 3325.0000 39
7550.0000 3325.0000 36
7550.0000 3725.0000 36
7550.0000 3925.0000 37
7825.0000 4175.0000 39
7725.0000 4175.0000 38
7525.0000 4175.0000 37
7425.0000 4275.0000 37
7325.0000 4275.0000 36
7250.0000 4325.0000 36
7250.0000 4425.0000 36
7150.0000 4425.0000 36
7150.0000 4525.0000 36
7250.0000 4525.0000 36
7325.0000 4600.0000 37
7425.0000 4600.0000 37
7225.0000 4775.0000 37
7075.0000 4775.0000 36
7050.0000 4675.0000 36
6975.0000 4775.0000 35
7025.0000 4925.0000 36
7125.0000 4975.0000 37
7175.0000 5075.0000 37
7025.0000 5075.0000 36
6925.0000 5025.0000 36
6925.0000 5275.0000 37
6925.0000 5425.0000 37
6925.0000 5525.0000 37
6925.0000 5675.0000 38
6665.0000 5610.0000 36
6665.0000 5460.0000 36
6665.0000 5310.0000 35
6665.0000 5160.0000 35
6665.0000 5010.0000 34
6665.0000 4860.0000 34
6825.0000 4775.0000 35
6665.0000 4710.0000 34
6665.0000 4560.0000 33
6775.0000 4500.0000 34
6850.0000 4550.0000 34
6850.0000 4450.0000 34
6775.0000 4375.0000 33
6725.0000 4275.0000 33
6825.0000 4275.0000 33
7050.0000 4175.0000 34
7150.0000 4275.0000 35
7250.0000 4175.0000 36
7150.0000 4125.0000 35
7175.0000 3975.0000 35
7175.0000 3875.0000 35
7075.0000 3975.0000 34
7000.0000 3875.0000 34
6875.0000 3875.0000 33
6725.0000 3900.0000 32
6700.0000 3700.0000 32
6700.0000 3575.0000 31
6700.0000 3475.0000 31
6700.0000 3375.0000 31
6700.0000 3275.0000 31
6275.0000 3125.0000 28
6300.0000 3225.0000 29
6300.0000 3325.0000 29
6300.0000 3475.0000 29
6300.0000 3625.0000 29
6200.0000 3825.0000 29
6025.0000 3825.0000 28
6025.0000 3925.0000 28
5925.0000 3975.0000 28
5825.0000 3975.0000 27
5825.0000 3875.0000 27
5450.0000 3925.0000 25
5450.0000 3725.0000 25
5450.0000 3325.0000 24
5000.0000 3325.0000 21
5000.0000 3725.0000 22
5000.0000 3925.0000 23
4625.0000 3875.0000 21
4625.0000 3975.0000 21
4525.0000 3975.0000 21
4450.0000 3875.0000 20
4325.0000 3875.0000 19
4175.0000 3900.0000 19
4150.0000 3700.0000 18
4150.0000 3575.0000 17
4150.0000 3475.0000 17
4150.0000 3375.0000 17
4150.0000 3275.0000 17
3725.0000 3125.0000 14
3750.0000 3225.0000 14
3750.0000 3325.0000 15
3750.0000 3475.0000 15
3750.0000 3625.0000 16
3650.0000 3825.0000 16
3475.0000 3825.0000 15
3475.0000 3925.0000 15
3375.0000 3975.0000 15
3275.0000 3875.0000 14
3275.0000 3975.0000 15
3300.0000 4125.0000 16
3200.0000 4175.0000 15
3300.0000 4275.0000 16
3400.0000 4175.0000 16
3575.0000 4325.0000 18
3675.0000 4425.0000 18
3725.0000 4325.0000 18
4175.0000 4275.0000 20
4275.0000 4275.0000 20
4225.0000 4375.0000 21
4300.0000 4450.0000 21
4300.0000 4550.0000 22
4225.0000 4500.0000 21
4115.0000 4560.0000 21
4115.0000 4710.0000 21
4275.0000 4775.0000 22
4115.0000 4860.0000 22
4115.0000 5010.0000 23
4115.0000 5160.0000 23
4115.0000 5310.0000 24
4115.0000 5460.0000 25
4115.0000 5610.0000 25
4375.0000 5675.0000 27
4375.0000 5525.0000 26
4375.0000 5425.0000 26
4375.0000 5275.0000 25
4375.0000 5025.0000 24
4475.0000 5075.0000 24
4625.0000 5075.0000 25
4575.0000 4975.0000 24
4475.0000 4925.0000 24
4425.0000 4775.0000 23
4500.0000 4675.0000 23
4525.0000 4775.0000 23
4675.0000 4775.0000 24
4875.0000 4600.0000 24
4775.0000 4600.0000 24
4700.0000 4525.0000 23
4600.0000 4525.0000 23
4600.0000 4425.0000 22
4700.0000 4425.0000 23
4700.0000 4325.0000 23
4600.0000 4275.0000 22
4500.0000 4175.0000 21
4600.0000 4125.0000 21
4700.0000 4175.0000 22
4775.0000 4275.0000 23
4875.0000 4275.0000 23
4975.0000 4175.0000 23
5175.0000 4175.0000 24
5275.0000 4175.0000 25
5475.0000 4175.0000 26
5575.0000 4275.0000 27
5675.0000 4275.0000 27
5750.0000 4325.0000 28
5750.0000 4425.0000 28
5750.0000 4525.0000 28
5675.0000 4575.0000 28
5575.0000 4575.0000 28
5775.0000 4775.0000 29
5925.0000 4775.0000 30
6075.0000 4725.0000 31
5950.0000 4675.0000 30
5850.0000 4500.0000 29
5850.0000 4400.0000 29
5850.0000 4275.0000 28
5750.0000 4175.0000 27
5850.0000 4125.0000 28
5950.0000 4175.0000 28
6125.0000 4325.0000 30
6275.0000 4325.0000 31
6225.0000 4425.0000 31
6225.0000 4575.0000 31
6225.0000 4675.0000 31
6225.0000 4775.0000 32
6225.0000 4925.0000 32
6350.0000 4925.0000 33
6350.0000 5075.0000 33
6322.0000 5204.0000 33
6325.0000 5325.0000 34
6225.0000 5275.0000 33
6225.0000 5375.0000 33
6075.0000 5375.0000 33
6075.0000 5275.0000 32
6025.0000 5175.0000 32
6000.0000 5025.0000 31
5875.0000 4975.0000 30
5825.0000 5075.0000 30
5850.0000 5175.0000 31
5800.0000 5275.0000 31
5800.0000 5375.0000 31
5700.0000 5175.0000 30
5425.0000 5175.0000 29
5325.0000 5075.0000 28
5375.0000 4975.0000 28
5225.0000 4875.0000 27
5075.0000 4975.0000 27
5125.0000 5075.0000 27
5225.0000 5025.0000 27
5225.0000 5175.0000 28
5025.0000 5175.0000 27
4875.0000 5175.0000 27
4950.0000 5250.0000 27
4950.0000 5350.0000 28
4925.0000 5450.0000 28
5075.0000 5450.0000 28
5225.0000 5450.0000 29
5375.0000 5450.0000 30
5475.0000 5450.0000 30
5575.0000 5450.0000 31
5425.0000 6025.0000 32
5425.0000 6125.0000 33
5575.0000 6125.0000 33
5725.0000 6025.0000 34
5925.0000 6050.0000 35
6124.0000 5908.0000 35
6300.0000 5975.0000 36
6300.0000 6375.0000 37
6300.0000 6575.0000 38
6075.0000 6575.0000 37
5925.0000 6450.0000 36
5875.0000 6675.0000 37
5975.0000 6775.0000 38
5875.0000 6875.0000 38
6075.0000 6975.0000 39
6275.0000 6975.0000 40
6225.0000 7075.0000 40
6300.0000 7150.0000 41
6025.0000 7150.0000 40
5875.0000 7150.0000 39
5775.0000 7325.0000 39
5825.0000 7425.0000 40
5975.0000 7425.0000 41
6075.0000 7475.0000 41
5975.0000 7575.0000 41
6075.0000 7625.0000 42
6075.0000 7725.0000 42
5925.0000 7725.0000 42
5925.0000 7825.0000 42
6075.0000 7825.0000 43
6225.0000 7875.0000 44
6325.0000 7925.0000 44
6325.0000 8075.0000 45
6225.0000 8075.0000 44
6175.0000 8175.0000 45
6325.0000 8225.0000 46
6325.0000 8375.0000 46
6175.0000 8325.0000 45
6075.0000 8325.0000 45
5975.0000 8225.0000 44
5875.0000 8225.0000 44
5825.0000 7975.0000 43
5675.0000 7825.0000 41
5725.0000 7600.0000 40
5625.0000 7575.0000 40
5675.0000 7425.0000 39
5575.0000 7425.0000 39
5425.0000 7425.0000 39
5425.0000 7575.0000 39
5350.0000 7750.0000 40
5200.0000 7750.0000 39
5325.0000 7875.0000 40
5475.0000 7825.0000 41
5425.0000 7925.0000 41
5525.0000 7975.0000 42
5625.0000 7975.0000 42
5625.0000 8075.0000 42
5525.0000 8125.0000 42
5425.0000 8075.0000 42
5325.0000 8025.0000 41
5325.0000 8125.0000 42
5150.0000 8225.0000 42
5050.0000 8225.0000 41
5125.0000 8125.0000 41
5175.0000 7975.0000 41
5025.0000 7975.0000 40
4900.0000 7875.0000 39
4900.0000 7775.0000 39
4725.0000 7825.0000 38
4525.0000 7725.0000 37
4375.0000 7725.0000 37
4325.0000 7625.0000 36
4475.0000 7625.0000 37
4525.0000 7475.0000 36
4625.0000 7575.0000 37
4725.0000 7475.0000 37
4925.0000 7525.0000 37
4875.0000 7425.0000 37
4825.0000 7275.0000 36
4725.0000 7075.0000 35
4525.0000 7075.0000 34
4625.0000 6975.0000 34
4775.0000 6775.0000 33
4625.0000 6775.0000 33
4475.0000 6825.0000 33
4475.0000 6675.0000 32
4625.0000 6425.0000 31
4525.0000 6200.0000 30
4625.0000 6025.0000 29
4525.0000 6000.0000 29
4125.0000 6375.0000 29
4125.0000 6525.0000 30
4275.0000 6525.0000 30
4275.0000 6675.0000 31
4125.0000 6675.0000 31
4125.0000 6875.0000 32
4125.0000 7075.0000 33
4126.0000 7259.0000 34
4125.0000 7260.0000 34
4126.0000 7409.0000 35
4125.0000 7410.0000 35
4125.0000 7560.0000 35
4126.0000 7560.0000 35
4125.0000 7710.0000 36
4125.0000 7711.0000 36
4225.0000 7825.0000 37
4125.0000 7875.0000 37
4125.0000 7975.0000 38
4125.0000 8075.0000 38
4125.0000 8175.0000 39
4125.0000 8275.0000 39
4125.0000 8375.0000 40
4125.0000 8475.0000 40
4175.0000 8825.0000 42
4375.0000 8825.0000 43
4478.0000 8820.0000 43
4747.0000 8703.0000 43
4775.0000 8825.0000 44
4925.0000 8725.0000 44
4975.0000 8825.0000 44
5075.0000 8725.0000 44
5000.0000 8575.0000 43
5150.0000 8375.0000 42
5150.0000 8475.0000 43
5150.0000 8625.0000 44
5375.0000 8775.0000 45
5475.0000 8775.0000 45
5575.0000 8775.0000 46
5675.0000 8775.0000 46
5825.0000 8775.0000 47
5775.0000 8625.0000 46
5775.0000 8525.0000 45
5875.0000 8575.0000 46
6075.0000 8475.0000 46
6175.0000 8425.0000 46
6250.0000 8575.0000 47
6350.0000 8675.0000 48
6250.0000 8775.0000 48
6225.0000 9325.0000 51
6225.0000 9425.0000 51
6225.0000 9525.0000 51
6225.0000 9725.0000 53
6225.0000 9825.0000 53
6275.0000 10075.0000 54
6025.0000 10075.0000 54
5748.0000 10075.0000 53
5475.0000 10075.0000 52
5337.0000 9801.0000 50
5335.0000 9702.0000 50
5335.0000 9601.0000 49
5336.0000 9502.0000 49
5336.0000 9399.0000 48
5336.0000 9298.0000 48
5075.0000 9325.0000 47
5075.0000 9425.0000 48
5075.0000 9525.0000 48
5075.0000 9725.0000 49
5075.0000 9825.0000 50
4975.0000 10075.0000 51
4700.0000 10075.0000 50
4425.0000 10075.0000 50
4275.0000 10125.0000 50
4190.0000 9806.0000 48
4189.0000 9706.0000 47
4189.0000 9606.0000 47
4190.0000 9505.0000 46
4190.0000 9406.0000 46
4189.0000 9306.0000 45
3675.0000 9325.0000 44
3675.0000 9425.0000 45
3675.0000 9525.0000 45
3675.0000 9725.0000 47
3675.0000 9825.0000 47
3725.0000 10075.0000 49
3475.0000 10075.0000 48
3198.0000 10075.0000 48
2925.0000 10075.0000 48
2787.0000 9801.0000 46
2785.0000 9702.0000 45
2785.0000 9601.0000 45
2786.0000 9502.0000 44
2786.0000 9399.0000 44
2786.0000 9298.0000 43
2525.0000 9325.0000 43
2525.0000 9425.0000 44
2525.0000 9525.0000 44
2525.0000 9725.0000 45
2525.0000 9825.0000 46
2425.0000 10075.0000 47
2150.0000 10075.0000 47
2450.0000 10475.0000 50
2900.0000 10475.0000 50
2900.0000 10875.0000 52
2900.0000 11075.0000 53
3275.0000 11025.0000 53
3275.0000 11125.0000 54
3375.0000 11125.0000 54
3475.0000 11075.0000 54
3475.0000 10975.0000 53
3650.0000 10975.0000 54
3750.0000 10775.0000 53
3750.0000 10625.0000 52
3750.0000 10475.0000 51
3750.0000 10375.0000 50
3725.0000 10275.0000 50
4150.0000 10425.0000 51
4150.0000 10525.0000 52
4150.0000 10625.0000 52
4150.0000 10725.0000 53
4150.0000 10850.0000 54
4175.0000 11050.0000 55
4325.0000 11025.0000 55
4450.0000 11025.0000 55
4525.0000 11125.0000 56
4625.0000 11025.0000 55
4625.0000 11125.0000 56
4600.0000 11275.0000 57
4700.0000 11325.0000 57
4600.0000 11425.0000 58
4500.0000 11325.0000 57
4275.0000 11425.0000 57
4175.0000 11425.0000 57
4225.0000 11525.0000 58
4300.0000 11600.0000 58
4300.0000 11700.0000 59
4225.0000 11650.0000 58
4115.0000 11710.0000 58
4115.0000 11860.0000 59
4275.0000 11925.0000 60
4115.0000 12010.0000 60
4115.0000 12160.0000 61
4115.0000 12310.0000 62
4115.0000 12460.0000 63
4115.0000 12610.0000 64
4115.0000 12760.0000 64
4375.0000 12825.0000 65
4375.0000 12675.0000 64
4375.0000 12575.0000 64
4375.0000 12425.0000 63
4375.0000 12175.0000 62
4475.0000 12225.0000 62
4625.0000 12225.0000 62
4575.0000 12125.0000 62
4475.0000 12075.0000 61
4425.0000 11925.0000 60
4500.0000 11825.0000 60
4525.0000 11925.0000 60
4675.0000 11925.0000 61
4875.0000 11750.0000 60
4775.0000 11750.0000 60
4700.0000 11675.0000 59
4600.0000 11675.0000 59
4600.0000 11575.0000 59
4700.0000 11575.0000 59
4700.0000 11475.0000 58
4775.0000 11425.0000 58
4875.0000 11425.0000 58
4975.0000 11325.0000 58
5175.0000 11325.0000 58
5275.0000 11325.0000 58
5000.0000 11075.0000 57
5000.0000 10875.0000 55
5000.0000 10475.0000 53
5450.0000 10475.0000 54
5450.0000 10875.0000 56
5450.0000 11075.0000 57
5475.0000 11325.0000 59
5575.0000 11425.0000 60
5675.0000 11425.0000 60
5750.0000 11475.0000 60
5750.0000 11575.0000 61
5850.0000 11550.0000 61
5850.0000 11650.0000 62
5750.0000 11675.0000 61
5675.0000 11725.0000 62
5575.0000 11725.0000 61
5775.0000 11925.0000 63
5925.0000 11925.0000 63
5950.0000 11825.0000 63
6075.0000 11875.0000 63
6225.0000 11725.0000 63
6225.0000 11825.0000 63
6225.0000 11925.0000 64
6225.0000 12075.0000 65
6350.0000 12075.0000 65
6350.0000 12225.0000 66
6322.0000 12354.0000 66
6325.0000 12475.0000 67
6225.0000 12425.0000 67
6225.0000 12525.0000 67
6075.0000 12525.0000 67
6075.0000 12425.0000 66
6025.0000 12325.0000 66
6000.0000 12175.0000 65
5875.0000 12125.0000 64
5825.0000 12225.0000 65
5850.0000 12325.0000 65
5800.0000 12425.0000 66
5800.0000 12525.0000 66
5700.0000 12325.0000 65
5425.0000 12325.0000 64
5325.0000 12225.0000 63
5375.0000 12125.0000 63
5225.0000 12025.0000 62
5075.0000 12125.0000 62
5125.0000 12225.0000 63
5225.0000 12175.0000 63
5225.0000 12325.0000 64
5025.0000 12325.0000 63
4875.0000 12325.0000 63
4950.0000 12400.0000 64
4950.0000 12500.0000 64
4925.0000 12600.0000 65
5075.0000 12600.0000 65
5225.0000 12600.0000 65
5375.0000 12600.0000 66
5475.0000 12600.0000 66
5575.0000 12600.0000 66
5425.0000 13175.0000 69
5425.0000 13275.0000 70
5575.0000 13275.0000 70
5725.0000 13175.0000 70
5925.0000 13200.0000 70
6124.0000 13058.0000 70
6300.0000 13125.0000 71
6300.0000 13525.0000 73
6300.0000 13725.0000 74
6075.0000 13725.0000 73
5925.0000 13600.0000 72
5875.0000 13825.0000 73
5975.0000 13925.0000 74
5875.0000 14025.0000 75
6075.0000 14125.0000 76
6275.0000 14125.0000 76
6225.0000 14225.0000 76
6300.0000 14300.0000 77
6025.0000 14300.0000 76
5875.0000 14300.0000 76
5775.0000 14475.0000 77
5825.0000 14575.0000 78
5725.0000 14750.0000 78
5625.0000 14725.0000 78
5675.0000 14575.0000 77
5575.0000 14575.0000 77
5425.0000 14575.0000 77
5425.0000 14725.0000 78
5350.0000 14900.0000 78
5200.0000 14900.0000 78
5325.0000 15025.0000 79
5325.0000 15175.0000 80
5325.0000 15275.0000 81
5425.0000 15225.0000 80
5525.0000 15275.0000 81
5625.0000 15225.0000 81
5625.0000 15125.0000 80
5525.0000 15125.0000 80
5425.0000 15075.0000 80
5475.0000 14975.0000 79
5675.0000 14975.0000 79
5825.0000 15125.0000 81
5925.0000 14975.0000 80
5925.0000 14875.0000 79
5975.0000 14725.0000 79
5975.0000 14575.0000 78
6075.0000 14625.0000 78
6075.0000 14775.0000 79
6075.0000 14875.0000 80
6075.0000 14975.0000 80
6225.0000 15025.0000 81
6325.0000 15075.0000 81
6325.0000 15225.0000 82
6225.0000 15225.0000 82
6175.0000 15325.0000 82
6325.0000 15375.0000 83
6325.0000 15525.0000 84
6250.0000 15725.0000 85
6350.0000 15825.0000 85
6250.0000 15925.0000 86
6075.0000 15625.0000 84
6175.0000 15575.0000 84
6175.0000 15475.0000 83
6075.0000 15475.0000 83
5975.0000 15375.0000 82
5875.0000 15375.0000 82
5775.0000 15675.0000 84
5875.0000 15725.0000 84
5775.0000 15775.0000 84
5825.0000 15925.0000 85
5675.0000 15925.0000 85
5575.0000 15925.0000 85
5475.0000 15925.0000 84
5375.0000 15925.0000 84
5150.0000 15775.0000 83
5075.0000 15875.0000 84
4975.0000 15975.0000 84
4775.0000 15975.0000 84
4747.0000 15853.0000 83
4925.0000 15875.0000 83
5000.0000 15725.0000 83
5150.0000 15625.0000 82
5150.0000 15525.0000 82
5150.0000 15375.0000 81
5050.0000 15375.0000 81
5125.0000 15275.0000 80
5175.0000 15125.0000 79
5025.0000 15125.0000 79
4900.0000 15025.0000 79
4900.0000 14925.0000 78
4725.0000 14975.0000 78
4525.0000 14875.0000 77
4375.0000 14875.0000 77
4325.0000 14775.0000 76
4475.0000 14775.0000 76
4525.0000 14625.0000 76
4625.0000 14725.0000 76
4725.0000 14625.0000 76
4925.0000 14675.0000 77
4875.0000 14575.0000 76
4825.0000 14425.0000 75
4725.0000 14225.0000 74
4525.0000 14225.0000 73
4625.0000 14125.0000 73
4775.0000 13925.0000 72
4625.0000 13925.0000 72
4475.0000 13975.0000 72
4475.0000 13825.0000 71
4625.0000 13575.0000 70
4525.0000 13350.0000 68
4625.0000 13175.0000 68
4525.0000 13150.0000 67
4125.0000 13525.0000 69
4125.0000 13675.0000 70
4275.0000 13675.0000 70
4275.0000 13825.0000 71
4125.0000 13825.0000 71
4125.0000 14025.0000 72
4125.0000 14225.0000 73
4126.0000 14409.0000 74
4125.0000 14410.0000 74
4126.0000 14559.0000 75
4125.0000 14560.0000 75
4125.0000 14710.0000 76
4126.0000 14710.0000 76
4125.0000 14860.0000 77
4125.0000 14861.0000 77
4225.0000 14975.0000 77
4125.0000 15025.0000 78
4125.0000 15125.0000 78
4125.0000 15225.0000 79
4125.0000 15325.0000 79
4125.0000 15425.0000 80
4125.0000 15525.0000 80
4125.0000 15625.0000 81
4478.0000 15970.0000 83
4375.0000 15975.0000 83
4175.0000 15975.0000 83
3800.0000 15825.0000 82
3700.0000 15925.0000 82
3700.0000 15725.0000 81
3625.0000 15575.0000 80
3525.0000 15625.0000 80
3325.0000 15725.0000 81
3225.0000 15675.0000 80
3225.0000 15775.0000 81
3275.0000 15925.0000 82
3125.0000 15925.0000 82
3025.0000 15925.0000 82
2925.0000 15925.0000 82
2825.0000 15925.0000 82
2600.0000 15775.0000 81
2600.0000 15625.0000 80
2600.0000 15525.0000 79
2450.0000 15725.0000 80
2525.0000 15875.0000 81
2425.0000 15975.0000 82
2375.0000 15875.0000 81
2225.0000 15975.0000 82
2197.0000 15853.0000 81
1928.0000 15970.0000 82
1825.0000 15975.0000 82
1625.0000 15975.0000 82
1575.0000 15625.0000 80
1575.0000 15525.0000 79
1575.0000 15425.0000 78
1575.0000 15325.0000 78
1575.0000 15225.0000 77
1575.0000 15125.0000 77
1575.0000 15025.0000 76
1675.0000 14975.0000 76
1575.0000 14861.0000 75
1575.0000 14860.0000 75
1575.0000 14710.0000 74
1576.0000 14710.0000 74
1575.0000 14560.0000 73
1576.0000 14559.0000 73
1575.0000 14410.0000 73
1576.0000 14409.0000 72
1575.0000 14225.0000 71
1575.0000 14025.0000 70
1575.0000 13825.0000 69
1725.0000 13825.0000 69
1725.0000 13675.0000 68
1575.0000 13675.0000 68
1575.0000 13525.0000 67
1975.0000 13150.0000 65
2075.0000 13175.0000 65
1975.0000 13350.0000 66
2075.0000 13575.0000 68
1925.0000 13825.0000 69
1925.0000 13975.0000 70
2075.0000 13925.0000 70
2225.0000 13925.0000 70
2075.0000 14125.0000 71
1975.0000 14225.0000 71
2175.0000 14225.0000 71
2275.0000 14425.0000 73
2325.0000 14575.0000 74
2375.0000 14675.0000 74
2175.0000 14625.0000 74
2075.0000 14725.0000 74
1975.0000 14625.0000 74
1925.0000 14775.0000 75
1775.0000 14775.0000 75
1825.0000 14875.0000 75
1975.0000 14875.0000 75
2175.0000 14975.0000 76
2350.0000 14925.0000 76
2350.0000 15025.0000 76
2475.0000 15125.0000 77
2625.0000 15125.0000 77
2575.0000 15275.0000 78
2500.0000 15375.0000 78
2600.0000 15375.0000 78
2775.0000 15275.0000 78
2775.0000 15175.0000 77
2875.0000 15225.0000 78
2975.0000 15275.0000 78
3075.0000 15225.0000 78
3075.0000 15125.0000 77
2975.0000 15125.0000 77
2925.0000 14975.0000 76
2875.0000 15075.0000 77
2775.0000 15025.0000 76
2650.0000 14900.0000 76
2800.0000 14900.0000 76
2875.0000 14725.0000 75
2875.0000 14575.0000 74
3025.0000 14575.0000 74
3125.0000 14575.0000 74
3075.0000 14725.0000 75
3175.0000 14750.0000 75
3125.0000 14975.0000 76
3275.0000 15125.0000 77
3325.0000 15375.0000 79
3425.0000 15375.0000 79
3525.0000 15475.0000 80
3625.0000 15475.0000 80
3775.0000 15525.0000 80
3775.0000 15375.0000 79
3625.0000 15325.0000 79
3675.0000 15225.0000 78
3775.0000 15225.0000 78
3775.0000 15075.0000 77
3675.0000 15025.0000 77
3525.0000 14975.0000 77
3375.0000 14975.0000 77
3375.0000 14875.0000 76
3525.0000 14875.0000 76
3525.0000 14775.0000 75
3425.0000 14725.0000 75
3525.0000 14625.0000 75
3425.0000 14575.0000 74
3275.0000 14575.0000 74
3225.0000 14475.0000 73
3325.0000 14300.0000 73
3475.0000 14300.0000 73
3750.0000 14300.0000 73
3675.0000 14225.0000 72
3725.0000 14125.0000 72
3525.0000 14125.0000 72
3325.0000 14025.0000 71
3425.0000 13925.0000 70
3325.0000 13825.0000 70
3375.0000 13600.0000 69
3525.0000 13725.0000 69
3750.0000 13725.0000 70
3750.0000 13525.0000 68
3750.0000 13125.0000 66
3574.0000 13058.0000 66
3375.0000 13200.0000 66
3175.0000 13175.0000 66
3025.0000 13275.0000 66
2875.0000 13275.0000 66
2875.0000 13175.0000 66
3025.0000 12600.0000 62
2925.0000 12600.0000 62
2825.0000 12600.0000 62
2675.0000 12600.0000 62
2525.0000 12600.0000 62
2375.0000 12600.0000 62
2400.0000 12500.0000 61
2400.0000 12400.0000 61
2325.0000 12325.0000 60
2475.0000 12325.0000 60
2575.0000 12225.0000 60
2525.0000 12125.0000 59
2675.0000 12025.0000 59
2825.0000 12125.0000 59
2775.0000 12225.0000 60
2675.0000 12175.0000 60
2675.0000 12325.0000 61
2875.0000 12325.0000 61
3150.0000 12325.0000 61
3250.0000 12525.0000 62
3250.0000 12425.0000 62
3300.0000 12325.0000 61
3275.0000 12225.0000 60
3325.0000 12125.0000 60
3450.0000 12175.0000 60
3475.0000 12325.0000 61
3525.0000 12425.0000 62
3525.0000 12525.0000 62
3675.0000 12525.0000 63
3675.0000 12425.0000 62
3775.0000 12475.0000 62
3772.0000 12354.0000 62
3800.0000 12225.0000 61
3800.0000 12075.0000 60
3675.0000 12075.0000 60
3675.0000 11925.0000 59
3675.0000 11825.0000 59
3675.0000 11725.0000 58
3675.0000 11575.0000 57
3725.0000 11475.0000 57
3575.0000 11475.0000 56
3400.0000 11325.0000 55
3300.0000 11275.0000 55
3200.0000 11325.0000 55
3300.0000 11425.0000 56
3300.0000 11550.0000 57
3300.0000 11650.0000 57
3400.0000 11825.0000 58
3525.0000 11875.0000 59
3375.0000 11925.0000 59
3225.0000 11925.0000 59
3025.0000 11725.0000 57
3125.0000 11725.0000 57
3200.0000 11675.0000 57
3200.0000 11575.0000 57
3200.0000 11475.0000 56
3125.0000 11425.0000 56
3025.0000 11425.0000 56
2925.0000 11325.0000 55
2725.0000 11325.0000 55
2625.0000 11325.0000 55
2450.0000 10875.0000 52
2450.0000 11075.0000 53
2425.0000 11325.0000 55
2325.0000 11425.0000 55
2225.0000 11425.0000 55
2150.0000 11475.0000 55
2150.0000 11575.0000 56
2050.0000 11575.0000 56
2050.0000 11675.0000 56
2150.0000 11675.0000 57
2225.0000 11750.0000 57
2325.0000 11750.0000 57
2125.0000 11925.0000 58
1975.0000 11925.0000 58
1950.0000 11825.0000 57
1875.0000 11925.0000 58
1925.0000 12075.0000 59
2025.0000 12125.0000 59
2075.0000 12225.0000 60
1925.0000 12225.0000 60
1825.0000 12175.0000 59
1825.0000 12425.0000 61
1825.0000 12575.0000 62
1825.0000 12675.0000 62
1825.0000 12825.0000 63
1565.0000 12760.0000 63
1565.0000 12610.0000 62
1565.0000 12460.0000 61
1565.0000 12310.0000 60
1565.0000 12160.0000 59
1565.0000 12010.0000 58
1725.0000 11925.0000 58
1565.0000 11860.0000 58
1565.0000 11710.0000 57
1675.0000 11650.0000 56
1750.0000 11700.0000 57
1750.0000 11600.0000 56
1675.0000 11525.0000 56
1625.0000 11425.0000 55
1725.0000 11425.0000 55
1950.0000 11325.0000 54
2050.0000 11425.0000 55
2150.0000 11325.0000 54
2050.0000 11275.0000 54
2075.0000 11125.0000 53
2075.0000 11025.0000 53
1975.0000 11125.0000 53
1900.0000 11025.0000 53
1775.0000 11025.0000 53
1625.0000 11050.0000 53
1600.0000 10850.0000 52
1600.0000 10725.0000 51
1600.0000 10625.0000 50
1600.0000 10525.0000 50
1600.0000 10425.0000 49
1725.0000 10125.0000 47
1875.0000 10075.0000 47
1640.0000 9806.0000 45
1639.0000 9706.0000 45
1639.0000 9606.0000 44
1640.0000 9505.0000 44
1640.0000 9406.0000 43
1639.0000 9306.0000 43
1928.0000 8820.0000 40
1825.0000 8825.0000 40
1625.0000 8825.0000 40
1575.0000 8475.0000 38
1575.0000 8375.0000 37
1575.0000 8275.0000 36
1575.0000 8175.0000 36
1575.0000 8075.0000 35
1575.0000 7975.0000 35
1575.0000 7875.0000 34
1675.0000 7825.0000 34
1575.0000 7711.0000 33
1575.0000 7710.0000 33
1576.0000 7560.0000 32
1575.0000 7560.0000 32
1575.0000 7410.0000 31
1576.0000 7409.0000 31
1575.0000 7260.0000 30
1576.0000 7259.0000 30
1575.0000 7075.0000 29
1575.0000 6875.0000 28
1575.0000 6675.0000 27
1725.0000 6675.0000 27
1725.0000 6525.0000 26
1575.0000 6525.0000 26
1575.0000 6375.0000 25
1975.0000 6000.0000 23
2075.0000 6025.0000 23
1975.0000 6200.0000 24
2075.0000 6425.0000 26
1925.0000 6675.0000 27
1925.0000 6825.0000 28
2075.0000 6775.0000 28
2225.0000 6775.0000 28
2075.0000 6975.0000 29
1975.0000 7075.0000 29
2175.0000 7075.0000 30
2275.0000 7275.0000 31
2325.0000 7425.0000 32
2375.0000 7525.0000 32
2175.0000 7475.0000 32
2075.0000 7575.0000 32
1975.0000 7475.0000 32
1925.0000 7625.0000 33
1775.0000 7625.0000 33
1825.0000 7725.0000 33
1975.0000 7725.0000 33
2175.0000 7825.0000 34
2350.0000 7775.0000 34
2350.0000 7875.0000 34
2475.0000 7975.0000 35
2625.0000 7975.0000 35
2575.0000 8125.0000 36
2500.0000 8225.0000 37
2600.0000 8225.0000 37
2600.0000 8375.0000 37
2600.0000 8475.0000 38
2450.0000 8575.0000 39
2375.0000 8725.0000 39
2197.0000 8703.0000 39
2225.0000 8825.0000 40
2425.0000 8825.0000 40
2525.0000 8725.0000 39
2600.0000 8625.0000 39
2825.0000 8775.0000 40
2925.0000 8775.0000 40
3025.0000 8775.0000 40
3125.0000 8775.0000 40
3275.0000 8775.0000 41
3225.0000 8625.0000 40
3325.0000 8575.0000 39
3225.0000 8525.0000 39
3325.0000 8225.0000 38
3425.0000 8225.0000 38
3525.0000 8325.0000 38
3625.0000 8325.0000 39
3625.0000 8425.0000 39
3525.0000 8475.0000 39
3700.0000 8775.0000 41
3800.0000 8675.0000 41
3700.0000 8575.0000 40
3775.0000 8375.0000 39
3775.0000 8225.0000 38
3625.0000 8175.0000 38
3675.0000 8075.0000 37
3775.0000 8075.0000 37
3775.0000 7925.0000 37
3675.0000 7875.0000 36
3525.0000 7825.0000 36
3525.0000 7725.0000 35
3525.0000 7625.0000 34
3525.0000 7475.0000 34
3425.0000 7425.0000 33
3425.0000 7575.0000 34
3375.0000 7725.0000 35
3375.0000 7825.0000 35
3275.0000 7975.0000 36
3125.0000 7825.0000 35
2925.0000 7825.0000 35
2875.0000 7925.0000 35
2975.0000 7975.0000 36
3075.0000 7975.0000 36
3075.0000 8075.0000 36
2975.0000 8125.0000 36
2875.0000 8075.0000 36
2775.0000 8125.0000 36
2775.0000 8025.0000 36
2775.0000 7875.0000 35
2650.0000 7750.0000 34
2800.0000 7750.0000 34
2875.0000 7575.0000 33
2875.0000 7425.0000 32
3025.0000 7425.0000 33
3125.0000 7425.0000 33
3075.0000 7575.0000 33
3175.0000 7600.0000 34
3275.0000 7425.0000 33
3225.0000 7325.0000 32
3325.0000 7150.0000 31
3475.0000 7150.0000 32
3750.0000 7150.0000 32
3675.0000 7075.0000 32
3725.0000 6975.0000 31
3525.0000 6975.0000 31
3325.0000 6875.0000 30
3425.0000 6775.0000 30
3325.0000 6675.0000 29
3375.0000 6450.0000 28
3525.0000 6575.0000 29
3750.0000 6575.0000 29
3750.0000 6375.0000 28
3750.0000 5975.0000 26
3574.0000 5908.0000 25
3375.0000 6050.0000 26
3175.0000 6025.0000 25
3025.0000 6125.0000 25
2875.0000 6125.0000 25
2875.0000 6025.0000 24
3025.0000 5450.0000 21
2925.0000 5450.0000 21
2825.0000 5450.0000 21
2675.0000 5450.0000 21
2525.0000 5450.0000 21
2375.0000 5450.0000 20
2400.0000 5350.0000 20
2400.0000 5250.0000 19
2325.0000 5175.0000 19
2475.0000 5175.0000 19
2575.0000 5075.0000 19
2525.0000 4975.0000 18
2675.0000 4875.0000 18
2825.0000 4975.0000 18
2775.0000 5075.0000 19
2675.0000 5025.0000 18
2675.0000 5175.0000 19
2875.0000 5175.0000 20
3150.0000 5175.0000 20
3250.0000 5375.0000 22
3250.0000 5275.0000 21
3300.0000 5175.0000 21
3275.0000 5075.0000 20
3325.0000 4975.0000 20
3450.0000 5025.0000 20
3475.0000 5175.0000 21
3525.0000 5275.0000 22
3525.0000 5375.0000 22
3675.0000 5375.0000 23
3675.0000 5275.0000 22
3775.0000 5325.0000 23
3772.0000 5204.0000 22
3800.0000 5075.0000 22
3800.0000 4925.0000 21
3675.0000 4925.0000 21
3675.0000 4775.0000 20
3675.0000 4675.0000 20
3675.0000 4575.0000 19
3525.0000 4725.0000 19
3400.0000 4675.0000 19
3375.0000 4775.0000 19
3225.0000 4775.0000 18
3025.0000 4575.0000 17
3125.0000 4575.0000 17
3200.0000 4525.0000 17
3300.0000 4500.0000 17
3300.0000 4400.0000 17
3200.0000 4425.0000 17
3200.0000 4325.0000 16
3125.0000 4275.0000 16
3025.0000 4275.0000 15
2925.0000 4175.0000 15
2900.0000 3925.0000 13
2900.0000 3725.0000 12
2900.0000 3325.0000 11
2450.0000 3325.0000 9
2450.0000 3725.0000 11
2450.0000 3925.0000 12
2725.0000 4175.0000 14
2625.0000 4175.0000 14
2425.0000 4175.0000 13
2325.0000 4275.0000 14
2225.0000 4275.0000 13
2150.0000 4325.0000 14
2150.0000 4425.0000 14
2050.0000 4425.0000 14
2050.0000 4525.0000 15
2150.0000 4525.0000 15
2225.0000 4600.0000 15
2325.0000 4600.0000 15
2125.0000 4775.0000 16
1975.0000 4775.0000 16
1950.0000 4675.0000 15
1875.0000 4775.0000 16
1925.0000 4925.0000 17
2025.0000 4975.0000 17
2075.0000 5075.0000 18
1925.0000 5075.0000 18
1825.0000 5025.0000 17
1825.0000 5275.0000 19
1825.0000 5425.0000 20
1825.0000 5525.0000 20
1825.0000 5675.0000 21
1565.0000 5610.0000 21
1565.0000 5460.0000 20
1565.0000 5310.0000 19
1565.0000 5160.0000 18
1565.0000 5010.0000 17
1565.0000 4860.0000 16
1725.0000 4775.0000 16
1565.0000 4710.0000 16
1565.0000 4560.0000 15
1675.0000 4500.0000 14
1750.0000 4550.0000 15
1750.0000 4450.0000 14
1675.0000 4375.0000 14
1625.0000 4275.0000 13
1725.0000 4275.0000 13
1950.0000 4175.0000 13
2050.0000 4275.0000 13
2150.0000 4175.0000 13
2050.0000 4125.0000 12
2075.0000 3975.0000 11
2075.0000 3875.0000 11
1975.0000 3975.0000 11
1900.0000 3875.0000 11
1775.0000 3875.0000 11
1625.0000 3900.0000 11
1600.0000 3700.0000 10
1600.0000 3575.0000 9
1600.0000 3475.0000 8
1600.0000 3375.0000 8
1600.0000 3275.0000 7
1725.0000 2975.0000 5
1640.0000 2656.0000 3
1639.0000 2556.0000 3
1639.0000 2456.0000 2
1640.0000 2355.0000 2
1640.0000 2256.0000 1
1639.0000 2156.0000 0