n 3039
m 10
tmax 6884.7
2830.0000 40.0000 0
2830.0000 77.0000 1
2830.0000 114.0000 1
2831.0000 155.0000 1
2830.0000 194.0000 1
2831.0000 231.0000 1
2831.0000 269.0000 1
2831.0000 309.0000 1
2830.0000 347.0000 1
2830.0000 384.0000 1
2792.0000 35.0000 1
2792.0000 75.0000 1
2790.0000 115.0000 1
2792.0000 153.0000 1
2791.0000 191.0000 1
2791.0000 231.0000 1
2790.0000 271.0000 1
2791.0000 306.0000 1
2791.0000 345.0000 1
2792.0000 384.0000 1
2800.0000 460.0000 1
2801.0000 499.0000 1
2801.0000 538.0000 1
2800.0000 578.0000 1
2802.0000 620.0000 1
2800.0000 654.0000 1
2800.0000 694.0000 1
2802.0000 732.0000 1
2800.0000 772.0000 1
2800.0000 810.0000 1
2762.0000 459.0000 1
2761.0000 497.0000 1
2761.0000 540.0000 1
2761.0000 578.0000 1
2762.0000 591.0000 1
2763.0000 656.0000 1
2762.0000 694.0000 1
2761.0000 731.0000 1
2762.0000 770.0000 1
2761.0000 808.0000 1
2801.0000 946.0000 1
2803.0000 1034.0000 1
2723.0000 943.0000 1
2724.0000 1029.0000 1
2702.0000 1003.0000 1
2800.0000 1098.0000 1
2799.0000 1137.0000 1
2831.0000 1158.0000 1
2801.0000 1178.0000 1
2800.0000 1216.0000 1
2829.0000 1237.0000 1
2801.0000 1254.0000 1
2800.0000 1292.0000 1
2800.0000 1331.0000 1
2801.0000 1370.0000 1
2799.0000 1409.0000 1
2804.0000 1450.0000 1
2759.0000 1098.0000 1
2762.0000 1138.0000 1
2762.0000 1178.0000 1
2761.0000 1213.0000 1
2763.0000 1255.0000 1
2761.0000 1293.0000 1
2763.0000 1330.0000 1
2761.0000 1369.0000 1
2759.0000 1411.0000 1
2761.0000 1446.0000 1
2762.0000 617.0000 1
2801.0000 1507.0000 1
2800.0000 1548.0000 1
2801.0000 1581.0000 1
2801.0000 1619.0000 1
2799.0000 1656.0000 1
2800.0000 1698.0000 1
2800.0000 1738.0000 1
2800.0000 1781.0000 1
2799.0000 1820.0000 1
2800.0000 1856.0000 1
2760.0000 1506.0000 1
2760.0000 1543.0000 1
2763.0000 1586.0000 1
2761.0000 1621.0000 1
2761.0000 1659.0000 1
2761.0000 1698.0000 1
2762.0000 1737.0000 1
2761.0000 1775.0000 1
2762.0000 1821.0000 1
2762.0000 1853.0000 1
2800.0000 2067.0000 1
2798.0000 2102.0000 1
2799.0000 2143.0000 1
2801.0000 2183.0000 1
2800.0000 2221.0000 1
2801.0000 2262.0000 1
2800.0000 2299.0000 1
2800.0000 2337.0000 1
2801.0000 2376.0000 1
2800.0000 2414.0000 1
2760.0000 2066.0000 1
2760.0000 2105.0000 1
2761.0000 2144.0000 1
2761.0000 2184.0000 1
2763.0000 2222.0000 1
2760.0000 2259.0000 1
2761.0000 2297.0000 1
2760.0000 2338.0000 1
2761.0000 2372.0000 1
2800.0000 2411.0000 1
2800.0000 2491.0000 1
2772.0000 2512.0000 1
2732.0000 2491.0000 1
2788.0000 2167.0000 1
2762.0000 2676.0000 1
2732.0000 2618.0000 1
2761.0000 2903.0000 1
2761.0000 2983.0000 1
2799.0000 3041.0000 1
2800.0000 3083.0000 1
2799.0000 3117.0000 1
2799.0000 3085.0000 1
2799.0000 3195.0000 1
2798.0000 3234.0000 1
2799.0000 3274.0000 1
2798.0000 3312.0000 1
2798.0000 3350.0000 1
2797.0000 3389.0000 1
2799.0000 3427.0000 1
2800.0000 3464.0000 1
2864.0000 3474.0000 1
2865.0000 3515.0000 1
2798.0000 3563.0000 1
2798.0000 3796.0000 1
2797.0000 3794.0000 1
2698.0000 39.0000 1
2697.0000 116.0000 1
2716.0000 191.0000 1
2696.0000 540.0000 1
2704.0000 1437.0000 1
2704.0000 1583.0000 1
2703.0000 1680.0000 1
2694.0000 2221.0000 1
2704.0000 2317.0000 1
2714.0000 2345.0000 1
2733.0000 2374.0000 1
2720.0000 3100.0000 1
2721.0000 3147.0000 1
2752.0000 3198.0000 1
2712.0000 3194.0000 1
2683.0000 3196.0000 1
2642.0000 3195.0000 1
2763.0000 3292.0000 1
2761.0000 3332.0000 1
2761.0000 3369.0000 1
2760.0000 3409.0000 1
2732.0000 3467.0000 1
2701.0000 3621.0000 1
2699.0000 3852.0000 1
2781.0000 3940.0000 1
2701.0000 3940.0000 1
2623.0000 3945.0000 1
2621.0000 -5.0000 1
2744.0000 18.0000 1
2649.0000 25.0000 1
2609.0000 48.0000 1
2659.0000 94.0000 1
2658.0000 134.0000 1
2659.0000 171.0000 1
2658.0000 208.0000 1
2657.0000 248.0000 1
2660.0000 285.0000 1
2659.0000 325.0000 1
2659.0000 368.0000 1
2545.0000 92.0000 1
2543.0000 131.0000 1
2543.0000 170.0000 1
2541.0000 212.0000 1
2538.0000 248.0000 1
2544.0000 288.0000 1
2541.0000 246.0000 1
2541.0000 362.0000 1
2571.0000 270.0000 1
2571.0000 325.0000 1
2485.0000 36.0000 1
2524.0000 54.0000 1
2494.0000 249.0000 1
2590.0000 393.0000 1
2641.0000 411.0000 1
2659.0000 441.0000 1
2660.0000 500.0000 1
2660.0000 538.0000 1
2658.0000 577.0000 1
2659.0000 618.0000 1
2660.0000 656.0000 1
2661.0000 701.0000 1
2658.0000 733.0000 1
2659.0000 772.0000 1
2582.0000 439.0000 1
2592.0000 521.0000 1
2581.0000 770.0000 1
2543.0000 497.0000 1
2542.0000 536.0000 1
2543.0000 579.0000 1
2542.0000 615.0000 1
2542.0000 657.0000 1
2543.0000 691.0000 1
2543.0000 734.0000 1
2541.0000 771.0000 1
2542.0000 808.0000 1
2543.0000 847.0000 1
2540.0000 877.0000 1
2617.0000 847.0000 1
2620.0000 916.0000 1
2570.0000 1004.0000 1
2529.0000 1003.0000 1
2656.0000 1042.0000 1
2658.0000 1082.0000 1
2656.0000 1118.0000 1
2657.0000 1159.0000 1
2656.0000 1200.0000 1
2657.0000 1236.0000 1
2657.0000 1272.0000 1
2657.0000 1314.0000 1
2616.0000 1137.0000 1
2617.0000 1195.0000 1
2624.0000 1273.0000 1
2598.0000 1314.0000 1
2558.0000 1214.0000 1
2542.0000 1040.0000 1
2540.0000 1079.0000 1
2541.0000 1121.0000 1
2540.0000 1156.0000 1
2539.0000 1195.0000 1
2539.0000 1231.0000 1
2540.0000 1272.0000 1
2540.0000 1311.0000 1
2501.0000 1342.0000 1
2540.0000 1358.0000 1
2540.0000 1398.0000 1
2512.0000 1436.0000 1
2628.0000 1435.0000 1
2643.0000 1484.0000 1
2667.0000 1524.0000 1
2666.0000 1560.0000 1
2665.0000 1601.0000 1
2667.0000 1640.0000 1
2665.0000 1679.0000 1
2665.0000 1728.0000 1
2666.0000 1755.0000 1
2666.0000 1794.0000 1
2665.0000 1836.0000 1
2667.0000 1873.0000 1
2646.0000 1486.0000 1
2617.0000 1525.0000 1
2628.0000 1715.0000 1
2618.0000 1756.0000 1
2548.0000 1524.0000 1
2550.0000 1561.0000 1
2552.0000 1600.0000 1
2550.0000 1640.0000 1
2550.0000 1677.0000 1
2551.0000 1717.0000 1
2551.0000 1756.0000 1
2551.0000 1798.0000 1
2549.0000 1832.0000 1
2550.0000 1874.0000 1
2579.0000 1893.0000 1
2665.0000 1935.0000 1
2647.0000 1991.0000 1
2667.0000 2025.0000 1
2667.0000 2064.0000 1
2667.0000 2104.0000 1
2665.0000 2139.0000 1
2666.0000 2178.0000 1
2665.0000 2220.0000 1
2665.0000 2254.0000 1
2548.0000 2258.0000 1
2549.0000 2218.0000 1
2549.0000 2180.0000 1
2550.0000 2141.0000 1
2549.0000 2103.0000 1
2548.0000 2064.0000 1
2548.0000 2025.0000 1
2538.0000 1987.0000 1
2590.0000 2333.0000 1
2666.0000 2328.0000 1
2667.0000 2394.0000 1
2667.0000 2432.0000 1
2666.0000 2470.0000 1
2666.0000 2508.0000 1
2665.0000 2550.0000 1
2665.0000 2586.0000 1
2666.0000 2626.0000 1
2549.0000 2393.0000 1
2548.0000 2431.0000 1
2549.0000 2473.0000 1
2548.0000 2512.0000 1
2546.0000 2548.0000 1
2550.0000 2591.0000 1
2548.0000 2627.0000 1
2687.0000 2716.0000 1
2686.0000 2868.0000 1
2647.0000 2711.0000 1
2645.0000 2866.0000 1
2643.0000 2906.0000 1
2645.0000 2984.0000 1
2604.0000 2905.0000 1
2605.0000 3109.0000 1
2605.0000 3136.0000 1
2606.0000 3290.0000 1
2606.0000 3333.0000 1
2606.0000 3368.0000 1
2604.0000 3410.0000 1
2568.0000 3037.0000 1
2568.0000 3079.0000 1
2568.0000 3119.0000 1
2567.0000 3157.0000 1
2566.0000 3195.0000 1
2567.0000 3234.0000 1
2568.0000 3274.0000 1
2566.0000 3310.0000 1
2568.0000 3350.0000 1
2566.0000 3386.0000 1
2567.0000 3428.0000 1
2568.0000 3466.0000 1
2352.0000 89.0000 1
2348.0000 125.0000 1
2349.0000 168.0000 1
2349.0000 208.0000 1
2350.0000 244.0000 1
2349.0000 286.0000 1
2350.0000 322.0000 1
2400.0000 333.0000 1
2466.0000 323.0000 1
2406.0000 207.0000 1
2378.0000 168.0000 1
2417.0000 130.0000 1
2397.0000 70.0000 1
2468.0000 283.0000 1
2467.0000 242.0000 1
2494.0000 245.0000 1
2467.0000 208.0000 1
2462.0000 168.0000 1
2465.0000 129.0000 1
2465.0000 90.0000 1
2421.0000 383.0000 1
2377.0000 449.0000 1
2458.0000 392.0000 1
2468.0000 467.0000 1
2507.0000 561.0000 1
2351.0000 534.0000 1
2352.0000 574.0000 1
2350.0000 614.0000 1
2350.0000 652.0000 1
2352.0000 691.0000 1
2350.0000 727.0000 1
2351.0000 768.0000 1
2467.0000 765.0000 1
2466.0000 729.0000 1
2466.0000 692.0000 1
2466.0000 649.0000 1
2466.0000 613.0000 1
2466.0000 574.0000 1
2467.0000 540.0000 1
2513.0000 572.0000 1
2350.0000 827.0000 1
2418.0000 836.0000 1
2438.0000 875.0000 1
2475.0000 833.0000 1
2495.0000 941.0000 1
2388.0000 942.0000 1
2348.0000 940.0000 1
2475.0000 1008.0000 1
2466.0000 1038.0000 1
2351.0000 1040.0000 1
2350.0000 1075.0000 1
2349.0000 1114.0000 1
2347.0000 1152.0000 1
2349.0000 1192.0000 1
2349.0000 1232.0000 1
2348.0000 1270.0000 1
2348.0000 1307.0000 1
2388.0000 1209.0000 1
2408.0000 1116.0000 1
2468.0000 1310.0000 1
2466.0000 1269.0000 1
2465.0000 1232.0000 1
2484.0000 1212.0000 1
2465.0000 1190.0000 1
2465.0000 1158.0000 1
2462.0000 1112.0000 1
2466.0000 1075.0000 1
2367.0000 1354.0000 1
2380.0000 1433.0000 1
2338.0000 1452.0000 1
2415.0000 1482.0000 1
2436.0000 1431.0000 1
2425.0000 1394.0000 1
2426.0000 1358.0000 1
2465.0000 1471.0000 1
2473.0000 1373.0000 1
2321.0000 1522.0000 1
2320.0000 1557.0000 1
2320.0000 1598.0000 1
2318.0000 1638.0000 1
2320.0000 1673.0000 1
2321.0000 1717.0000 1
2322.0000 1755.0000 1
2321.0000 1794.0000 1
2321.0000 1832.0000 1
2322.0000 1872.0000 1
2349.0000 1831.0000 1
2377.0000 1870.0000 1
2378.0000 1830.0000 1
2378.0000 1789.0000 1
2378.0000 1752.0000 1
2378.0000 1714.0000 1
2377.0000 1679.0000 1
2376.0000 1637.0000 1
2378.0000 1597.0000 1
2378.0000 1558.0000 1
2380.0000 1524.0000 1
2525.0000 1880.0000 1
2493.0000 1868.0000 1
2495.0000 1830.0000 1
2493.0000 1791.0000 1
2492.0000 1753.0000 1
2493.0000 1714.0000 1
2491.0000 1676.0000 1
2492.0000 1634.0000 1
2493.0000 1601.0000 1
2494.0000 1559.0000 1
2494.0000 1349.0000 1
2378.0000 2022.0000 1
2379.0000 2059.0000 1
2377.0000 2099.0000 1
2379.0000 2137.0000 1
2377.0000 2177.0000 1
2379.0000 2218.0000 1
2379.0000 2254.0000 1
2454.0000 2041.0000 1
2474.0000 1953.0000 1
2495.0000 2288.0000 1
2493.0000 2255.0000 1
2494.0000 2218.0000 1
2491.0000 2176.0000 1
2492.0000 2138.0000 1
2493.0000 2100.0000 1
2493.0000 2061.0000 1
2495.0000 2022.0000 1
2377.0000 2388.0000 1
2378.0000 2425.0000 1
2377.0000 2468.0000 1
2376.0000 2501.0000 1
2377.0000 2547.0000 1
2379.0000 2586.0000 1
2378.0000 2624.0000 1
2378.0000 2663.0000 1
2406.0000 2428.0000 1
2437.0000 2505.0000 1
2448.0000 2624.0000 1
2495.0000 2665.0000 1
2495.0000 2623.0000 1
2495.0000 2585.0000 1
2493.0000 2547.0000 1
2493.0000 2506.0000 1
2495.0000 2468.0000 1
2494.0000 2429.0000 1
2494.0000 2391.0000 1
2379.0000 2749.0000 1
2377.0000 2786.0000 1
2377.0000 2825.0000 1
2375.0000 2865.0000 1
2378.0000 2903.0000 1
2376.0000 2943.0000 1
2377.0000 2981.0000 1
2446.0000 2769.0000 1
2436.0000 2729.0000 1
2529.0000 2979.0000 1
2515.0000 3013.0000 1
2494.0000 2982.0000 1
2491.0000 2942.0000 1
2491.0000 2902.0000 1
2492.0000 2865.0000 1
2492.0000 2825.0000 1
2493.0000 2786.0000 1
2493.0000 2748.0000 1
2531.0000 2827.0000 1
2531.0000 2787.0000 1
2530.0000 2710.0000 1
2376.0000 3057.0000 1
2376.0000 3095.0000 1
2376.0000 3136.0000 1
2378.0000 3175.0000 1
2377.0000 3212.0000 1
2377.0000 3251.0000 1
2375.0000 3288.0000 1
2377.0000 3328.0000 1
2378.0000 3368.0000 1
2376.0000 3408.0000 1
2424.0000 3426.0000 1
2454.0000 3444.0000 1
2494.0000 3403.0000 1
2495.0000 3368.0000 1
2493.0000 3326.0000 1
2492.0000 3286.0000 1
2493.0000 3248.0000 1
2493.0000 3210.0000 1
2493.0000 3170.0000 1
2492.0000 3127.0000 1
2494.0000 3095.0000 1
2495.0000 3059.0000 1
2390.0000 3550.0000 1
2385.0000 3695.0000 1
2504.0000 3813.0000 1
2268.0000 3813.0000 1
2150.0000 91.0000 1
2150.0000 129.0000 1
2149.0000 165.0000 1
2147.0000 209.0000 1
2149.0000 244.0000 1
2147.0000 282.0000 1
2149.0000 323.0000 1
2179.0000 243.0000 1
2191.0000 66.0000 1
2228.0000 76.0000 1
2227.0000 108.0000 1
2218.0000 303.0000 1
2240.0000 341.0000 1
2267.0000 325.0000 1
2268.0000 282.0000 1
2326.0000 306.0000 1
2267.0000 243.0000 1
2302.0000 223.0000 1
2265.0000 203.0000 1
2305.0000 188.0000 1
2264.0000 167.0000 1
2267.0000 127.0000 1
2265.0000 87.0000 1
2303.0000 72.0000 1
2111.0000 428.0000 1
2111.0000 466.0000 1
2187.0000 426.0000 1
2246.0000 486.0000 1
2266.0000 464.0000 1
2317.0000 468.0000 1
2229.0000 406.0000 1
2150.0000 534.0000 1
2149.0000 573.0000 1
2147.0000 611.0000 1
2144.0000 651.0000 1
2150.0000 691.0000 1
2148.0000 728.0000 1
2148.0000 848.0000 1
2128.0000 807.0000 1
2178.0000 611.0000 1
2188.0000 642.0000 1
2225.0000 515.0000 1
2225.0000 555.0000 1
2233.0000 728.0000 1
2303.0000 767.0000 1
2267.0000 767.0000 1
2266.0000 730.0000 1
2303.0000 709.0000 1
2265.0000 689.0000 1
2312.0000 650.0000 1
2266.0000 651.0000 1
2267.0000 615.0000 1
2262.0000 571.0000 1
2266.0000 534.0000 1
2130.0000 803.0000 1
2167.0000 848.0000 1
2245.0000 843.0000 1
2286.0000 885.0000 1
2167.0000 921.0000 1
2136.0000 939.0000 1
2149.0000 1031.0000 1
2148.0000 1063.0000 1
2147.0000 1107.0000 1
2149.0000 1143.0000 1
2145.0000 1183.0000 1
2146.0000 1219.0000 1
2146.0000 1261.0000 1
2148.0000 1300.0000 1
2148.0000 1333.0000 1
2146.0000 1377.0000 1
2195.0000 1378.0000 1
2193.0000 1221.0000 1
2206.0000 1181.0000 1
2186.0000 1142.0000 1
2206.0000 1106.0000 1
2224.0000 1066.0000 1
2265.0000 1375.0000 1
2265.0000 1339.0000 1
2261.0000 1296.0000 1
2263.0000 1260.0000 1
2264.0000 1220.0000 1
2291.0000 1221.0000 1
2263.0000 1182.0000 1
2281.0000 1164.0000 1
2264.0000 1143.0000 1
2263.0000 1104.0000 1
2261.0000 1065.0000 1
2261.0000 1026.0000 1
2253.0000 1463.0000 1
2173.0000 1462.0000 1
2146.0000 1520.0000 1
2145.0000 1558.0000 1
2147.0000 1597.0000 1
2146.0000 1635.0000 1
2144.0000 1677.0000 1
2147.0000 1716.0000 1
2145.0000 1753.0000 1
2144.0000 1793.0000 1
2147.0000 1831.0000 1
2146.0000 1870.0000 1
2204.0000 1868.0000 1
2206.0000 1830.0000 1
2205.0000 1789.0000 1
2206.0000 1753.0000 1
2205.0000 1714.0000 1
2202.0000 1673.0000 1
2204.0000 1635.0000 1
2204.0000 1596.0000 1
2203.0000 1557.0000 1
2203.0000 1521.0000 1
2251.0000 1813.0000 1
2240.0000 1558.0000 1
2252.0000 1521.0000 1
2308.0000 1966.0000 1
2310.0000 1927.0000 1
2261.0000 1922.0000 1
2194.0000 1921.0000 1
2134.0000 1951.0000 1
2148.0000 2080.0000 1
2146.0000 2122.0000 1
2143.0000 2161.0000 1
2144.0000 2200.0000 1
2148.0000 2240.0000 1
2146.0000 2278.0000 1
2145.0000 2316.0000 1
2145.0000 2354.0000 1
2146.0000 2393.0000 1
2146.0000 2434.0000 1
2186.0000 2136.0000 1
2244.0000 2450.0000 1
2204.0000 2430.0000 1
2203.0000 2391.0000 1
2204.0000 2273.0000 1
2205.0000 2314.0000 1
2199.0000 2273.0000 1
2204.0000 2239.0000 1
2230.0000 2254.0000 1
2205.0000 2197.0000 1
2203.0000 2158.0000 1
2205.0000 2602.0000 1
2205.0000 2083.0000 1
2241.0000 2062.0000 1
2204.0000 2043.0000 1
2203.0000 2014.0000 1
2254.0000 2026.0000 1
2328.0000 2024.0000 1
2319.0000 2080.0000 1
2319.0000 2122.0000 1
2318.0000 2165.0000 1
2287.0000 2169.0000 1
2319.0000 2202.0000 1
2290.0000 2230.0000 1
2319.0000 2238.0000 1
2319.0000 2277.0000 1
2291.0000 2297.0000 1
2320.0000 2316.0000 1
2321.0000 2355.0000 1
2319.0000 2396.0000 1
2319.0000 2430.0000 1
2348.0000 2396.0000 1
2167.0000 2537.0000 1
2164.0000 2576.0000 1
2163.0000 2624.0000 1
2136.0000 2641.0000 1
2115.0000 2584.0000 1
2107.0000 2661.0000 1
2106.0000 2701.0000 1
2107.0000 2740.0000 1
2105.0000 2775.0000 1
2106.0000 2819.0000 1
2104.0000 2855.0000 1
2105.0000 2894.0000 1
2105.0000 2933.0000 1
2106.0000 2992.0000 1
2175.0000 3029.0000 1
2222.0000 2990.0000 1
2187.0000 2932.0000 1
2183.0000 2893.0000 1
2185.0000 2853.0000 1
2209.0000 2813.0000 1
2186.0000 2814.0000 1
2182.0000 2778.0000 1
2185.0000 2738.0000 1
2184.0000 2700.0000 1
2183.0000 2661.0000 1
2212.0000 2699.0000 1
2252.0000 2739.0000 1
2300.0000 2991.0000 1
2300.0000 2964.0000 1
2301.0000 2933.0000 1
2301.0000 2896.0000 1
2298.0000 2854.0000 1
2299.0000 2816.0000 1
2297.0000 2776.0000 1
2296.0000 2738.0000 1
2299.0000 2700.0000 1
2300.0000 2660.0000 1
2337.0000 2703.0000 1
2336.0000 2663.0000 1
2338.0000 2620.0000 1
2290.0000 2585.0000 1
2106.0000 3087.0000 1
2075.0000 3104.0000 1
2108.0000 3123.0000 1
2107.0000 3165.0000 1
2105.0000 3201.0000 1
2107.0000 3242.0000 1
2106.0000 3277.0000 1
2103.0000 3318.0000 1
2106.0000 3359.0000 1
2106.0000 3416.0000 1
2185.0000 3356.0000 1
2185.0000 3319.0000 1
2184.0000 3277.0000 1
2181.0000 3242.0000 1
2184.0000 3201.0000 1
2184.0000 3163.0000 1
2183.0000 3122.0000 1
2182.0000 3081.0000 1
2222.0000 3222.0000 1
2279.0000 3184.0000 1
2328.0000 3077.0000 1
2298.0000 3084.0000 1
2299.0000 3125.0000 1
2298.0000 3165.0000 1
2296.0000 3205.0000 1
2299.0000 3239.0000 1
2295.0000 3280.0000 1
2300.0000 3324.0000 1
2299.0000 3355.0000 1
2339.0000 3260.0000 1
2327.0000 3416.0000 1
2062.0000 3604.0000 1
2106.0000 3606.0000 1
2167.0000 3618.0000 1
2106.0000 3643.0000 1
2104.0000 3684.0000 1
2105.0000 3723.0000 1
2105.0000 3764.0000 1
2103.0000 3801.0000 1
2106.0000 3841.0000 1
2106.0000 3884.0000 1
2166.0000 3850.0000 1
2096.0000 71.0000 1
2097.0000 227.0000 1
2058.0000 86.0000 1
2061.0000 131.0000 1
2060.0000 170.0000 1
2058.0000 209.0000 1
2058.0000 248.0000 1
2057.0000 285.0000 1
2058.0000 328.0000 1
1991.0000 187.0000 1
1979.0000 325.0000 1
1937.0000 53.0000 1
1942.0000 90.0000 1
1944.0000 130.0000 1
1943.0000 167.0000 1
1942.0000 209.0000 1
1941.0000 246.0000 1
1941.0000 285.0000 1
1939.0000 325.0000 1
2037.0000 410.0000 1
2010.0000 488.0000 1
2062.0000 538.0000 1
2060.0000 574.0000 1
2059.0000 615.0000 1
2059.0000 651.0000 1
2060.0000 691.0000 1
2059.0000 732.0000 1
2059.0000 772.0000 1
2050.0000 812.0000 1
1989.0000 733.0000 1
1990.0000 576.0000 1
1941.0000 536.0000 1
1942.0000 572.0000 1
1944.0000 614.0000 1
1943.0000 654.0000 1
1943.0000 693.0000 1
1943.0000 729.0000 1
1941.0000 771.0000 1
1951.0000 896.0000 1
2058.0000 981.0000 1
2070.0000 1031.0000 1
2069.0000 1069.0000 1
2067.0000 1107.0000 1
2068.0000 1142.0000 1
2068.0000 1182.0000 1
2068.0000 1223.0000 1
2068.0000 1259.0000 1
2074.0000 1299.0000 1
2107.0000 1327.0000 1
2067.0000 1365.0000 1
2028.0000 1318.0000 1
2038.0000 1281.0000 1
2021.0000 1243.0000 1
2000.0000 1205.0000 1
1951.0000 1257.0000 1
1950.0000 1223.0000 1
1951.0000 1183.0000 1
1951.0000 1146.0000 1
1950.0000 1111.0000 1
1950.0000 1068.0000 1
1954.0000 1028.0000 1
1954.0000 972.0000 1
1951.0000 893.0000 1
1971.0000 1087.0000 1
2009.0000 1032.0000 1
1893.0000 1348.0000 1
1912.0000 1409.0000 1
1941.0000 1427.0000 1
2009.0000 1433.0000 1
2000.0000 1387.0000 1
2028.0000 1526.0000 1
2029.0000 1561.0000 1
2029.0000 1599.0000 1
2029.0000 1638.0000 1
2029.0000 1680.0000 1
2028.0000 1719.0000 1
2029.0000 1755.0000 1
2028.0000 1795.0000 1
2028.0000 1833.0000 1
2029.0000 1872.0000 1
2076.0000 1813.0000 1
2097.0000 1853.0000 1
2048.0000 1950.0000 1
2018.0000 1930.0000 1
1971.0000 1521.0000 1
1971.0000 1560.0000 1
1971.0000 1600.0000 1
1970.0000 1643.0000 1
1969.0000 1677.0000 1
1971.0000 1717.0000 1
1970.0000 1754.0000 1
1969.0000 1795.0000 1
1967.0000 1351.0000 1
1969.0000 1871.0000 1
2065.0000 2026.0000 1
2107.0000 2095.0000 1
2085.0000 2141.0000 1
2095.0000 2229.0000 1
2112.0000 2317.0000 1
2009.0000 2024.0000 1
2030.0000 2084.0000 1
2029.0000 2123.0000 1
2029.0000 2162.0000 1
2028.0000 2202.0000 1
2028.0000 2239.0000 1
2029.0000 2275.0000 1
2027.0000 2317.0000 1
2027.0000 2354.0000 1
2027.0000 2393.0000 1
2028.0000 2433.0000 1
1971.0000 2082.0000 1
1970.0000 2120.0000 1
1970.0000 2161.0000 1
1972.0000 2201.0000 1
1970.0000 2239.0000 1
1969.0000 2278.0000 1
1971.0000 2317.0000 1
1970.0000 2355.0000 1
1970.0000 2392.0000 1
1969.0000 2433.0000 1
1970.0000 2469.0000 1
1949.0000 2553.0000 1
2009.0000 2576.0000 1
2009.0000 2622.0000 1
2029.0000 2665.0000 1
1982.0000 2663.0000 1
1986.0000 2707.0000 1
1988.0000 2743.0000 1
1988.0000 2777.0000 1
1989.0000 2818.0000 1
1988.0000 2857.0000 1
1988.0000 2893.0000 1
1988.0000 2934.0000 1
1912.0000 2664.0000 1
1912.0000 2703.0000 1
1911.0000 2738.0000 1
1911.0000 2779.0000 1
1913.0000 2817.0000 1
1911.0000 2858.0000 1
1912.0000 2895.0000 1
1910.0000 2932.0000 1
2026.0000 2992.0000 1
1929.0000 3049.0000 1
1990.0000 3088.0000 1
1990.0000 3125.0000 1
1989.0000 3165.0000 1
1988.0000 3203.0000 1
1990.0000 3244.0000 1
1986.0000 3280.0000 1
1989.0000 3317.0000 1
1989.0000 3357.0000 1
1989.0000 3419.0000 1
2036.0000 3318.0000 1
2045.0000 3389.0000 1
1911.0000 3416.0000 1
1909.0000 3357.0000 1
1911.0000 3318.0000 1
1911.0000 3278.0000 1
1911.0000 3240.0000 1
1911.0000 3201.0000 1
1910.0000 3165.0000 1
1912.0000 3124.0000 1
1912.0000 3086.0000 1
1930.0000 3049.0000 1
2028.0000 2992.0000 1
1988.0000 3606.0000 1
1988.0000 3646.0000 1
1989.0000 3685.0000 1
1986.0000 3724.0000 1
1986.0000 3766.0000 1
1987.0000 3803.0000 1
1986.0000 3841.0000 1
1984.0000 3880.0000 1
2015.0000 3802.0000 1
2036.0000 3841.0000 1
2015.0000 3881.0000 1
1949.0000 3605.0000 1
1949.0000 3647.0000 1
1949.0000 3811.0000 1
1949.0000 3888.0000 1
1890.0000 3540.0000 1
1911.0000 3570.0000 1
1911.0000 3608.0000 1
1910.0000 3649.0000 1
1910.0000 3686.0000 1
1911.0000 3726.0000 1
1911.0000 3760.0000 1
1911.0000 3802.0000 1
1911.0000 3841.0000 1
1911.0000 3880.0000 1
1893.0000 3820.0000 1
1870.0000 3782.0000 1
1884.0000 90.0000 1
1886.0000 245.0000 1
1896.0000 365.0000 1
1846.0000 91.0000 1
1848.0000 132.0000 1
1846.0000 168.0000 1
1848.0000 211.0000 1
1848.0000 249.0000 1
1848.0000 286.0000 1
1850.0000 327.0000 1
1789.0000 73.0000 1
1781.0000 128.0000 1
1809.0000 182.0000 1
1819.0000 214.0000 1
1770.0000 360.0000 1
1761.0000 449.0000 1
1808.0000 453.0000 1
1837.0000 438.0000 1
1903.0000 516.0000 1
1857.0000 540.0000 1
1855.0000 576.0000 1
1855.0000 615.0000 1
1854.0000 652.0000 1
1886.0000 697.0000 1
1859.0000 694.0000 1
1856.0000 734.0000 1
1825.0000 731.0000 1
1856.0000 770.0000 1
1913.0000 770.0000 1
1894.0000 829.0000 1
1845.0000 826.0000 1
1847.0000 904.0000 1
1863.0000 981.0000 1
1866.0000 1020.0000 1
1866.0000 1055.0000 1
1866.0000 1099.0000 1
1865.0000 1137.0000 1
1868.0000 1174.0000 1
1866.0000 1215.0000 1
1866.0000 1251.0000 1
1866.0000 1292.0000 1
1863.0000 1329.0000 1
1864.0000 1369.0000 1
1862.0000 1402.0000 1
1836.0000 1214.0000 1
1749.0000 979.0000 1
1749.0000 1018.0000 1
1750.0000 1059.0000 1
1749.0000 1098.0000 1
1749.0000 1138.0000 1
1748.0000 1175.0000 1
1748.0000 1213.0000 1
1750.0000 1250.0000 1
1749.0000 1293.0000 1
1717.0000 1291.0000 1
1749.0000 1330.0000 1
1750.0000 1371.0000 1
1751.0000 1409.0000 1
1697.0000 1389.0000 1
1920.0000 1563.0000 1
1933.0000 1642.0000 1
1892.0000 1636.0000 1
1913.0000 1787.0000 1
1854.0000 1523.0000 1
1856.0000 1562.0000 1
1855.0000 1600.0000 1
1853.0000 1641.0000 1
1855.0000 1678.0000 1
1855.0000 1717.0000 1
1856.0000 1756.0000 1
1855.0000 1794.0000 1
1852.0000 1834.0000 1
1853.0000 1952.0000 1
1930.0000 2024.0000 1
1929.0000 2236.0000 1
1942.0000 2277.0000 1
1921.0000 2314.0000 1
1923.0000 2382.0000 1
1932.0000 2430.0000 1
1884.0000 2451.0000 1
1853.0000 2023.0000 1
1855.0000 2083.0000 1
1856.0000 2123.0000 1
1854.0000 2160.0000 1
1854.0000 2201.0000 1
1855.0000 2236.0000 1
1853.0000 2277.0000 1
1856.0000 2317.0000 1
1855.0000 2356.0000 1
1855.0000 2394.0000 1
1852.0000 2431.0000 1
1911.0000 2528.0000 1
1871.0000 2526.0000 1
1854.0000 2645.0000 1
1851.0000 2990.0000 1
1832.0000 3298.0000 1
1832.0000 3339.0000 1
1692.0000 32.0000 1
1732.0000 91.0000 1
1733.0000 127.0000 1
1710.0000 233.0000 1
1735.0000 170.0000 1
1731.0000 209.0000 1
1731.0000 251.0000 1
1731.0000 288.0000 1
1731.0000 325.0000 1
1681.0000 213.0000 1
1682.0000 249.0000 1
1645.0000 91.0000 1
1645.0000 129.0000 1
1643.0000 167.0000 1
1642.0000 208.0000 1
1643.0000 249.0000 1
1643.0000 285.0000 1
1641.0000 322.0000 1
1732.0000 449.0000 1
1652.0000 450.0000 1
1736.0000 537.0000 1
1741.0000 575.0000 1
1741.0000 614.0000 1
1741.0000 658.0000 1
1710.0000 655.0000 1
1740.0000 692.0000 1
1741.0000 730.0000 1
1742.0000 766.0000 1
1651.0000 534.0000 1
1652.0000 575.0000 1
1652.0000 614.0000 1
1651.0000 653.0000 1
1653.0000 692.0000 1
1654.0000 730.0000 1
1651.0000 770.0000 1
1650.0000 856.0000 1
1785.0000 2005.0000 1
1788.0000 2045.0000 1
1787.0000 2085.0000 1
1788.0000 2120.0000 1
1788.0000 2160.0000 1
1786.0000 2200.0000 1
1786.0000 2238.0000 1
1787.0000 2274.0000 1
1787.0000 2316.0000 1
1758.0000 2317.0000 1
1788.0000 2355.0000 1
1757.0000 2374.0000 1
1789.0000 2368.0000 1
1785.0000 2431.0000 1
1777.0000 2471.0000 1
1727.0000 1947.0000 1
1730.0000 1986.0000 1
1706.0000 2082.0000 1
1709.0000 2429.0000 1
1668.0000 2003.0000 1
1668.0000 2044.0000 1
1668.0000 2083.0000 1
1669.0000 2121.0000 1
1669.0000 2161.0000 1
1670.0000 2200.0000 1
1670.0000 2237.0000 1
1669.0000 2274.0000 1
1669.0000 2317.0000 1
1669.0000 2356.0000 1
1669.0000 2391.0000 1
1666.0000 2430.0000 1
1797.0000 2529.0000 1
1745.0000 2568.0000 1
1680.0000 2515.0000 1
1630.0000 2530.0000 1
1796.0000 2665.0000 1
1795.0000 2703.0000 1
1798.0000 2742.0000 1
1797.0000 2778.0000 1
1796.0000 2816.0000 1
1797.0000 2857.0000 1
1795.0000 2892.0000 1
1797.0000 2934.0000 1
1736.0000 2719.0000 1
1739.0000 2779.0000 1
1728.0000 2859.0000 1
1729.0000 2913.0000 1
1736.0000 2963.0000 1
1697.0000 2664.0000 1
1699.0000 2702.0000 1
1701.0000 2742.0000 1
1699.0000 2778.0000 1
1699.0000 2816.0000 1
1699.0000 2856.0000 1
1698.0000 2894.0000 1
1695.0000 2937.0000 1
1795.0000 3088.0000 1
1795.0000 3129.0000 1
1797.0000 3163.0000 1
1797.0000 3203.0000 1
1796.0000 3243.0000 1
1795.0000 3277.0000 1
1795.0000 3320.0000 1
1796.0000 3358.0000 1
1717.0000 3020.0000 1
1739.0000 3184.0000 1
1696.0000 3041.0000 1
1699.0000 3069.0000 1
1700.0000 3109.0000 1
1700.0000 3143.0000 1
1699.0000 3183.0000 1
1701.0000 3223.0000 1
1699.0000 3260.0000 1
1678.0000 3280.0000 1
1700.0000 3302.0000 1
1701.0000 3339.0000 1
1698.0000 3379.0000 1
1697.0000 3418.0000 1
1794.0000 3571.0000 1
1795.0000 3609.0000 1
1796.0000 3647.0000 1
1795.0000 3686.0000 1
1795.0000 3726.0000 1
1795.0000 3764.0000 1
1794.0000 3802.0000 1
1795.0000 3840.0000 1
1796.0000 3881.0000 1
1697.0000 3568.0000 1
1698.0000 3605.0000 1
1698.0000 3649.0000 1
1698.0000 3685.0000 1
1699.0000 3723.0000 1
1696.0000 3765.0000 1
1699.0000 3798.0000 1
1697.0000 3847.0000 1
1695.0000 3877.0000 1
1705.0000 3918.0000 1
1443.0000 88.0000 1
1442.0000 127.0000 1
1440.0000 167.0000 1
1441.0000 204.0000 1
1442.0000 242.0000 1
1442.0000 282.0000 1
1440.0000 321.0000 1
1482.0000 302.0000 1
1480.0000 262.0000 1
1481.0000 223.0000 1
1477.0000 68.0000 1
1529.0000 86.0000 1
1528.0000 126.0000 1
1531.0000 167.0000 1
1526.0000 204.0000 1
1530.0000 245.0000 1
1528.0000 283.0000 1
1530.0000 323.0000 1
1548.0000 366.0000 1
1564.0000 331.0000 1
1415.0000 458.0000 1
1402.0000 574.0000 1
1412.0000 610.0000 1
1453.0000 455.0000 1
1452.0000 492.0000 1
1452.0000 534.0000 1
1453.0000 572.0000 1
1451.0000 612.0000 1
1451.0000 652.0000 1
1454.0000 687.0000 1
1453.0000 731.0000 1
1451.0000 765.0000 1
1452.0000 805.0000 1
1452.0000 844.0000 1
1452.0000 880.0000 1
1542.0000 891.0000 1
1537.0000 809.0000 1
1540.0000 767.0000 1
1542.0000 727.0000 1
1615.0000 765.0000 1
1576.0000 708.0000 1
1539.0000 689.0000 1
1533.0000 647.0000 1
1540.0000 610.0000 1
1539.0000 573.0000 1
1538.0000 534.0000 1
1518.0000 455.0000 1
1412.0000 1054.0000 1
1432.0000 1073.0000 1
1452.0000 1056.0000 1
1449.0000 1093.0000 1
1450.0000 1132.0000 1
1449.0000 1172.0000 1
1454.0000 1210.0000 1
1452.0000 1252.0000 1
1452.0000 1289.0000 1
1451.0000 1324.0000 1
1450.0000 1366.0000 1
1452.0000 1406.0000 1
1509.0000 1206.0000 1
1529.0000 1291.0000 1
1570.0000 1055.0000 1
1570.0000 1092.0000 1
1567.0000 1131.0000 1
1567.0000 1171.0000 1
1566.0000 1209.0000 1
1567.0000 1251.0000 1
1566.0000 1290.0000 1
1567.0000 1322.0000 1
1565.0000 1370.0000 1
1567.0000 1405.0000 1
1586.0000 1232.0000 1
1605.0000 1190.0000 1
1663.0000 1171.0000 1
1660.0000 1089.0000 1
1663.0000 1056.0000 1
1598.0000 1995.0000 1
1490.0000 2080.0000 1
1490.0000 2121.0000 1
1487.0000 2157.0000 1
1487.0000 2198.0000 1
1489.0000 2235.0000 1
1487.0000 2274.0000 1
1489.0000 2314.0000 1
1487.0000 2351.0000 1
1492.0000 2393.0000 1
1488.0000 2429.0000 1
1517.0000 2196.0000 1
1557.0000 2215.0000 1
1556.0000 2078.0000 1
1602.0000 2079.0000 1
1604.0000 2118.0000 1
1604.0000 2074.0000 1
1605.0000 2199.0000 1
1601.0000 2237.0000 1
1604.0000 2272.0000 1
1603.0000 2316.0000 1
1604.0000 2355.0000 1
1604.0000 2391.0000 1
1603.0000 2427.0000 1
1477.0000 2491.0000 1
1458.0000 2546.0000 1
1468.0000 2613.0000 1
1494.0000 2552.0000 1
1548.0000 2553.0000 1
1594.0000 2544.0000 1
1605.0000 2494.0000 1
1488.0000 2659.0000 1
1486.0000 2703.0000 1
1488.0000 2735.0000 1
1488.0000 2776.0000 1
1457.0000 2775.0000 1
1489.0000 2813.0000 1
1488.0000 2855.0000 1
1457.0000 2890.0000 1
1488.0000 2893.0000 1
1487.0000 2932.0000 1
1544.0000 2775.0000 1
1547.0000 2699.0000 1
1535.0000 2668.0000 1
1583.0000 2660.0000 1
1585.0000 2701.0000 1
1585.0000 2738.0000 1
1584.0000 2777.0000 1
1586.0000 2815.0000 1
1581.0000 2852.0000 1
1586.0000 2894.0000 1
1583.0000 2933.0000 1
1485.0000 3010.0000 1
1439.0000 3046.0000 1
1448.0000 3124.0000 1
1488.0000 3085.0000 1
1493.0000 3124.0000 1
1489.0000 3162.0000 1
1485.0000 3201.0000 1
1492.0000 3244.0000 1
1487.0000 3279.0000 1
1490.0000 3316.0000 1
1488.0000 3357.0000 1
1583.0000 3065.0000 1
1624.0000 3107.0000 1
1588.0000 3102.0000 1
1585.0000 3146.0000 1
1583.0000 3182.0000 1
1601.0000 3205.0000 1
1584.0000 3223.0000 1
1584.0000 3258.0000 1
1584.0000 3300.0000 1
1586.0000 3341.0000 1
1582.0000 3373.0000 1
1584.0000 3417.0000 1
1613.0000 3420.0000 1
1632.0000 3435.0000 1
1640.0000 3473.0000 1
1671.0000 3463.0000 1
1499.0000 3493.0000 1
1487.0000 3528.0000 1
1488.0000 3570.0000 1
1486.0000 3596.0000 1
1487.0000 3643.0000 1
1487.0000 3685.0000 1
1487.0000 3722.0000 1
1488.0000 3763.0000 1
1487.0000 3800.0000 1
1488.0000 3841.0000 1
1488.0000 3878.0000 1
1547.0000 3703.0000 1
1543.0000 3742.0000 1
1582.0000 3572.0000 1
1583.0000 3604.0000 1
1584.0000 3648.0000 1
1584.0000 3686.0000 1
1580.0000 3722.0000 1
1584.0000 3764.0000 1
1583.0000 3801.0000 1
1584.0000 3842.0000 1
1586.0000 3878.0000 1
1624.0000 3861.0000 1
1633.0000 3901.0000 1
1661.0000 3889.0000 1
1622.0000 3648.0000 1
1631.0000 3607.0000 1
1651.0000 3568.0000 1
1187.0000 114.0000 1
1225.0000 83.0000 1
1253.0000 91.0000 1
1283.0000 86.0000 1
1251.0000 128.0000 1
1249.0000 163.0000 1
1252.0000 206.0000 1
1230.0000 225.0000 1
1250.0000 245.0000 1
1287.0000 243.0000 1
1254.0000 283.0000 1
1254.0000 324.0000 1
1292.0000 324.0000 1
1319.0000 48.0000 1
1329.0000 83.0000 1
1327.0000 126.0000 1
1329.0000 166.0000 1
1329.0000 204.0000 1
1330.0000 244.0000 1
1329.0000 284.0000 1
1329.0000 321.0000 1
1396.0000 68.0000 1
1417.0000 128.0000 1
1415.0000 167.0000 1
1405.0000 211.0000 1
1366.0000 265.0000 1
1376.0000 333.0000 1
1415.0000 327.0000 1
1260.0000 533.0000 1
1260.0000 571.0000 1
1258.0000 610.0000 1
1259.0000 648.0000 1
1257.0000 689.0000 1
1259.0000 727.0000 1
1259.0000 765.0000 1
1258.0000 804.0000 1
1258.0000 864.0000 1
1297.0000 611.0000 1
1298.0000 574.0000 1
1298.0000 531.0000 1
1339.0000 453.0000 1
1337.0000 493.0000 1
1334.0000 533.0000 1
1335.0000 573.0000 1
1336.0000 612.0000 1
1336.0000 650.0000 1
1336.0000 689.0000 1
1337.0000 733.0000 1
1336.0000 768.0000 1
1335.0000 803.0000 1
1335.0000 844.0000 1
1333.0000 885.0000 1
1384.0000 806.0000 1
1279.0000 990.0000 1
1279.0000 1062.0000 1
1236.0000 1135.0000 1
1239.0000 1174.0000 1
1238.0000 1210.0000 1
1239.0000 1250.0000 1
1239.0000 1288.0000 1
1239.0000 1329.0000 1
1238.0000 1364.0000 1
1238.0000 1408.0000 1
1208.0000 1406.0000 1
1238.0000 1444.0000 1
1277.0000 1193.0000 1
1315.0000 1152.0000 1
1296.0000 1319.0000 1
1357.0000 1068.0000 1
1356.0000 1130.0000 1
1356.0000 1172.0000 1
1401.0000 976.0000 1
1395.0000 1192.0000 1
1359.0000 1214.0000 1
1375.0000 1231.0000 1
1357.0000 1251.0000 1
1354.0000 1288.0000 1
1353.0000 1326.0000 1
1357.0000 1368.0000 1
1356.0000 1406.0000 1
1051.0000 88.0000 1
1047.0000 125.0000 1
1049.0000 170.0000 1
1044.0000 206.0000 1
1046.0000 246.0000 1
1048.0000 280.0000 1
1046.0000 322.0000 1
1099.0000 334.0000 1
1106.0000 127.0000 1
1096.0000 95.0000 1
1136.0000 86.0000 1
1134.0000 128.0000 1
1132.0000 162.0000 1
1134.0000 204.0000 1
1135.0000 247.0000 1
1135.0000 280.0000 1
1136.0000 322.0000 1
1153.0000 387.0000 1
1182.0000 339.0000 1
1232.0000 395.0000 1
1036.0000 456.0000 1
1090.0000 425.0000 1
1162.0000 465.0000 1
1233.0000 507.0000 1
1047.0000 534.0000 1
1049.0000 572.0000 1
1045.0000 608.0000 1
1046.0000 650.0000 1
1046.0000 689.0000 1
1046.0000 730.0000 1
1044.0000 763.0000 1
1048.0000 805.0000 1
1047.0000 847.0000 1
1047.0000 887.0000 1
1105.0000 805.0000 1
1092.0000 764.0000 1
1074.0000 727.0000 1
1087.0000 613.0000 1
1086.0000 533.0000 1
1128.0000 633.0000 1
1142.0000 529.0000 1
1144.0000 573.0000 1
1142.0000 610.0000 1
1143.0000 650.0000 1
1146.0000 690.0000 1
1142.0000 729.0000 1
1141.0000 768.0000 1
1142.0000 804.0000 1
1185.0000 592.0000 1
1221.0000 648.0000 1
1218.0000 861.0000 1
1183.0000 863.0000 1
1094.0000 900.0000 1
1085.0000 928.0000 1
1029.0000 942.0000 1
1027.0000 998.0000 1
1144.0000 1009.0000 1
1174.0000 996.0000 1
1202.0000 1000.0000 1
1174.0000 942.0000 1
998.0000 1066.0000 1
998.0000 1104.0000 1
995.0000 1145.0000 1
999.0000 1181.0000 1
997.0000 1222.0000 1
996.0000 1261.0000 1
997.0000 1298.0000 1
998.0000 1339.0000 1
996.0000 1393.0000 1
1055.0000 1431.0000 1
1093.0000 1452.0000 1
1095.0000 1424.0000 1
1055.0000 1400.0000 1
1054.0000 1363.0000 1
1083.0000 1384.0000 1
1094.0000 1355.0000 1
1053.0000 1325.0000 1
1053.0000 1284.0000 1
1056.0000 1249.0000 1
1058.0000 1210.0000 1
1057.0000 1172.0000 1
1058.0000 1136.0000 1
1059.0000 1092.0000 1
1048.0000 1056.0000 1
1078.0000 1154.0000 1
1102.0000 1171.0000 1
1171.0000 1055.0000 1
1173.0000 1093.0000 1
1172.0000 1135.0000 1
1137.0000 1134.0000 1
1174.0000 1179.0000 1
1172.0000 1212.0000 1
1170.0000 1251.0000 1
1152.0000 1270.0000 1
1172.0000 1292.0000 1
1172.0000 1330.0000 1
1171.0000 1368.0000 1
1170.0000 1408.0000 1
784.0000 30.0000 1
806.0000 107.0000 1
842.0000 85.0000 1
844.0000 130.0000 1
843.0000 166.0000 1
844.0000 206.0000 1
843.0000 245.0000 1
845.0000 282.0000 1
843.0000 322.0000 1
843.0000 361.0000 1
882.0000 166.0000 1
884.0000 88.0000 1
930.0000 85.0000 1
933.0000 127.0000 1
932.0000 163.0000 1
931.0000 205.0000 1
931.0000 246.0000 1
904.0000 264.0000 1
929.0000 286.0000 1
933.0000 321.0000 1
930.0000 370.0000 1
991.0000 165.0000 1
826.0000 440.0000 1
965.0000 459.0000 1
581.0000 79.0000 1
642.0000 90.0000 1
642.0000 128.0000 1
637.0000 164.0000 1
642.0000 208.0000 1
641.0000 248.0000 1
641.0000 285.0000 1
642.0000 323.0000 1
640.0000 361.0000 1
671.0000 360.0000 1
681.0000 164.0000 1
680.0000 84.0000 1
710.0000 437.0000 1
730.0000 359.0000 1
732.0000 321.0000 1
767.0000 323.0000 1
726.0000 287.0000 1
727.0000 244.0000 1
726.0000 117.0000 1
729.0000 166.0000 1
729.0000 130.0000 1
728.0000 86.0000 1
805.0000 594.0000 1
782.0000 653.0000 1
842.0000 631.0000 1
855.0000 706.0000 1
872.0000 799.0000 1
845.0000 826.0000 1
843.0000 864.0000 1
890.0000 848.0000 1
889.0000 883.0000 1
950.0000 919.0000 1
932.0000 883.0000 1
929.0000 846.0000 1
930.0000 804.0000 1
925.0000 765.0000 1
933.0000 726.0000 1
928.0000 689.0000 1
958.0000 690.0000 1
932.0000 651.0000 1
929.0000 612.0000 1
931.0000 570.0000 1
929.0000 535.0000 1
1001.0000 514.0000 1
573.0000 325.0000 1
611.0000 474.0000 1
610.0000 503.0000 1
601.0000 575.0000 1
654.0000 571.0000 1
640.0000 648.0000 1
642.0000 688.0000 1
638.0000 728.0000 1
640.0000 766.0000 1
641.0000 805.0000 1
640.0000 842.0000 1
641.0000 883.0000 1
689.0000 890.0000 1
689.0000 843.0000 1
688.0000 804.0000 1
729.0000 863.0000 1
727.0000 628.0000 1
896.0000 1027.0000 1
881.0000 971.0000 1
823.0000 961.0000 1
746.0000 958.0000 1
602.0000 953.0000 1
599.0000 1009.0000 1
828.0000 1065.0000 1
803.0000 1085.0000 1
824.0000 1104.0000 1
825.0000 1144.0000 1
823.0000 1181.0000 1
823.0000 1222.0000 1
825.0000 1261.0000 1
821.0000 1298.0000 1
822.0000 1356.0000 1
843.0000 1399.0000 1
882.0000 1336.0000 1
881.0000 1296.0000 1
882.0000 1263.0000 1
880.0000 1215.0000 1
880.0000 1178.0000 1
882.0000 1143.0000 1
882.0000 1102.0000 1
879.0000 1065.0000 1
750.0000 1088.0000 1
753.0000 1216.0000 1
754.0000 1258.0000 1
773.0000 1307.0000 1
747.0000 1358.0000 1
710.0000 1301.0000 1
709.0000 1261.0000 1
707.0000 1223.0000 1
706.0000 1181.0000 1
707.0000 1146.0000 1
704.0000 1102.0000 1
708.0000 1067.0000 1
638.0000 1105.0000 1
639.0000 1145.0000 1
641.0000 1179.0000 1
637.0000 1222.0000 1
638.0000 1256.0000 1
639.0000 1298.0000 1
640.0000 1337.0000 1
640.0000 1375.0000 1
641.0000 1415.0000 1
602.0000 1394.0000 1
638.0000 1455.0000 1
1796.0000 1505.0000 1
1756.0000 1494.0000 1
1717.0000 1484.0000 1
1679.0000 1484.0000 1
1631.0000 1473.0000 1
1533.0000 1492.0000 1
1051.0000 1481.0000 1
1002.0000 1482.0000 1
811.0000 1481.0000 1
1758.0000 1524.0000 1
1719.0000 1525.0000 1
1678.0000 1524.0000 1
1640.0000 1525.0000 1
1601.0000 1522.0000 1
1563.0000 1524.0000 1
1523.0000 1524.0000 1
1485.0000 1521.0000 1
1448.0000 1524.0000 1
1408.0000 1523.0000 1
1370.0000 1524.0000 1
1332.0000 1523.0000 1
1292.0000 1524.0000 1
1252.0000 1523.0000 1
1215.0000 1523.0000 1
1175.0000 1522.0000 1
1140.0000 1523.0000 1
1097.0000 1524.0000 1
1060.0000 1522.0000 1
1022.0000 1522.0000 1
982.0000 1521.0000 1
947.0000 1522.0000 1
905.0000 1521.0000 1
865.0000 1522.0000 1
829.0000 1522.0000 1
790.0000 1523.0000 1
752.0000 1520.0000 1
713.0000 1520.0000 1
675.0000 1521.0000 1
634.0000 1522.0000 1
597.0000 1521.0000 1
557.0000 1521.0000 1
1757.0000 1647.0000 1
1759.0000 1687.0000 1
1739.0000 1773.0000 1
1720.0000 1598.0000 1
1699.0000 1744.0000 1
1679.0000 1696.0000 1
1660.0000 1559.0000 1
1640.0000 1658.0000 1
1622.0000 1820.0000 1
1606.0000 1548.0000 1
1563.0000 1551.0000 1
1574.0000 1596.0000 1
1574.0000 1763.0000 1
1548.0000 1832.0000 1
1488.0000 1562.0000 1
1451.0000 1561.0000 1
1464.0000 1610.0000 1
1488.0000 1715.0000 1
1410.0000 1627.0000 1
1411.0000 1693.0000 1
1391.0000 1776.0000 1
1370.0000 1594.0000 1
1361.0000 1626.0000 1
1334.0000 1754.0000 1
1313.0000 1783.0000 1
1274.0000 1560.0000 1
1178.0000 1813.0000 1
1140.0000 1814.0000 1
1080.0000 1693.0000 1
1042.0000 1706.0000 1
1004.0000 1636.0000 1
927.0000 1618.0000 1
928.0000 1667.0000 1
869.0000 1743.0000 1
871.0000 1842.0000 1
830.0000 1765.0000 1
811.0000 1642.0000 1
782.0000 1630.0000 1
752.0000 1611.0000 1
713.0000 1570.0000 1
716.0000 1842.0000 1
676.0000 1751.0000 1
676.0000 1821.0000 1
628.0000 1762.0000 1
611.0000 1716.0000 1
634.0000 1596.0000 1
598.0000 1607.0000 1
560.0000 1646.0000 1
560.0000 1685.0000 1
521.0000 1784.0000 1
1756.0000 1869.0000 1
1717.0000 1869.0000 1
1680.0000 1870.0000 1
1642.0000 1871.0000 1
1602.0000 1871.0000 1
1564.0000 1871.0000 1
1526.0000 1870.0000 1
1487.0000 1871.0000 1
1448.0000 1873.0000 1
1409.0000 1871.0000 1
1369.0000 1872.0000 1
1333.0000 1872.0000 1
1294.0000 1872.0000 1
1253.0000 1873.0000 1
1218.0000 1872.0000 1
1176.0000 1870.0000 1
1139.0000 1869.0000 1
1100.0000 1872.0000 1
1061.0000 1871.0000 1
1024.0000 1869.0000 1
983.0000 1871.0000 1
945.0000 1870.0000 1
904.0000 1870.0000 1
869.0000 1870.0000 1
829.0000 1870.0000 1
789.0000 1872.0000 1
751.0000 1867.0000 1
713.0000 1872.0000 1
674.0000 1868.0000 1
637.0000 1869.0000 1
596.0000 1871.0000 1
557.0000 1872.0000 1
1642.0000 1902.0000 1
1563.0000 1899.0000 1
1456.0000 1928.0000 1
1256.0000 1899.0000 1
1234.0000 1936.0000 1
1144.0000 1909.0000 1
1102.0000 1910.0000 1
1060.0000 1909.0000 1
984.0000 1898.0000 1
948.0000 1909.0000 1
883.0000 1927.0000 1
848.0000 1907.0000 1
769.0000 1906.0000 1
716.0000 1899.0000 1
674.0000 1908.0000 1
599.0000 1908.0000 1
1475.0000 1984.0000 1
1428.0000 2007.0000 1
1429.0000 2044.0000 1
1430.0000 2082.0000 1
1430.0000 2122.0000 1
1429.0000 2160.0000 1
1429.0000 2198.0000 1
1430.0000 2238.0000 1
1429.0000 2277.0000 1
1428.0000 2314.0000 1
1432.0000 2369.0000 1
1428.0000 2391.0000 1
1429.0000 2427.0000 1
1425.0000 2493.0000 1
1380.0000 2004.0000 1
1410.0000 2102.0000 1
1380.0000 2239.0000 1
1409.0000 2370.0000 1
1352.0000 2311.0000 1
1351.0000 2340.0000 1
1351.0000 2410.0000 1
1313.0000 2156.0000 1
1270.0000 2334.0000 1
1274.0000 2490.0000 1
1379.0000 2550.0000 1
1343.0000 2547.0000 1
1362.0000 2602.0000 1
1291.0000 2527.0000 1
1265.0000 2560.0000 1
1286.0000 2635.0000 1
1363.0000 2662.0000 1
1369.0000 2701.0000 1
1394.0000 2722.0000 1
1371.0000 2740.0000 1
1370.0000 2782.0000 1
1370.0000 2817.0000 1
1369.0000 2857.0000 1
1409.0000 2886.0000 1
1369.0000 2894.0000 1
1369.0000 2935.0000 1
1273.0000 2933.0000 1
1272.0000 2893.0000 1
1273.0000 2852.0000 1
1274.0000 2814.0000 1
1275.0000 2780.0000 1
1272.0000 2737.0000 1
1271.0000 2701.0000 1
1273.0000 2664.0000 1
1234.0000 2963.0000 1
1272.0000 2961.0000 1
1390.0000 2982.0000 1
1252.0000 3025.0000 1
1343.0000 3049.0000 1
1372.0000 3087.0000 1
1372.0000 3128.0000 1
1373.0000 3166.0000 1
1371.0000 3201.0000 1
1372.0000 3240.0000 1
1369.0000 3287.0000 1
1369.0000 3317.0000 1
1374.0000 3358.0000 1
1328.0000 3417.0000 1
1294.0000 3421.0000 1
1271.0000 3357.0000 1
1276.0000 3318.0000 1
1274.0000 3278.0000 1
1233.0000 3280.0000 1
1273.0000 3239.0000 1
1275.0000 3199.0000 1
1273.0000 3164.0000 1
1276.0000 3126.0000 1
1275.0000 3085.0000 1
1224.0000 3184.0000 1
1194.0000 3144.0000 1
1320.0000 3201.0000 1
1322.0000 3260.0000 1
1392.0000 3504.0000 1
1423.0000 3532.0000 1
1399.0000 3764.0000 1
1408.0000 3862.0000 1
1439.0000 3890.0000 1
1370.0000 3528.0000 1
1370.0000 3569.0000 1
1368.0000 3612.0000 1
1369.0000 3646.0000 1
1371.0000 3683.0000 1
1370.0000 3723.0000 1
1370.0000 3765.0000 1
1367.0000 3801.0000 1
1368.0000 3840.0000 1
1367.0000 3882.0000 1
1331.0000 3871.0000 1
1332.0000 3792.0000 1
1312.0000 3586.0000 1
1274.0000 3528.0000 1
1272.0000 3567.0000 1
1272.0000 3606.0000 1
1272.0000 3648.0000 1
1273.0000 3683.0000 1
1272.0000 3722.0000 1
1273.0000 3764.0000 1
1274.0000 3808.0000 1
1274.0000 3841.0000 1
1274.0000 3879.0000 1
1234.0000 2182.0000 1
1248.0000 2241.0000 1
1226.0000 2276.0000 1
1195.0000 2006.0000 1
1198.0000 2043.0000 1
1199.0000 2079.0000 1
1197.0000 2119.0000 1
1199.0000 2162.0000 1
1196.0000 2200.0000 1
1198.0000 2238.0000 1
1195.0000 2278.0000 1
1197.0000 2317.0000 1
1198.0000 2357.0000 1
1196.0000 2392.0000 1
1197.0000 2432.0000 1
1206.0000 2489.0000 1
1157.0000 2003.0000 1
1157.0000 2042.0000 1
1158.0000 2081.0000 1
1158.0000 2118.0000 1
1159.0000 2162.0000 1
1156.0000 2200.0000 1
1156.0000 2240.0000 1
1156.0000 2278.0000 1
1159.0000 2315.0000 1
1157.0000 2351.0000 1
1160.0000 2393.0000 1
1159.0000 2431.0000 1
1155.0000 2472.0000 1
1161.0000 2509.0000 1
1119.0000 2470.0000 1
1191.0000 2576.0000 1
1119.0000 2573.0000 1
1194.0000 2740.0000 1
1155.0000 2661.0000 1
1159.0000 2700.0000 1
1159.0000 2738.0000 1
1160.0000 2776.0000 1
1161.0000 2815.0000 1
1159.0000 2854.0000 1
1157.0000 2892.0000 1
1163.0000 2929.0000 1
1108.0000 2815.0000 1
1108.0000 2912.0000 1
1082.0000 2758.0000 1
1062.0000 2657.0000 1
1063.0000 2701.0000 1
1064.0000 2739.0000 1
1062.0000 2776.0000 1
1063.0000 2816.0000 1
1061.0000 2850.0000 1
1060.0000 2894.0000 1
1059.0000 2933.0000 1
1176.0000 3028.0000 1
1158.0000 3088.0000 1
1160.0000 3126.0000 1
1155.0000 3166.0000 1
1158.0000 3201.0000 1
1159.0000 3242.0000 1
1157.0000 3282.0000 1
1158.0000 3320.0000 1
1158.0000 3356.0000 1
1109.0000 3068.0000 1
1121.0000 3105.0000 1
1097.0000 3206.0000 1
1064.0000 3088.0000 1
1062.0000 3131.0000 1
1064.0000 3162.0000 1
1062.0000 3203.0000 1
1061.0000 3241.0000 1
1059.0000 3280.0000 1
1061.0000 3320.0000 1
1062.0000 3357.0000 1
1213.0000 3625.0000 1
1224.0000 3667.0000 1
1186.0000 3743.0000 1
1204.0000 3783.0000 1
1157.0000 3530.0000 1
1158.0000 3569.0000 1
1159.0000 3611.0000 1
1160.0000 3645.0000 1
1153.0000 3686.0000 1
1158.0000 3729.0000 1
1158.0000 3765.0000 1
1156.0000 3801.0000 1
1157.0000 3843.0000 1
1157.0000 3880.0000 1
1118.0000 3501.0000 1
1118.0000 3794.0000 1
1118.0000 3870.0000 1
1059.0000 3529.0000 1
1061.0000 3568.0000 1
1063.0000 3607.0000 1
1062.0000 3647.0000 1
1061.0000 3682.0000 1
1062.0000 3730.0000 1
1059.0000 3763.0000 1
1061.0000 3801.0000 1
1059.0000 3842.0000 1
1060.0000 3880.0000 1
954.0000 1976.0000 1
955.0000 2023.0000 1
1083.0000 2026.0000 1
1073.0000 2061.0000 1
1012.0000 2100.0000 1
1072.0000 2198.0000 1
981.0000 2279.0000 1
1050.0000 2507.0000 1
964.0000 2624.0000 1
1005.0000 2681.0000 1
984.0000 2719.0000 1
1031.0000 3009.0000 1
1004.0000 3059.0000 1
970.0000 3018.0000 1
1003.0000 3426.0000 1
968.0000 3425.0000 1
928.0000 2006.0000 1
928.0000 2048.0000 1
928.0000 2081.0000 1
927.0000 2122.0000 1
927.0000 2159.0000 1
928.0000 2200.0000 1
925.0000 2241.0000 1
927.0000 2276.0000 1
926.0000 2317.0000 1
928.0000 2354.0000 1
926.0000 2391.0000 1
929.0000 2429.0000 1
926.0000 2469.0000 1
924.0000 2508.0000 1
886.0000 2003.0000 1
889.0000 2045.0000 1
888.0000 2083.0000 1
888.0000 2120.0000 1
889.0000 2159.0000 1
887.0000 2201.0000 1
886.0000 2241.0000 1
890.0000 2276.0000 1
886.0000 2315.0000 1
888.0000 2353.0000 1
888.0000 2392.0000 1
886.0000 2430.0000 1
887.0000 2468.0000 1
889.0000 2509.0000 1
910.0000 2588.0000 1
947.0000 2662.0000 1
869.0000 2633.0000 1
947.0000 2659.0000 1
946.0000 2700.0000 1
946.0000 2740.0000 1
946.0000 2777.0000 1
947.0000 2815.0000 1
945.0000 2856.0000 1
947.0000 2894.0000 1
944.0000 2932.0000 1
847.0000 2929.0000 1
848.0000 2891.0000 1
850.0000 2854.0000 1
847.0000 2813.0000 1
848.0000 2775.0000 1
847.0000 2736.0000 1
849.0000 2699.0000 1
849.0000 2665.0000 1
863.0000 2987.0000 1
867.0000 3019.0000 1
944.0000 3021.0000 1
941.0000 3088.0000 1
944.0000 3127.0000 1
945.0000 3160.0000 1
945.0000 3203.0000 1
943.0000 3242.0000 1
945.0000 3275.0000 1
946.0000 3321.0000 1
945.0000 3359.0000 1
849.0000 3087.0000 1
849.0000 3125.0000 1
850.0000 3162.0000 1
848.0000 3202.0000 1
850.0000 3242.0000 1
850.0000 3283.0000 1
853.0000 3319.0000 1
938.0000 3441.0000 1
910.0000 3440.0000 1
943.0000 3530.0000 1
947.0000 3570.0000 1
943.0000 3609.0000 1
946.0000 3647.0000 1
947.0000 3683.0000 1
947.0000 3725.0000 1
947.0000 3761.0000 1
946.0000 3803.0000 1
946.0000 3843.0000 1
946.0000 3883.0000 1
904.0000 3703.0000 1
928.0000 3742.0000 1
904.0000 3793.0000 1
895.0000 3834.0000 1
897.0000 3859.0000 1
867.0000 3522.0000 1
848.0000 3607.0000 1
848.0000 3647.0000 1
849.0000 3683.0000 1
848.0000 3727.0000 1
852.0000 3757.0000 1
850.0000 3800.0000 1
849.0000 3841.0000 1
850.0000 3878.0000 1
826.0000 3821.0000 1
811.0000 3858.0000 1
694.0000 1955.0000 1
824.0000 1976.0000 1
804.0000 2041.0000 1
793.0000 2081.0000 1
762.0000 2117.0000 1
803.0000 2142.0000 1
750.0000 2159.0000 1
773.0000 2180.0000 1
861.0000 2487.0000 1
831.0000 2503.0000 1
842.0000 2583.0000 1
759.0000 2718.0000 1
791.0000 2779.0000 1
780.0000 2967.0000 1
829.0000 3000.0000 1
808.0000 3237.0000 1
819.0000 3279.0000 1
760.0000 3319.0000 1
780.0000 3424.0000 1
808.0000 3444.0000 1
785.0000 3527.0000 1
780.0000 3572.0000 1
748.0000 3550.0000 1
750.0000 3708.0000 1
655.0000 1966.0000 1
656.0000 2011.0000 1
655.0000 2040.0000 1
656.0000 2082.0000 1
658.0000 2123.0000 1
656.0000 2160.0000 1
656.0000 2198.0000 1
658.0000 2239.0000 1
657.0000 2274.0000 1
657.0000 2314.0000 1
657.0000 2356.0000 1
657.0000 2390.0000 1
654.0000 2430.0000 1
655.0000 2469.0000 1
656.0000 2509.0000 1
599.0000 2004.0000 1
597.0000 2042.0000 1
598.0000 2081.0000 1
596.0000 2122.0000 1
598.0000 2161.0000 1
599.0000 2196.0000 1
600.0000 2239.0000 1
597.0000 2278.0000 1
597.0000 2317.0000 1
598.0000 2354.0000 1
597.0000 2393.0000 1
598.0000 2432.0000 1
597.0000 2516.0000 1
598.0000 2551.0000 1
734.0000 2663.0000 1
735.0000 2701.0000 1
735.0000 2741.0000 1
735.0000 2780.0000 1
735.0000 2814.0000 1
734.0000 2851.0000 1
732.0000 2896.0000 1
734.0000 2932.0000 1
704.0000 2834.0000 1
680.0000 2771.0000 1
689.0000 2693.0000 1
697.0000 2630.0000 1
657.0000 2881.0000 1
639.0000 2595.0000 1
636.0000 2631.0000 1
639.0000 2673.0000 1
637.0000 2708.0000 1
635.0000 2748.0000 1
635.0000 2787.0000 1
635.0000 2822.0000 1
636.0000 2863.0000 1
636.0000 2902.0000 1
636.0000 2944.0000 1
598.0000 2592.0000 1
600.0000 2629.0000 1
596.0000 2671.0000 1
598.0000 2707.0000 1
596.0000 2748.0000 1
596.0000 2787.0000 1
597.0000 2825.0000 1
598.0000 2863.0000 1
595.0000 2900.0000 1
595.0000 2943.0000 1
733.0000 3020.0000 1
628.0000 2998.0000 1
547.0000 3010.0000 1
734.0000 3087.0000 1
733.0000 3125.0000 1
736.0000 3164.0000 1
732.0000 3202.0000 1
732.0000 3237.0000 1
733.0000 3277.0000 1
734.0000 3320.0000 1
703.0000 3459.0000 1
692.0000 3587.0000 1
733.0000 3607.0000 1
731.0000 3644.0000 1
733.0000 3687.0000 1
734.0000 3723.0000 1
732.0000 3767.0000 1
732.0000 3804.0000 1
734.0000 3844.0000 1
733.0000 3880.0000 1
674.0000 3086.0000 1
676.0000 3122.0000 1
674.0000 3169.0000 1
674.0000 3199.0000 1
672.0000 3241.0000 1
675.0000 3279.0000 1
677.0000 3320.0000 1
676.0000 3359.0000 1
675.0000 3396.0000 1
674.0000 3436.0000 1
666.0000 3472.0000 1
676.0000 3531.0000 1
675.0000 3571.0000 1
672.0000 3609.0000 1
674.0000 3648.0000 1
675.0000 3684.0000 1
675.0000 3726.0000 1
674.0000 3764.0000 1
674.0000 3802.0000 1
674.0000 3844.0000 1
676.0000 3877.0000 1
578.0000 3144.0000 1
620.0000 3223.0000 1
640.0000 3271.0000 1
607.0000 3341.0000 1
636.0000 3439.0000 1
597.0000 3533.0000 1
609.0000 3940.0000 1
438.0000 49.0000 1
417.0000 284.0000 1
457.0000 122.0000 1
453.0000 162.0000 1
454.0000 202.0000 1
456.0000 242.0000 1
457.0000 282.0000 1
457.0000 320.0000 1
456.0000 361.0000 1
484.0000 185.0000 1
524.0000 122.0000 1
525.0000 166.0000 1
526.0000 204.0000 1
523.0000 245.0000 1
524.0000 283.0000 1
526.0000 323.0000 1
524.0000 361.0000 1
559.0000 390.0000 1
390.0000 410.0000 1
363.0000 47.0000 1
339.0000 124.0000 1
340.0000 165.0000 1
340.0000 204.0000 1
342.0000 243.0000 1
341.0000 282.0000 1
341.0000 323.0000 1
342.0000 359.0000 1
322.0000 48.0000 1
302.0000 127.0000 1
300.0000 163.0000 1
302.0000 203.0000 1
301.0000 244.0000 1
302.0000 285.0000 1
305.0000 325.0000 1
304.0000 362.0000 1
247.0000 382.0000 1
223.0000 282.0000 1
212.0000 110.0000 1
233.0000 50.0000 1
169.0000 41.0000 1
186.0000 128.0000 1
186.0000 164.0000 1
186.0000 203.0000 1
189.0000 246.0000 1
186.0000 285.0000 1
186.0000 322.0000 1
188.0000 361.0000 1
148.0000 358.0000 1
147.0000 322.0000 1
147.0000 287.0000 1
150.0000 244.0000 1
149.0000 207.0000 1
149.0000 166.0000 1
149.0000 129.0000 1
111.0000 168.0000 1
91.0000 51.0000 1
54.0000 48.0000 1
33.0000 126.0000 1
33.0000 167.0000 1
35.0000 118.0000 1
35.0000 248.0000 1
33.0000 360.0000 1
31.0000 364.0000 1
33.0000 368.0000 1
34.0000 372.0000 1
33.0000 323.0000 1
34.0000 362.0000 1
63.0000 360.0000 1
90.0000 324.0000 1
534.0000 473.0000 1
529.0000 610.0000 1
494.0000 504.0000 1
467.0000 475.0000 1
437.0000 532.0000 1
454.0000 603.0000 1
397.0000 524.0000 1
415.0000 479.0000 1
366.0000 604.0000 1
322.0000 524.0000 1
312.0000 465.0000 1
272.0000 522.0000 1
273.0000 571.0000 1
262.0000 436.0000 1
229.0000 452.0000 1
224.0000 484.0000 1
119.0000 573.0000 1
117.0000 526.0000 1
54.0000 574.0000 1
52.0000 493.0000 1
64.0000 453.0000 1
4.0000 554.0000 1
-47.0000 512.0000 1
4.0000 602.0000 1
34.0000 632.0000 1
12.0000 666.0000 1
550.0000 691.0000 1
525.0000 650.0000 1
525.0000 689.0000 1
521.0000 729.0000 1
523.0000 766.0000 1
523.0000 805.0000 1
521.0000 841.0000 1
527.0000 884.0000 1
455.0000 1299.0000 1
427.0000 884.0000 1
428.0000 843.0000 1
429.0000 804.0000 1
428.0000 768.0000 1
427.0000 728.0000 1
426.0000 685.0000 1
430.0000 648.0000 1
370.0000 725.0000 1
387.0000 781.0000 1
367.0000 823.0000 1
311.0000 883.0000 1
311.0000 839.0000 1
313.0000 801.0000 1
313.0000 767.0000 1
309.0000 724.0000 1
311.0000 685.0000 1
316.0000 649.0000 1
234.0000 650.0000 1
234.0000 685.0000 1
234.0000 724.0000 1
212.0000 745.0000 1
233.0000 764.0000 1
233.0000 802.0000 1
235.0000 843.0000 1
236.0000 885.0000 1
158.0000 670.0000 1
117.0000 646.0000 1
118.0000 688.0000 1
119.0000 728.0000 1
118.0000 767.0000 1
120.0000 805.0000 1
119.0000 842.0000 1
120.0000 882.0000 1
544.0000 1038.0000 1
522.0000 951.0000 1
477.0000 1046.0000 1
475.0000 979.0000 1
449.0000 1050.0000 1
396.0000 976.0000 1
299.0000 941.0000 1
243.0000 918.0000 1
262.0000 991.0000 1
214.0000 951.0000 1
205.0000 987.0000 1
225.0000 1026.0000 1
166.0000 979.0000 1
127.0000 1015.0000 1
106.0000 972.0000 1
89.0000 1017.0000 1
23.0000 968.0000 1
-61.0000 801.0000 1
-57.0000 32.0000 1
523.0000 1103.0000 1
524.0000 1143.0000 1
523.0000 1183.0000 1
522.0000 1223.0000 1
523.0000 1256.0000 1
523.0000 1296.0000 1
523.0000 1337.0000 1
523.0000 1377.0000 1
526.0000 1415.0000 1
523.0000 1454.0000 1
476.0000 1084.0000 1
476.0000 1121.0000 1
475.0000 1162.0000 1
475.0000 1199.0000 1
477.0000 1241.0000 1
474.0000 1277.0000 1
475.0000 1316.0000 1
478.0000 1355.0000 1
478.0000 1394.0000 1
475.0000 1431.0000 1
475.0000 1473.0000 1
878.0000 1506.0000 1
474.0000 1549.0000 1
475.0000 1587.0000 1
475.0000 1625.0000 1
478.0000 1665.0000 1
475.0000 1706.0000 1
475.0000 1743.0000 1
476.0000 1781.0000 1
476.0000 1830.0000 1
476.0000 1912.0000 1
436.0000 1087.0000 1
439.0000 1123.0000 1
438.0000 1160.0000 1
434.0000 1202.0000 1
436.0000 1238.0000 1
435.0000 1281.0000 1
436.0000 1320.0000 1
435.0000 1357.0000 1
436.0000 1396.0000 1
436.0000 1435.0000 1
438.0000 1473.0000 1
435.0000 1502.0000 1
435.0000 1552.0000 1
434.0000 1587.0000 1
436.0000 1627.0000 1
438.0000 1665.0000 1
437.0000 1703.0000 1
437.0000 1744.0000 1
438.0000 1781.0000 1
438.0000 1822.0000 1
437.0000 1862.0000 1
434.0000 1900.0000 1
391.0000 1086.0000 1
377.0000 1192.0000 1
385.0000 1230.0000 1
367.0000 1268.0000 1
378.0000 1551.0000 1
358.0000 1841.0000 1
346.0000 1899.0000 1
317.0000 1122.0000 1
322.0000 1162.0000 1
322.0000 1200.0000 1
319.0000 1239.0000 1
321.0000 1277.0000 1
319.0000 1317.0000 1
321.0000 1353.0000 1
321.0000 1394.0000 1
320.0000 1430.0000 1
320.0000 1471.0000 1
320.0000 1550.0000 1
321.0000 1590.0000 1
318.0000 1625.0000 1
319.0000 1664.0000 1
320.0000 1704.0000 1
321.0000 1743.0000 1
319.0000 1784.0000 1
321.0000 1821.0000 1
321.0000 1859.0000 1
319.0000 1899.0000 1
279.0000 1061.0000 1
283.0000 1122.0000 1
281.0000 1161.0000 1
281.0000 1198.0000 1
280.0000 1240.0000 1
282.0000 1274.0000 1
281.0000 1318.0000 1
281.0000 1355.0000 1
281.0000 1395.0000 1
281.0000 1435.0000 1
283.0000 1473.0000 1
281.0000 1550.0000 1
281.0000 1584.0000 1
282.0000 1626.0000 1
281.0000 1667.0000 1
281.0000 1704.0000 1
281.0000 1743.0000 1
284.0000 1783.0000 1
283.0000 1822.0000 1
282.0000 1860.0000 1
282.0000 1900.0000 1
216.0000 1181.0000 1
246.0000 1373.0000 1
241.0000 1433.0000 1
230.0000 1471.0000 1
260.0000 1514.0000 1
236.0000 1541.0000 1
235.0000 1838.0000 1
205.0000 1063.0000 1
167.0000 1100.0000 1
170.0000 1131.0000 1
166.0000 1084.0000 1
165.0000 1202.0000 1
167.0000 1239.0000 1
187.0000 1260.0000 1
168.0000 1281.0000 1
167.0000 1315.0000 1
165.0000 1360.0000 1
168.0000 1391.0000 1
167.0000 1434.0000 1
170.0000 1471.0000 1
167.0000 1550.0000 1
166.0000 1587.0000 1
165.0000 1626.0000 1
167.0000 1665.0000 1
167.0000 1711.0000 1
169.0000 1743.0000 1
167.0000 1781.0000 1
167.0000 1820.0000 1
168.0000 1858.0000 1
167.0000 1901.0000 1
131.0000 1055.0000 1
129.0000 1094.0000 1
128.0000 1132.0000 1
125.0000 1172.0000 1
128.0000 1213.0000 1
126.0000 1250.0000 1
128.0000 1290.0000 1
123.0000 1327.0000 1
127.0000 1367.0000 1
128.0000 1405.0000 1
129.0000 1443.0000 1
127.0000 1485.0000 1
128.0000 1522.0000 1
131.0000 1560.0000 1
129.0000 1599.0000 1
130.0000 1638.0000 1
130.0000 1678.0000 1
127.0000 1713.0000 1
128.0000 1753.0000 1
91.0000 1058.0000 1
89.0000 1097.0000 1
87.0000 1131.0000 1
87.0000 1169.0000 1
86.0000 1211.0000 1
86.0000 1248.0000 1
90.0000 1292.0000 1
87.0000 1240.0000 1
90.0000 1369.0000 1
86.0000 1408.0000 1
88.0000 1445.0000 1
90.0000 1483.0000 1
91.0000 1520.0000 1
88.0000 1558.0000 1
94.0000 1606.0000 1
91.0000 1639.0000 1
88.0000 1676.0000 1
89.0000 1629.0000 1
89.0000 1758.0000 1
53.0000 1057.0000 1
49.0000 1094.0000 1
49.0000 1135.0000 1
51.0000 1175.0000 1
51.0000 1213.0000 1
49.0000 1251.0000 1
50.0000 1288.0000 1
50.0000 1328.0000 1
51.0000 1366.0000 1
49.0000 1404.0000 1
51.0000 1444.0000 1
50.0000 1483.0000 1
51.0000 1522.0000 1
50.0000 1558.0000 1
53.0000 1600.0000 1
50.0000 1637.0000 1
50.0000 1673.0000 1
47.0000 1712.0000 1
50.0000 1754.0000 1
49.0000 1795.0000 1
11.0000 1055.0000 1
16.0000 1095.0000 1
12.0000 1134.0000 1
13.0000 1173.0000 1
15.0000 1210.0000 1
12.0000 1249.0000 1
11.0000 1289.0000 1
14.0000 1328.0000 1
13.0000 1368.0000 1
14.0000 1406.0000 1
16.0000 1441.0000 1
13.0000 1482.0000 1
14.0000 1521.0000 1
10.0000 1561.0000 1
12.0000 1594.0000 1
10.0000 1637.0000 1
15.0000 1678.0000 1
15.0000 1714.0000 1
11.0000 1753.0000 1
11.0000 1793.0000 1
21.0000 1882.0000 1
88.0000 1327.0000 1
88.0000 1712.0000 1
503.0000 2002.0000 1
512.0000 2040.0000 1
542.0000 2099.0000 1
521.0000 2140.0000 1
534.0000 2179.0000 1
484.0000 2098.0000 1
434.0000 2062.0000 1
414.0000 2020.0000 1
394.0000 2137.0000 1
426.0000 2198.0000 1
463.0000 2277.0000 1
484.0000 2313.0000 1
415.0000 2292.0000 1
435.0000 2373.0000 1
436.0000 2437.0000 1
463.0000 2438.0000 1
494.0000 2458.0000 1
484.0000 2516.0000 1
484.0000 2552.0000 1
483.0000 2592.0000 1
483.0000 2630.0000 1
484.0000 2671.0000 1
483.0000 2707.0000 1
484.0000 2748.0000 1
482.0000 2784.0000 1
482.0000 2824.0000 1
484.0000 2863.0000 1
485.0000 2903.0000 1
483.0000 2939.0000 1
521.0000 2941.0000 1
520.0000 2899.0000 1
523.0000 2862.0000 1
521.0000 2823.0000 1
521.0000 2787.0000 1
524.0000 2745.0000 1
520.0000 2709.0000 1
521.0000 2669.0000 1
522.0000 2631.0000 1
520.0000 2593.0000 1
473.0000 3011.0000 1
337.0000 1933.0000 1
359.0000 1964.0000 1
368.0000 2001.0000 1
368.0000 2039.0000 1
367.0000 2079.0000 1
367.0000 2118.0000 1
368.0000 2160.0000 1
367.0000 2197.0000 1
367.0000 2238.0000 1
368.0000 2275.0000 1
368.0000 2313.0000 1
370.0000 2351.0000 1
369.0000 2392.0000 1
365.0000 2427.0000 1
322.0000 2080.0000 1
319.0000 2118.0000 1
318.0000 2156.0000 1
319.0000 2199.0000 1
318.0000 2233.0000 1
319.0000 2274.0000 1
319.0000 2315.0000 1
318.0000 2352.0000 1
319.0000 2394.0000 1
318.0000 2428.0000 1
290.0000 1972.0000 1
281.0000 1999.0000 1
282.0000 2042.0000 1
280.0000 2078.0000 1
278.0000 2115.0000 1
280.0000 2161.0000 1
280.0000 2195.0000 1
279.0000 2236.0000 1
281.0000 2278.0000 1
280.0000 2312.0000 1
281.0000 2355.0000 1
280.0000 2392.0000 1
277.0000 2427.0000 1
348.0000 2503.0000 1
385.0000 2524.0000 1
387.0000 2554.0000 1
365.0000 2582.0000 1
376.0000 2622.0000 1
394.0000 2750.0000 1
395.0000 2952.0000 1
308.0000 2526.0000 1
279.0000 2527.0000 1
280.0000 2563.0000 1
321.0000 2604.0000 1
283.0000 2600.0000 1
316.0000 2640.0000 1
282.0000 2640.0000 1
321.0000 2680.0000 1
280.0000 2679.0000 1
320.0000 2717.0000 1
282.0000 2717.0000 1
320.0000 2757.0000 1
279.0000 2755.0000 1
318.0000 2798.0000 1
283.0000 2794.0000 1
319.0000 2833.0000 1
281.0000 2832.0000 1
318.0000 2870.0000 1
282.0000 2869.0000 1
321.0000 2910.0000 1
280.0000 2910.0000 1
320.0000 2949.0000 1
281.0000 2949.0000 1
557.0000 3089.0000 1
559.0000 3125.0000 1
556.0000 3164.0000 1
558.0000 3201.0000 1
558.0000 3240.0000 1
559.0000 3279.0000 1
558.0000 3317.0000 1
559.0000 3356.0000 1
561.0000 3393.0000 1
560.0000 3437.0000 1
490.0000 3277.0000 1
463.0000 3085.0000 1
462.0000 3122.0000 1
464.0000 3163.0000 1
463.0000 3200.0000 1
461.0000 3235.0000 1
464.0000 3278.0000 1
462.0000 3316.0000 1
464.0000 3355.0000 1
463.0000 3395.0000 1
464.0000 3434.0000 1
558.0000 3532.0000 1
559.0000 3568.0000 1
559.0000 3604.0000 1
562.0000 3645.0000 1
558.0000 3685.0000 1
561.0000 3724.0000 1
558.0000 3766.0000 1
559.0000 3800.0000 1
560.0000 3839.0000 1
561.0000 3879.0000 1
520.0000 3760.0000 1
509.0000 3800.0000 1
511.0000 3840.0000 1
509.0000 3879.0000 1
460.0000 3489.0000 1
443.0000 3519.0000 1
452.0000 3565.0000 1
464.0000 3606.0000 1
463.0000 3644.0000 1
461.0000 3685.0000 1
462.0000 3721.0000 1
463.0000 3761.0000 1
462.0000 3801.0000 1
462.0000 3840.0000 1
462.0000 3877.0000 1
444.0000 3036.0000 1
357.0000 3037.0000 1
394.0000 3260.0000 1
397.0000 3339.0000 1
396.0000 3418.0000 1
384.0000 3512.0000 1
388.0000 3548.0000 1
374.0000 3609.0000 1
403.0000 3646.0000 1
424.0000 3687.0000 1
406.0000 3743.0000 1
405.0000 3906.0000 1
442.0000 3919.0000 1
344.0000 3087.0000 1
349.0000 3124.0000 1
346.0000 3162.0000 1
347.0000 3201.0000 1
348.0000 3238.0000 1
347.0000 3275.0000 1
346.0000 3317.0000 1
349.0000 3358.0000 1
347.0000 3397.0000 1
349.0000 3432.0000 1
349.0000 3477.0000 1
347.0000 3511.0000 1
348.0000 3547.0000 1
346.0000 3604.0000 1
346.0000 3643.0000 1
347.0000 3687.0000 1
348.0000 3724.0000 1
346.0000 3762.0000 1
348.0000 3798.0000 1
344.0000 3839.0000 1
347.0000 3876.0000 1
324.0000 3413.0000 1
307.0000 3501.0000 1
296.0000 3558.0000 1
327.0000 3629.0000 1
296.0000 3743.0000 1
270.0000 3124.0000 1
272.0000 3161.0000 1
269.0000 3197.0000 1
272.0000 3238.0000 1
270.0000 3279.0000 1
271.0000 3318.0000 1
273.0000 3356.0000 1
250.0000 3220.0000 1
231.0000 3288.0000 1
221.0000 3338.0000 1
242.0000 3377.0000 1
263.0000 3453.0000 1
252.0000 3529.0000 1
212.0000 3470.0000 1
211.0000 3514.0000 1
272.0000 3587.0000 1
270.0000 3624.0000 1
268.0000 3665.0000 1
270.0000 3706.0000 1
270.0000 3742.0000 1
270.0000 3784.0000 1
270.0000 3820.0000 1
270.0000 3858.0000 1
271.0000 3916.0000 1
213.0000 3824.0000 1
194.0000 3917.0000 1
223.0000 2021.0000 1
222.0000 2140.0000 1
234.0000 2410.0000 1
231.0000 2490.0000 1
202.0000 2079.0000 1
203.0000 2120.0000 1
202.0000 2159.0000 1
203.0000 2197.0000 1
201.0000 2237.0000 1
204.0000 2274.0000 1
204.0000 2316.0000 1
202.0000 2353.0000 1
200.0000 2392.0000 1
204.0000 2428.0000 1
203.0000 2602.0000 1
204.0000 2643.0000 1
205.0000 2699.0000 1
205.0000 2721.0000 1
204.0000 2759.0000 1
204.0000 2799.0000 1
204.0000 2836.0000 1
203.0000 2877.0000 1
204.0000 2913.0000 1
204.0000 2953.0000 1
164.0000 2003.0000 1
165.0000 2042.0000 1
165.0000 2081.0000 1
164.0000 2120.0000 1
164.0000 2159.0000 1
165.0000 2197.0000 1
164.0000 2233.0000 1
164.0000 2274.0000 1
166.0000 2315.0000 1
165.0000 2351.0000 1
164.0000 2392.0000 1
164.0000 2430.0000 1
165.0000 2487.0000 1
164.0000 2523.0000 1
166.0000 2567.0000 1
165.0000 2602.0000 1
166.0000 2643.0000 1
163.0000 2683.0000 1
165.0000 2721.0000 1
165.0000 2759.0000 1
164.0000 2799.0000 1
163.0000 2837.0000 1
166.0000 2869.0000 1
166.0000 2911.0000 1
164.0000 2954.0000 1
128.0000 2080.0000 1
127.0000 2140.0000 1
127.0000 2180.0000 1
125.0000 2219.0000 1
125.0000 2258.0000 1
127.0000 2296.0000 1
125.0000 2158.0000 1
128.0000 2373.0000 1
127.0000 2416.0000 1
126.0000 2448.0000 1
128.0000 2489.0000 1
127.0000 2528.0000 1
127.0000 2564.0000 1
126.0000 2607.0000 1
127.0000 2642.0000 1
126.0000 2683.0000 1
126.0000 2720.0000 1
128.0000 2760.0000 1
127.0000 2796.0000 1
124.0000 2834.0000 1
127.0000 2874.0000 1
129.0000 2914.0000 1
78.0000 1990.0000 1
88.0000 2137.0000 1
90.0000 2177.0000 1
87.0000 2218.0000 1
87.0000 2258.0000 1
90.0000 2298.0000 1
91.0000 2343.0000 1
90.0000 2373.0000 1
92.0000 2420.0000 1
89.0000 2449.0000 1
87.0000 2489.0000 1
86.0000 2524.0000 1
90.0000 2565.0000 1
88.0000 2604.0000 1
89.0000 2643.0000 1
87.0000 2679.0000 1
89.0000 2718.0000 1
89.0000 2757.0000 1
90.0000 2806.0000 1
88.0000 2835.0000 1
87.0000 2872.0000 1
88.0000 2911.0000 1
50.0000 2137.0000 1
50.0000 2176.0000 1
51.0000 2216.0000 1
49.0000 2257.0000 1
50.0000 2294.0000 1
49.0000 2334.0000 1
49.0000 2370.0000 1
48.0000 2408.0000 1
50.0000 2449.0000 1
50.0000 2489.0000 1
50.0000 2525.0000 1
49.0000 2564.0000 1
50.0000 2603.0000 1
50.0000 2643.0000 1
49.0000 2681.0000 1
50.0000 2717.0000 1
50.0000 2757.0000 1
51.0000 2796.0000 1
49.0000 2834.0000 1
49.0000 2874.0000 1
-23.0000 1994.0000 1
10.0000 2137.0000 1
12.0000 2178.0000 1
11.0000 2217.0000 1
11.0000 2256.0000 1
11.0000 2292.0000 1
11.0000 2333.0000 1
13.0000 2378.0000 1
10.0000 2411.0000 1
9.0000 2448.0000 1
10.0000 2484.0000 1
9.0000 2524.0000 1
11.0000 2563.0000 1
10.0000 2601.0000 1
10.0000 2640.0000 1
11.0000 2682.0000 1
9.0000 2718.0000 1
10.0000 2754.0000 1
10.0000 2801.0000 1
10.0000 2834.0000 1
11.0000 2872.0000 1
126.0000 2334.0000 1
173.0000 3143.0000 1
174.0000 3184.0000 1
155.0000 3123.0000 1
154.0000 3162.0000 1
156.0000 3203.0000 1
154.0000 3241.0000 1
154.0000 3278.0000 1
154.0000 3314.0000 1
156.0000 3355.0000 1
153.0000 3397.0000 1
136.0000 3468.0000 1
135.0000 3510.0000 1
155.0000 3551.0000 1
156.0000 3591.0000 1
155.0000 3627.0000 1
155.0000 3665.0000 1
154.0000 3707.0000 1
152.0000 3744.0000 1
156.0000 3791.0000 1
155.0000 3822.0000 1
157.0000 3861.0000 1
115.0000 3547.0000 1
114.0000 3585.0000 1
114.0000 3600.0000 1
113.0000 3610.0000 1
113.0000 3624.0000 1
112.0000 3663.0000 1
112.0000 3699.0000 1
112.0000 3739.0000 1
112.0000 3779.0000 1
116.0000 3819.0000 1
113.0000 3858.0000 1
114.0000 3898.0000 1
105.0000 3102.0000 1
103.0000 3159.0000 1
107.0000 3256.0000 1
105.0000 3295.0000 1
105.0000 3375.0000 1
66.0000 3215.0000 1
64.0000 3374.0000 1
75.0000 3462.0000 1
36.0000 3460.0000 1
75.0000 3546.0000 1
37.0000 3547.0000 1
76.0000 3624.0000 1
35.0000 3622.0000 1
77.0000 3702.0000 1
37.0000 3701.0000 1
77.0000 3778.0000 1
37.0000 3780.0000 1
78.0000 3858.0000 1
36.0000 3856.0000 1
-4.0000 3873.0000 1
17.0000 2052.0000 1
16.0000 2962.0000 1
-66.0000 3134.0000 1
-68.0000 3905.0000 1
38.0000 3941.0000 1
2830.0000 40.0000 0
