n 1578 
m 2 
tmax 5562.5
1214.8800 1959.4900 0
1226.7000 1959.4900 1
1238.5300 1959.4900 2
1250.3500 1959.4900 2
1262.1800 1959.4900 3
1285.8200 1959.4900 4
1297.6500 1959.4900 5
1350.8500 1965.3900 7
1380.4100 1971.3000 9
1392.2400 1971.3000 10
1303.5600 1953.5800 5
1173.5000 1941.7700 3
1185.3200 1941.7700 2
1197.1500 1941.7700 2
1208.9700 1941.7700 1
1339.0300 1941.7700 7
1350.8500 1941.7700 7
1362.6800 1941.7700 8
1374.5000 1941.7700 9
1386.3200 1941.7700 9
1398.1500 1941.7700 10
1262.1800 1935.8700 3
1250.3500 1935.8700 3
1238.5300 1935.8700 2
1226.7000 1935.8700 2
1214.8800 1935.8700 2
1155.7600 1935.8700 4
1143.9400 1935.8700 4
1132.1100 1935.8700 5
1120.2900 1935.8700 5
1108.4700 1935.8700 6
1138.0300 1929.9600 5
1149.8500 1929.9600 4
1161.6700 1929.9600 4
1173.5000 1929.9600 3
1185.3200 1929.9600 3
1303.5600 1929.9600 5
1315.3800 1929.9600 6
1327.2000 1929.9600 6
1339.0300 1929.9600 7
1350.8500 1929.9600 8
1356.7700 1924.0600 8
1344.9400 1924.0600 7
1333.1200 1924.0600 7
1321.2900 1924.0600 6
1309.4700 1924.0600 6
1214.8800 1924.0600 2
1203.0600 1924.0600 2
1191.2300 1924.0600 3
1179.4100 1924.0600 3
1197.1500 1918.1500 3
1208.9700 1918.1500 3
1279.9100 1918.1500 4
1291.7300 1918.1500 5
1303.5600 1918.1500 6
1386.3200 1918.1500 9
1398.1500 1918.1500 10
1409.9700 1918.1500 11
1226.7000 1912.2500 3
1214.8800 1912.2500 3
1203.0600 1912.2500 3
1191.2300 1912.2500 3
1078.9100 1906.3400 8
1090.7300 1906.3400 7
1102.5600 1906.3400 7
1114.3800 1906.3400 6
1126.2000 1906.3400 6
1138.0300 1906.3400 5
1149.8500 1906.3400 5
1256.2600 1906.3400 4
1268.0900 1906.3400 4
1279.9100 1906.3400 5
1291.7300 1906.3400 5
1303.5600 1906.3400 6
1339.0300 1906.3400 7
1350.8500 1906.3400 8
1362.6800 1906.3400 9
1344.9400 1900.4400 8
1333.1200 1900.4400 7
1321.2900 1900.4400 7
1309.4700 1900.4400 6
1279.9100 1894.5300 5
1268.0900 1894.5300 5
1256.2600 1894.5300 4
1244.4400 1894.5300 4
1149.8500 1894.5300 5
1138.0300 1894.5300 6
1126.2000 1894.5300 6
1114.3800 1894.5300 7
1102.5600 1894.5300 7
1090.7300 1894.5300 8
1285.8200 1888.6300 6
1297.6500 1888.6300 6
1309.4700 1888.6300 7
1321.2900 1888.6300 7
1409.9700 1882.7200 11
1398.1500 1882.7200 11
1386.3200 1882.7200 10
1303.5600 1882.7200 6
1291.7300 1882.7200 6
1279.9100 1882.7200 6
1126.2000 1882.7200 6
1114.3800 1882.7200 7
1102.5600 1882.7200 7
1090.7300 1882.7200 8
1333.1200 1876.8200 8
1344.9400 1876.8200 8
1356.7700 1876.8200 9
1368.5900 1876.8200 9
1380.4100 1876.8200 10
1374.5000 1870.9100 10
1362.6800 1870.9100 9
1350.8500 1870.9100 9
1339.0300 1870.9100 8
1327.2000 1870.9100 8
1244.4400 1870.9100 5
1232.6200 1870.9100 5
1220.7900 1870.9100 5
1208.9700 1870.9100 5
1197.1500 1870.9100 5
1185.3200 1870.9100 5
1173.5000 1870.9100 6
1161.6700 1870.9100 6
1149.8500 1870.9100 6
1138.0300 1870.9100 6
1214.8800 1865.0100 5
1226.7000 1865.0100 5
1238.5300 1865.0100 5
1250.3500 1865.0100 6
1262.1800 1865.0100 6
1274.0000 1865.0100 6
1285.8200 1865.0100 7
1297.6500 1865.0100 7
1309.4700 1865.0100 7
1664.1800 1746.9100 26
670.9920 1746.9100 30
676.9040 1741.0000 30
688.7280 1741.0000 30
700.5510 1741.0000 29
712.3750 1741.0000 28
724.1990 1741.0000 28
736.0220 1741.0000 27
1670.0900 1741.0000 26
1681.9200 1741.0000 27
1693.7400 1741.0000 27
1705.5600 1741.0000 28
1717.3900 1741.0000 28
1729.2100 1741.0000 29
1865.1800 1723.2900 36
1853.3600 1723.2900 35
871.9940 1723.2900 22
860.1710 1723.2900 22
777.4050 1522.5200 32
789.2290 1522.5200 32
801.0530 1522.5200 31
812.8760 1522.5200 31
824.7000 1522.5200 30
1770.5900 1522.5200 37
1782.4200 1522.5200 37
1794.2400 1522.5200 38
1806.0600 1522.5200 38
1817.8900 1522.5200 39
1244.4400 1516.6100 23
1232.6200 1516.6100 23
1220.7900 1516.6100 23
1208.9700 1516.6100 23
1197.1500 1516.6100 23
1185.3200 1516.6100 23
1173.5000 1516.6100 23
1161.6700 1516.6100 23
1149.8500 1516.6100 23
1138.0300 1516.6100 23
1126.2000 1516.6100 24
1114.3800 1516.6100 24
1102.5600 1516.6100 24
1090.7300 1516.6100 24
1078.9100 1516.6100 24
1067.0800 1516.6100 24
1055.2600 1516.6100 25
1043.4400 1516.6100 25
1031.6100 1516.6100 25
1019.7900 1516.6100 25
1007.9700 1516.6100 25
996.1430 1516.6100 26
984.3190 1516.6100 26
972.4960 1516.6100 26
960.6720 1516.6100 27
948.8480 1516.6100 27
937.0250 1516.6100 27
925.2010 1516.6100 28
913.3770 1516.6100 28
901.5540 1516.6100 28
889.7300 1516.6100 29
877.9060 1516.6100 29
866.0830 1516.6100 29
854.2590 1516.6100 30
842.4350 1516.6100 30
830.6120 1516.6100 30
818.7880 1516.6100 31
806.9640 1516.6100 31
795.1410 1516.6100 32
783.3170 1516.6100 32
771.4940 1516.6100 33
759.6700 1516.6100 33
747.8460 1516.6100 33
736.0220 1516.6100 34
724.1990 1516.6100 34
712.3750 1516.6100 35
700.5510 1516.6100 35
688.7280 1516.6100 36
676.9040 1516.6100 36
665.0810 1516.6100 37
653.2570 1516.6100 37
641.4330 1516.6100 38
629.6090 1516.6100 38
617.7860 1516.6100 38
605.9620 1516.6100 39
594.1380 1516.6100 39
582.3150 1516.6100 40
570.4910 1516.6100 40
558.6680 1516.6100 41
546.8440 1516.6100 41
535.0200 1516.6100 42
523.1960 1516.6100 42
511.3730 1516.6100 43
499.5490 1516.6100 43
487.7250 1516.6100 44
475.9020 1516.6100 45
464.0780 1516.6100 45
452.2550 1516.6100 46
440.4310 1516.6100 46
428.6070 1516.6100 47
416.7840 1516.6100 47
404.9600 1516.6100 48
393.1360 1516.6100 48
381.3130 1516.6100 49
369.4890 1516.6100 49
357.6650 1516.6100 50
345.8420 1516.6100 50
375.4010 1487.0800 50
387.2240 1487.0800 49
399.0480 1487.0800 49
410.8720 1487.0800 48
422.6960 1487.0800 48
434.5190 1487.0800 47
446.3430 1487.0800 47
458.1660 1487.0800 46
469.9900 1487.0800 46
481.8140 1487.0800 45
493.6370 1487.0800 45
505.4610 1487.0800 44
517.2850 1487.0800 44
529.1080 1487.0800 43
540.9320 1487.0800 43
552.7560 1487.0800 42
564.5790 1487.0800 42
576.4030 1487.0800 41
588.2270 1487.0800 41
600.0500 1487.0800 40
611.8740 1487.0800 40
623.6980 1487.0800 39
635.5210 1487.0800 39
647.3450 1487.0800 38
659.1690 1487.0800 38
670.9920 1487.0800 37
682.8160 1487.0800 37
694.6400 1487.0800 36
706.4630 1487.0800 36
718.2870 1487.0800 35
730.1110 1487.0800 35
741.9340 1487.0800 35
753.7580 1487.0800 34
765.5810 1487.0800 34
777.4050 1487.0800 33
789.2290 1487.0800 33
801.0530 1487.0800 33
812.8760 1487.0800 32
824.7000 1487.0800 32
836.5240 1487.0800 31
848.3470 1487.0800 31
860.1710 1487.0800 31
871.9940 1487.0800 30
883.8180 1487.0800 30
895.6420 1487.0800 30
907.4660 1487.0800 29
919.2890 1487.0800 29
931.1130 1487.0800 29
942.9370 1487.0800 28
954.7600 1487.0800 28
966.5840 1487.0800 28
978.4070 1487.0800 27
990.2310 1487.0800 27
1002.0500 1487.0800 27
1013.8800 1487.0800 27
1025.7000 1487.0800 26
1037.5300 1487.0800 26
1049.3500 1487.0800 26
1061.1700 1487.0800 26
1073.0000 1487.0800 26
1084.8200 1487.0800 26
1096.6400 1487.0800 25
1108.4700 1487.0800 25
1120.2900 1487.0800 25
1132.1100 1487.0800 25
1143.9400 1487.0800 25
1155.7600 1487.0800 25
1167.5900 1487.0800 25
1179.4100 1487.0800 25
1191.2300 1487.0800 25
1203.0600 1487.0800 25
1214.8800 1487.0800 25
2066.1800 1475.2800 50
2054.3600 1475.2800 50
2042.5400 1475.2800 49
2030.7100 1475.2800 49
2018.8900 1475.2800 48
2007.0700 1475.2800 48
1995.2400 1475.2800 47
1983.4200 1475.2800 47
1971.5900 1475.2800 46
1959.7700 1475.2800 46
1947.9500 1475.2800 45
1936.1200 1475.2800 45
1924.3000 1475.2800 44
1912.4800 1475.2800 44
1900.6500 1475.2800 43
1888.8300 1475.2800 43
1877.0100 1475.2800 42
1865.1800 1475.2800 42
1853.3600 1475.2800 41
1841.5400 1475.2800 41
1829.7100 1475.2800 40
1817.8900 1475.2800 40
1806.0600 1475.2800 40
1794.2400 1475.2800 39
1782.4200 1475.2800 39
1770.5900 1475.2800 38
1758.7700 1475.2800 38
1746.9500 1475.2800 37
1735.1200 1475.2800 37
1723.3000 1475.2800 36
1711.4700 1475.2800 36
1699.6500 1475.2800 35
1687.8300 1475.2800 35
1676.0000 1475.2800 35
1664.1800 1475.2800 34
1652.3600 1475.2800 34
1640.5300 1475.2800 33
1628.7100 1475.2800 33
1616.8900 1475.2800 33
1605.0600 1475.2800 32
1593.2400 1475.2800 32
1581.4100 1475.2800 31
1569.5900 1475.2800 31
1557.7700 1475.2800 31
1545.9400 1475.2800 30
1534.1200 1475.2800 30
1522.3000 1475.2800 30
1510.4700 1475.2800 29
1498.6500 1475.2800 29
1486.8200 1475.2800 29
1475.0000 1475.2800 29
1463.1800 1475.2800 28
1451.3500 1475.2800 28
1439.5300 1475.2800 28
1427.7100 1475.2800 28
1415.8800 1475.2800 27
1404.0600 1475.2800 27
1392.2400 1475.2800 27
1380.4100 1475.2800 27
1368.5900 1475.2800 26
1356.7700 1475.2800 26
1344.9400 1475.2800 26
1333.1200 1475.2800 26
1321.2900 1475.2800 26
1309.4700 1475.2800 26
1297.6500 1475.2800 26
1285.8200 1475.2800 25
1274.0000 1475.2800 25
1262.1800 1475.2800 25
1250.3500 1475.2800 25
1238.5300 1475.2800 25
1226.7000 1475.2800 25
1214.8800 1475.2800 25
1256.2600 1445.7500 27
1268.0900 1445.7500 27
1279.9100 1445.7500 27
1291.7300 1445.7500 27
1303.5600 1445.7500 27
1315.3800 1445.7500 27
1327.2000 1445.7500 27
1339.0300 1445.7500 28
1350.8500 1445.7500 28
1362.6800 1445.7500 28
1374.5000 1445.7500 28
1386.3200 1445.7500 28
1398.1500 1445.7500 28
1409.9700 1445.7500 29
1421.8000 1445.7500 29
1433.6200 1445.7500 29
1445.4400 1445.7500 29
1457.2700 1445.7500 30
1469.0900 1445.7500 30
1480.9100 1445.7500 30
1492.7400 1445.7500 30
1504.5600 1445.7500 31
1516.3800 1445.7500 31
1528.2100 1445.7500 31
1540.0300 1445.7500 32
1551.8500 1445.7500 32
1563.6800 1445.7500 32
1575.5000 1445.7500 33
1587.3300 1445.7500 33
1599.1500 1445.7500 33
1610.9700 1445.7500 34
1622.8000 1445.7500 34
1634.6200 1445.7500 34
1646.4400 1445.7500 35
1658.2700 1445.7500 35
1670.0900 1445.7500 36
1681.9200 1445.7500 36
1693.7400 1445.7500 36
1705.5600 1445.7500 37
1717.3900 1445.7500 37
1729.2100 1445.7500 38
1741.0300 1445.7500 38
1752.8600 1445.7500 38
1764.6800 1445.7500 39
1776.5100 1445.7500 39
1782.4200 1416.2200 41
1770.5900 1416.2200 40
1758.7700 1416.2200 40
1746.9500 1416.2200 39
1735.1200 1416.2200 39
1723.3000 1416.2200 38
1711.4700 1416.2200 38
1699.6500 1416.2200 38
1687.8300 1416.2200 37
1676.0000 1416.2200 37
1664.1800 1416.2200 36
1652.3600 1416.2200 36
1368.5900 1416.2200 29
1356.7700 1416.2200 29
1344.9400 1416.2200 29
1333.1200 1416.2200 29
1321.2900 1416.2200 29
1309.4700 1416.2200 29
1297.6500 1416.2200 29
1374.5000 1410.3200 30
1386.3200 1410.3200 30
1398.1500 1410.3200 30
1409.9700 1410.3200 30
1421.8000 1410.3200 30
1433.6200 1410.3200 31
1445.4400 1410.3200 31
1457.2700 1410.3200 31
1469.0900 1410.3200 31
1480.9100 1410.3200 32
1492.7400 1410.3200 32
1504.5600 1410.3200 32
1516.3800 1410.3200 32
1528.2100 1410.3200 33
1540.0300 1410.3200 33
1551.8500 1410.3200 33
1563.6800 1410.3200 34
1575.5000 1410.3200 34
1587.3300 1410.3200 34
1599.1500 1410.3200 35
1610.9700 1410.3200 35
1622.8000 1410.3200 35
1634.6200 1410.3200 36
1646.4400 1410.3200 36
1658.2700 1410.3200 37
1670.0900 1410.3200 37
1681.9200 1410.3200 37
1693.7400 1410.3200 38
1705.5600 1410.3200 38
1717.3900 1410.3200 38
1729.2100 1410.3200 39
1741.0300 1410.3200 39
1752.8600 1410.3200 40
1764.6800 1410.3200 40
1776.5100 1410.3200 41
1788.3300 1410.3200 41
1800.1500 1410.3200 41
1811.9800 1410.3200 42
1823.8000 1410.3200 42
1835.6200 1410.3200 43
1847.4500 1410.3200 43
1788.3300 1398.5100 41
1776.5100 1398.5100 41
1764.6800 1398.5100 41
1752.8600 1398.5100 40
1741.0300 1398.5100 40
1729.2100 1398.5100 39
1717.3900 1398.5100 39
1705.5600 1398.5100 39
1693.7400 1398.5100 38
1681.9200 1398.5100 38
1670.0900 1398.5100 37
1658.2700 1398.5100 37
1646.4400 1398.5100 37
1782.4200 1392.6000 41
1794.2400 1392.6000 42
1806.0600 1392.6000 42
1817.8900 1392.6000 43
1817.8900 1274.5000 47
1806.0600 1274.5000 47
1794.2400 1274.5000 46
1782.4200 1274.5000 46
1770.5900 1274.5000 46
1758.7700 1274.5000 45
1746.9500 1274.5000 45
1735.1200 1274.5000 44
1723.3000 1274.5000 44
1711.4700 1274.5000 44
1699.6500 1274.5000 43
1687.8300 1274.5000 43
1676.0000 1274.5000 43
1664.1800 1274.5000 42
1652.3600 1274.5000 42
1640.5300 1274.5000 42
1628.7100 1274.5000 41
1616.8900 1274.5000 41
1605.0600 1274.5000 41
1593.2400 1274.5000 40
1581.4100 1274.5000 40
1569.5900 1274.5000 40
1557.7700 1274.5000 40
1545.9400 1274.5000 39
1534.1200 1274.5000 39
1522.3000 1274.5000 39
1510.4700 1274.5000 39
1498.6500 1274.5000 38
1486.8200 1274.5000 38
1475.0000 1274.5000 38
1463.1800 1274.5000 38
1451.3500 1274.5000 38
1439.5300 1274.5000 37
1427.7100 1274.5000 37
1415.8800 1274.5000 37
1404.0600 1274.5000 37
1392.2400 1274.5000 37
1380.4100 1274.5000 36
1368.5900 1274.5000 36
1356.7700 1274.5000 36
1344.9400 1274.5000 36
1333.1200 1274.5000 36
1321.2900 1274.5000 36
1309.4700 1274.5000 36
1297.6500 1274.5000 36
1285.8200 1274.5000 36
1274.0000 1274.5000 36
1262.1800 1274.5000 36
1250.3500 1274.5000 36
1238.5300 1274.5000 35
1120.2900 1250.8800 37
1132.1100 1250.8800 37
1143.9400 1250.8800 37
1155.7600 1250.8800 37
1167.5900 1250.8800 37
1179.4100 1250.8800 37
1191.2300 1250.8800 37
1203.0600 1250.8800 37
1214.8800 1250.8800 37
1226.7000 1250.8800 37
1238.5300 1250.8800 37
1250.3500 1250.8800 37
1262.1800 1250.8800 37
1274.0000 1250.8800 37
1285.8200 1250.8800 37
1297.6500 1250.8800 37
1309.4700 1250.8800 37
1321.2900 1250.8800 37
1333.1200 1250.8800 37
1344.9400 1250.8800 37
1356.7700 1250.8800 37
1368.5900 1250.8800 38
1380.4100 1250.8800 38
1392.2400 1250.8800 38
1404.0600 1250.8800 38
1415.8800 1250.8800 38
1427.7100 1250.8800 38
1439.5300 1250.8800 38
1451.3500 1250.8800 39
1463.1800 1250.8800 39
1475.0000 1250.8800 39
1486.8200 1250.8800 39
1498.6500 1250.8800 39
1510.4700 1250.8800 40
1522.3000 1250.8800 40
1534.1200 1250.8800 40
1545.9400 1250.8800 40
1557.7700 1250.8800 41
1569.5900 1250.8800 41
1581.4100 1250.8800 41
1593.2400 1250.8800 41
1605.0600 1250.8800 42
1616.8900 1250.8800 42
1628.7100 1250.8800 42
1640.5300 1250.8800 43
1652.3600 1250.8800 43
1664.1800 1250.8800 43
1676.0000 1250.8800 44
1687.8300 1250.8800 44
1699.6500 1250.8800 44
1711.4700 1250.8800 45
1723.3000 1250.8800 45
1735.1200 1250.8800 45
1800.1500 1244.9800 48
1788.3300 1244.9800 47
1776.5100 1244.9800 47
1764.6800 1244.9800 47
1752.8600 1244.9800 46
1741.0300 1244.9800 46
1729.2100 1244.9800 45
1717.3900 1244.9800 45
1705.5600 1244.9800 45
1693.7400 1244.9800 44
1681.9200 1244.9800 44
1670.0900 1244.9800 44
1658.2700 1244.9800 43
1646.4400 1244.9800 43
1634.6200 1244.9800 43
1622.8000 1244.9800 43
1610.9700 1244.9800 42
1599.1500 1244.9800 42
1587.3300 1244.9800 42
1575.5000 1244.9800 41
1563.6800 1244.9800 41
1551.8500 1244.9800 41
1540.0300 1244.9800 41
1528.2100 1244.9800 40
1516.3800 1244.9800 40
1504.5600 1244.9800 40
1492.7400 1244.9800 40
1480.9100 1244.9800 39
1469.0900 1244.9800 39
1457.2700 1244.9800 39
1445.4400 1244.9800 39
1433.6200 1244.9800 39
1421.8000 1244.9800 38
1409.9700 1244.9800 38
1398.1500 1244.9800 38
1386.3200 1244.9800 38
1374.5000 1244.9800 38
1362.6800 1244.9800 38
1350.8500 1244.9800 38
1339.0300 1244.9800 38
1327.2000 1244.9800 37
1315.3800 1244.9800 37
1303.5600 1244.9800 37
1291.7300 1244.9800 37
1279.9100 1244.9800 37
1268.0900 1244.9800 37
1256.2600 1244.9800 37
1244.4400 1244.9800 37
1238.5300 1227.2600 38
1250.3500 1227.2600 38
1262.1800 1227.2600 38
1274.0000 1227.2600 38
1285.8200 1227.2600 38
1297.6500 1227.2600 38
1309.4700 1227.2600 38
1321.2900 1227.2600 38
1333.1200 1227.2600 38
1344.9400 1227.2600 38
1356.7700 1227.2600 39
1368.5900 1227.2600 39
1380.4100 1227.2600 39
1392.2400 1227.2600 39
1404.0600 1227.2600 39
1415.8800 1227.2600 39
1427.7100 1227.2600 39
1439.5300 1227.2600 40
1451.3500 1227.2600 40
1463.1800 1227.2600 40
1475.0000 1227.2600 40
1486.8200 1227.2600 40
1498.6500 1227.2600 41
1510.4700 1227.2600 41
1522.3000 1227.2600 41
1534.1200 1227.2600 41
1545.9400 1227.2600 42
1557.7700 1227.2600 42
1569.5900 1227.2600 42
1581.4100 1227.2600 42
1593.2400 1227.2600 43
1605.0600 1227.2600 43
1616.8900 1227.2600 43
1628.7100 1227.2600 43
1640.5300 1227.2600 44
1652.3600 1227.2600 44
1664.1800 1227.2600 44
1676.0000 1227.2600 45
1687.8300 1227.2600 45
1699.6500 1227.2600 45
1711.4700 1227.2600 46
1723.3000 1227.2600 46
1735.1200 1227.2600 46
1746.9500 1227.2600 47
1758.7700 1227.2600 47
1770.5900 1227.2600 47
1782.4200 1227.2600 48
1859.2700 1221.3600 51
1847.4500 1221.3600 50
1835.6200 1221.3600 50
1823.8000 1221.3600 49
1811.9800 1221.3600 49
1800.1500 1221.3600 49
1788.3300 1221.3600 48
1776.5100 1221.3600 48
1764.6800 1221.3600 47
1752.8600 1221.3600 47
1741.0300 1221.3600 47
1729.2100 1221.3600 46
1717.3900 1221.3600 46
1705.5600 1221.3600 46
1693.7400 1221.3600 45
1681.9200 1221.3600 45
1670.0900 1221.3600 45
1658.2700 1221.3600 44
1646.4400 1221.3600 44
1634.6200 1221.3600 44
1622.8000 1221.3600 44
1610.9700 1221.3600 43
1599.1500 1221.3600 43
1587.3300 1221.3600 43
1575.5000 1221.3600 42
1563.6800 1221.3600 42
1551.8500 1221.3600 42
1540.0300 1221.3600 42
1528.2100 1221.3600 41
1516.3800 1221.3600 41
1504.5600 1221.3600 41
1492.7400 1221.3600 41
1480.9100 1221.3600 41
1469.0900 1221.3600 40
1457.2700 1221.3600 40
1445.4400 1221.3600 40
1433.6200 1221.3600 40
1421.8000 1221.3600 40
1409.9700 1221.3600 39
1398.1500 1221.3600 39
1386.3200 1221.3600 39
1132.1100 1156.4000 42
1143.9400 1156.4000 42
1155.7600 1156.4000 42
1167.5900 1156.4000 42
1179.4100 1156.4000 42
1191.2300 1156.4000 41
1203.0600 1156.4000 41
1214.8800 1156.4000 41
1226.7000 1156.4000 41
1238.5300 1156.4000 41
1250.3500 1156.4000 42
1262.1800 1156.4000 42
1274.0000 1156.4000 42
1285.8200 1156.4000 42
1297.6500 1156.4000 42
1309.4700 1156.4000 42
1321.2900 1156.4000 42
1333.1200 1156.4000 42
1344.9400 1156.4000 42
1356.7700 1156.4000 42
1368.5900 1156.4000 42
1380.4100 1156.4000 42
1392.2400 1156.4000 42
1404.0600 1156.4000 43
1415.8800 1156.4000 43
1427.7100 1156.4000 43
1439.5300 1156.4000 43
1451.3500 1156.4000 43
1463.1800 1156.4000 43
1475.0000 1156.4000 44
1486.8200 1156.4000 44
1498.6500 1156.4000 44
1510.4700 1156.4000 44
1522.3000 1156.4000 44
1534.1200 1156.4000 45
1545.9400 1156.4000 45
1557.7700 1156.4000 45
1569.5900 1156.4000 45
1581.4100 1156.4000 46
1593.2400 1156.4000 46
1605.0600 1156.4000 46
1616.8900 1156.4000 46
1628.7100 1156.4000 47
1640.5300 1156.4000 47
1652.3600 1156.4000 47
1664.1800 1156.4000 47
1676.0000 1156.4000 48
1687.8300 1156.4000 48
1699.6500 1156.4000 48
1711.4700 1156.4000 49
1723.3000 1156.4000 49
1735.1200 1156.4000 49
1746.9500 1156.4000 50
1232.6200 1150.5000 42
1220.7900 1150.5000 42
1208.9700 1150.5000 42
1197.1500 1150.5000 42
1185.3200 1150.5000 42
1173.5000 1150.5000 42
1161.6700 1150.5000 42
1149.8500 1150.5000 42
1138.0300 1150.5000 42
1126.2000 1150.5000 42
1114.3800 1150.5000 42
1102.5600 1150.5000 42
1090.7300 1150.5000 42
1078.9100 1150.5000 42
1067.0800 1150.5000 42
1055.2600 1150.5000 43
1043.4400 1150.5000 43
1031.6100 1150.5000 43
1019.7900 1150.5000 43
1007.9700 1150.5000 43
996.1430 1150.5000 43
984.3190 1150.5000 43
972.4960 1150.5000 44
960.6720 1150.5000 44
948.8480 1150.5000 44
937.0250 1150.5000 44
925.2010 1150.5000 44
913.3770 1150.5000 45
901.5540 1150.5000 45
889.7300 1150.5000 45
877.9060 1150.5000 45
866.0830 1150.5000 45
854.2590 1150.5000 46
842.4350 1150.5000 46
830.6120 1150.5000 46
818.7880 1150.5000 47
806.9640 1150.5000 47
795.1410 1150.5000 47
783.3170 1150.5000 47
771.4940 1150.5000 48
759.6700 1150.5000 48
747.8460 1150.5000 48
736.0220 1150.5000 48
724.1990 1150.5000 49
712.3750 1150.5000 49
700.5510 1150.5000 49
688.7280 1150.5000 50
676.9040 1150.5000 50
665.0810 1150.5000 50
653.2570 1150.5000 51
641.4330 1150.5000 51
629.6090 1150.5000 52
617.7860 1150.5000 52
605.9620 1150.5000 52
594.1380 1150.5000 53
582.3150 1150.5000 53
570.4910 1150.5000 53
558.6680 1150.5000 54
546.8440 1150.5000 54
535.0200 1150.5000 54
523.1960 1150.5000 55
511.3730 1150.5000 55
499.5490 1150.5000 56
487.7250 1150.5000 56
475.9020 1150.5000 56
464.0780 1150.5000 57
452.2550 1150.5000 57
440.4310 1150.5000 58
428.6070 1150.5000 58
416.7840 1150.5000 59
404.9600 1150.5000 59
393.1360 1150.5000 59
381.3130 1150.5000 60
369.4890 1150.5000 60
357.6650 1150.5000 61
345.8420 1150.5000 61
334.0180 1150.5000 62
1120.2900 1144.5900 42
1132.1100 1144.5900 42
1143.9400 1144.5900 42
1155.7600 1144.5900 42
1167.5900 1144.5900 42
1179.4100 1144.5900 42
1191.2300 1144.5900 42
1203.0600 1144.5900 42
1214.8800 1144.5900 42
1226.7000 1144.5900 42
1238.5300 1144.5900 42
1250.3500 1144.5900 42
1262.1800 1144.5900 42
1274.0000 1144.5900 42
1285.8200 1144.5900 42
1297.6500 1144.5900 42
1309.4700 1144.5900 42
1321.2900 1144.5900 42
1333.1200 1144.5900 43
1344.9400 1144.5900 43
1356.7700 1144.5900 43
1368.5900 1144.5900 43
1380.4100 1144.5900 43
1392.2400 1144.5900 43
1404.0600 1144.5900 43
1415.8800 1144.5900 43
1427.7100 1144.5900 43
1439.5300 1144.5900 44
1451.3500 1144.5900 44
1463.1800 1144.5900 44
1475.0000 1144.5900 44
1486.8200 1144.5900 44
1498.6500 1144.5900 45
1510.4700 1144.5900 45
1522.3000 1144.5900 45
1534.1200 1144.5900 45
1545.9400 1144.5900 45
1557.7700 1144.5900 46
1569.5900 1144.5900 46
1581.4100 1144.5900 46
1593.2400 1144.5900 46
1605.0600 1144.5900 47
1616.8900 1144.5900 47
1628.7100 1144.5900 47
1640.5300 1144.5900 47
1652.3600 1144.5900 48
1664.1800 1144.5900 48
1676.0000 1144.5900 48
1687.8300 1144.5900 49
1699.6500 1144.5900 49
1711.4700 1144.5900 49
1723.3000 1144.5900 50
1735.1200 1144.5900 50
1226.7000 1002.8700 49
1214.8800 1002.8700 49
1203.0600 1002.8700 49
1191.2300 1002.8700 49
1179.4100 1002.8700 49
1220.7900 996.9670 50
1232.6200 996.9670 50
1244.4400 996.9670 50
1415.8800 802.1010 60
1404.0600 802.1010 60
1392.2400 802.1010 60
1380.4100 802.1010 60
1368.5900 802.1010 60
1356.7700 802.1010 60
1344.9400 802.1010 60
1309.4700 802.1010 60
1297.6500 802.1010 60
1285.8200 802.1010 60
1274.0000 802.1010 60
1262.1800 802.1010 60
1250.3500 802.1010 60
1214.8800 802.1010 60
1203.0600 802.1010 60
1191.2300 802.1010 60
1179.4100 802.1010 60
1167.5900 802.1010 60
1132.1100 802.1010 60
1120.2900 802.1010 60
1108.4700 802.1010 60
1096.6400 802.1010 60
1084.8200 802.1010 60
1073.0000 802.1010 60
1090.7300 796.1960 60
1102.5600 796.1960 60
1114.3800 796.1960 60
1126.2000 796.1960 60
1138.0300 796.1960 60
1149.8500 796.1960 60
1161.6700 796.1960 60
1173.5000 796.1960 60
1185.3200 796.1960 60
1197.1500 796.1960 60
1220.7900 796.1960 60
1232.6200 796.1960 60
1244.4400 796.1960 60
1256.2600 796.1960 60
1268.0900 796.1960 60
1279.9100 796.1960 60
1339.0300 796.1960 60
1350.8500 796.1960 60
1362.6800 796.1960 60
1374.5000 796.1960 60
1380.4100 790.2900 61
1368.5900 790.2900 61
1356.7700 790.2900 61
1344.9400 790.2900 61
1333.1200 790.2900 60
1262.1800 790.2900 60
1250.3500 790.2900 60
1238.5300 790.2900 60
1226.7000 790.2900 60
1167.5900 790.2900 60
1155.7600 790.2900 60
1143.9400 790.2900 60
1132.1100 790.2900 60
1208.9700 784.3860 60
1220.7900 784.3860 60
1232.6200 784.3860 60
1244.4400 784.3860 60
1291.7300 784.3860 61
1303.5600 784.3860 61
1315.3800 784.3860 61
1327.2000 784.3860 61
1339.0300 784.3860 61
1350.8500 784.3860 61
1380.4100 778.4810 61
1368.5900 778.4810 61
1356.7700 778.4810 61
1262.1800 778.4810 61
1250.3500 778.4810 61
1238.5300 778.4810 61
1226.7000 778.4810 61
1179.4100 778.4810 61
1167.5900 778.4810 61
1155.7600 778.4810 61
1143.9400 778.4810 61
1132.1100 778.4810 61
1120.2900 778.4810 61
1108.4700 778.4810 61
1096.6400 778.4810 61
1084.8200 778.4810 61
1073.0000 778.4810 61
1061.1700 778.4810 61
1049.3500 778.4810 61
1037.5300 778.4810 61
1025.7000 778.4810 62
1013.8800 778.4810 62
1002.0500 778.4810 62
990.2310 778.4810 62
978.4070 778.4810 62
966.5840 778.4810 62
954.7600 778.4810 62
942.9370 778.4810 62
931.1130 778.4810 63
919.2890 778.4810 63
907.4660 778.4810 63
895.6420 778.4810 63
883.8180 778.4810 63
871.9940 778.4810 63
860.1710 778.4810 63
848.3470 778.4810 64
836.5240 778.4810 64
824.7000 778.4810 64
812.8760 778.4810 64
801.0530 778.4810 64
789.2290 778.4810 65
777.4050 778.4810 65
765.5810 778.4810 65
753.7580 778.4810 65
741.9340 778.4810 65
1173.5000 772.5760 61
1279.9100 772.5760 61
1291.7300 772.5760 61
1303.5600 772.5760 61
1315.3800 772.5760 61
1339.0300 772.5760 61
1350.8500 772.5760 62
1362.6800 772.5760 62
1374.5000 772.5760 62
1386.3200 772.5760 62
1398.1500 772.5760 62
1409.9700 772.5760 62
1321.2900 766.6700 62
1226.7000 766.6700 61
1214.8800 766.6700 61
1203.0600 766.6700 61
1090.7300 760.7650 62
1102.5600 760.7650 62
1114.3800 760.7650 62
1126.2000 760.7650 62
1138.0300 760.7650 62
1208.9700 760.7650 62
1220.7900 760.7650 62
1232.6200 760.7650 62
1256.2600 760.7650 62
1268.0900 760.7650 62
1279.9100 760.7650 62
1291.7300 760.7650 62
1350.8500 760.7650 62
1333.1200 754.8610 62
1321.2900 754.8610 62
1309.4700 754.8610 62
1214.8800 754.8610 62
1203.0600 754.8610 62
1191.2300 754.8610 62
1143.9400 754.8610 62
1138.0300 748.9550 62
1149.8500 748.9550 62
1232.6200 748.9550 62
1244.4400 748.9550 62
1368.5900 743.0500 63
1356.7700 743.0500 63
1274.0000 743.0500 63
1167.5900 731.2400 63
1155.7600 731.2400 63
1143.9400 731.2400 63
1132.1100 731.2400 63
1120.2900 731.2400 63
1108.4700 731.2400 63
1386.3200 725.3350 64
1398.1500 725.3350 64
1392.2400 719.4300 64
1380.4100 719.4300 64
1368.5900 719.4300 64
795.1410 548.1840 76
806.9640 548.1840 76
818.7880 548.1840 75
830.6120 548.1840 75
842.4350 548.1840 75
854.2590 548.1840 75
866.0830 548.1840 75
877.9060 548.1840 75
889.7300 548.1840 74
901.5540 548.1840 74
913.3770 548.1840 74
925.2010 548.1840 74
937.0250 548.1840 74
948.8480 548.1840 74
960.6720 548.1840 74
972.4960 548.1840 74
984.3190 548.1840 74
996.1430 548.1840 73
1007.9700 548.1840 73
1019.7900 548.1840 73
1031.6100 548.1840 73
1043.4400 548.1840 73
1055.2600 548.1840 73
1067.0800 548.1840 73
1078.9100 548.1840 73
1090.7300 548.1840 73
1102.5600 548.1840 73
1114.3800 548.1840 73
1126.2000 548.1840 73
1138.0300 548.1840 73
1149.8500 548.1840 73
1161.6700 548.1840 73
1173.5000 548.1840 73
1185.3200 548.1840 73
1197.1500 548.1840 73
1208.9700 548.1840 73
1220.7900 548.1840 73
1368.5900 601.3290 70
1380.4100 601.3290 70
1392.2400 601.3290 70
1404.0600 601.3290 70
1415.8800 601.3290 71
1427.7100 601.3290 71
1439.5300 601.3290 71
1451.3500 601.3290 71
1463.1800 601.3290 71
1475.0000 601.3290 71
1486.8200 601.3290 71
1498.6500 601.3290 71
1510.4700 601.3290 71
1522.3000 601.3290 72
1534.1200 601.3290 72
1545.9400 601.3290 72
1557.7700 601.3290 72
1569.5900 601.3290 72
1581.4100 601.3290 72
1593.2400 601.3290 72
1605.0600 601.3290 73
1616.8900 601.3290 73
1628.7100 601.3290 73
1640.5300 601.3290 73
1652.3600 601.3290 73
1664.1800 601.3290 74
1676.0000 601.3290 74
1687.8300 601.3290 74
1699.6500 601.3290 74
1711.4700 601.3290 74
1723.3000 601.3290 75
1735.1200 601.3290 75
1746.9500 601.3290 75
1758.7700 601.3290 75
1770.5900 601.3290 75
1782.4200 601.3290 76
1794.2400 601.3290 76
1806.0600 601.3290 76
1817.8900 601.3290 76
1829.7100 601.3290 77
1841.5400 601.3290 77
1853.3600 601.3290 77
1865.1800 601.3290 77
1877.0100 601.3290 78
1888.8300 601.3290 78
1900.6500 601.3290 78
1912.4800 601.3290 78
1924.3000 601.3290 79
1936.1200 601.3290 79
1947.9500 601.3290 79
1959.7700 601.3290 80
1971.5900 601.3290 80
1983.4200 601.3290 80
1995.2400 601.3290 80
2007.0700 601.3290 81
2018.8900 601.3290 81
2030.7100 601.3290 81
2042.5400 601.3290 82
2054.3600 601.3290 82
2066.1800 601.3290 82
2078.0100 601.3290 83
2089.8300 601.3290 83
1220.7900 536.3740 73
1208.9700 536.3740 73
1197.1500 536.3740 73
1185.3200 536.3740 73
1888.8300 2048.0600 35
1877.0100 2048.0600 35
1865.1800 2048.0600 34
1853.3600 2048.0600 33
1841.5300 2048.0600 33
1829.7100 2048.0600 32
1817.8900 2048.0600 32
1806.0600 2048.0600 31
1794.2400 2048.0600 30
1782.4200 2048.0600 30
1770.5900 2048.0600 29
1758.7700 2048.0600 29
1723.3000 2048.0600 27
1711.4700 2048.0600 26
1664.1800 2048.0600 24
1640.5300 2048.0600 23
1616.8900 2048.0600 22
1605.0600 2048.0600 21
1569.5900 2048.0600 19
1557.7700 2048.0600 19
1534.1200 2048.0600 17
1522.3000 2048.0600 17
1510.4700 2048.0600 16
1498.6500 2048.0600 16
907.4660 2048.0600 17
895.6420 2048.0600 17
883.8180 2048.0600 18
871.9940 2048.0600 19
860.1710 2048.0600 19
848.3470 2048.0600 20
836.5240 2048.0600 20
824.7000 2048.0600 21
812.8760 2048.0600 22
801.0530 2048.0600 22
789.2290 2048.0600 23
777.4050 2048.0600 23
741.9340 2048.0600 25
730.1110 2048.0600 26
682.8160 2048.0600 28
659.1690 2048.0600 29
635.5210 2048.0600 30
623.6980 2048.0600 31
588.2270 2048.0600 33
576.4030 2048.0600 33
552.7560 2048.0600 35
540.9320 2048.0600 35
529.1080 2048.0600 36
517.2850 2048.0600 36
511.3730 2042.1600 37
523.1960 2042.1600 36
570.4910 2042.1600 34
582.3150 2042.1600 33
594.1380 2042.1600 32
629.6090 2042.1600 31
641.4330 2042.1600 30
700.5510 2042.1600 27
712.3750 2042.1600 26
771.4940 2042.1600 24
783.3170 2042.1600 23
795.1410 2042.1600 22
806.9640 2042.1600 22
818.7880 2042.1600 21
830.6120 2042.1600 21
842.4350 2042.1600 20
854.2590 2042.1600 19
866.0830 2042.1600 19
877.9060 2042.1600 18
889.7300 2042.1600 18
901.5540 2042.1600 17
1492.7400 2042.1600 15
1504.5600 2042.1600 16
1551.8500 2042.1600 18
1563.6800 2042.1600 19
1575.5000 2042.1600 19
1610.9700 2042.1600 21
1622.8000 2042.1600 22
1681.9200 2042.1600 25
1693.7400 2042.1600 25
1752.8600 2042.1600 28
1764.6800 2042.1600 29
1776.5000 2042.1600 30
1788.3300 2042.1600 30
1800.1500 2042.1600 31
1811.9700 2042.1600 31
1823.8000 2042.1600 32
1835.6200 2042.1600 32
1847.4500 2042.1600 33
1859.2700 2042.1600 34
1871.0900 2042.1600 34
1882.9200 2042.1600 35
1888.8300 2036.2500 35
1877.0100 2036.2500 35
1865.1800 2036.2500 34
1853.3600 2036.2500 33
1841.5300 2036.2500 33
1829.7100 2036.2500 32
1817.8900 2036.2500 32
1806.0600 2036.2500 31
1794.2400 2036.2500 30
1782.4200 2036.2500 30
1770.5900 2036.2500 29
1758.7700 2036.2500 29
1711.4700 2036.2500 26
1699.6500 2036.2500 26
1687.8300 2036.2500 25
1652.3600 2036.2500 23
1640.5300 2036.2500 23
1557.7700 2036.2500 18
1545.9400 2036.2500 18
1534.1200 2036.2500 17
1498.6500 2036.2500 16
907.4660 2036.2500 17
895.6420 2036.2500 17
883.8180 2036.2500 18
871.9940 2036.2500 18
860.1710 2036.2500 19
848.3470 2036.2500 20
836.5240 2036.2500 20
824.7000 2036.2500 21
812.8760 2036.2500 21
801.0530 2036.2500 22
789.2290 2036.2500 23
777.4050 2036.2500 23
730.1110 2036.2500 26
718.2870 2036.2500 26
706.4630 2036.2500 27
670.9920 2036.2500 29
659.1690 2036.2500 29
576.4030 2036.2500 33
564.5790 2036.2500 34
552.7560 2036.2500 35
517.2850 2036.2500 36
511.3730 2030.3500 37
523.1960 2030.3500 36
546.8440 2030.3500 35
558.6680 2030.3500 34
582.3150 2030.3500 33
605.9620 2030.3500 32
629.6090 2030.3500 31
653.2570 2030.3500 29
665.0810 2030.3500 29
688.7280 2030.3500 28
700.5510 2030.3500 27
712.3750 2030.3500 26
724.1990 2030.3500 26
736.0220 2030.3500 25
747.8460 2030.3500 25
771.4940 2030.3500 23
783.3170 2030.3500 23
795.1410 2030.3500 22
806.9640 2030.3500 22
818.7880 2030.3500 21
830.6120 2030.3500 20
842.4350 2030.3500 20
854.2590 2030.3500 19
866.0830 2030.3500 19
877.9060 2030.3500 18
889.7300 2030.3500 18
901.5540 2030.3500 17
1492.7400 2030.3500 15
1504.5600 2030.3500 16
1528.2100 2030.3500 17
1540.0300 2030.3500 18
1563.6800 2030.3500 19
1587.3300 2030.3500 20
1610.9700 2030.3500 21
1634.6200 2030.3500 22
1646.4400 2030.3500 23
1670.0900 2030.3500 24
1681.9200 2030.3500 25
1693.7400 2030.3500 25
1705.5600 2030.3500 26
1717.3900 2030.3500 26
1729.2100 2030.3500 27
1752.8600 2030.3500 28
1764.6800 2030.3500 29
1776.5000 2030.3500 29
1788.3300 2030.3500 30
1800.1500 2030.3500 31
1811.9700 2030.3500 31
1823.8000 2030.3500 32
1835.6200 2030.3500 32
1847.4500 2030.3500 33
1859.2700 2030.3500 34
1871.0900 2030.3500 34
1882.9200 2030.3500 35
1888.8300 170.2620 98
1877.0100 170.2620 98
1865.1800 170.2620 98
1853.3600 170.2620 98
1841.5300 170.2620 97
1829.7100 170.2620 97
1817.8900 170.2620 97
1806.0600 170.2620 97
1794.2400 170.2620 97
1782.4200 170.2620 96
1770.5900 170.2620 96
1758.7700 170.2620 96
907.4660 170.2620 93
895.6420 170.2620 93
883.8180 170.2620 93
871.9940 170.2620 94
860.1710 170.2620 94
848.3470 170.2620 94
836.5240 170.2620 94
824.7000 170.2620 94
812.8760 170.2620 94
801.0530 170.2620 94
789.2290 170.2620 94
777.4050 170.2620 95
517.2850 170.2610 99
529.1080 170.2610 98
540.9320 170.2610 98
552.7560 170.2610 98
576.4030 170.2610 98
588.2270 170.2610 97
623.6980 170.2610 97
635.5210 170.2610 97
659.1690 170.2610 96
682.8160 170.2610 96
730.1110 170.2610 95
741.9340 170.2610 95
1498.6500 170.2610 93
1510.4700 170.2610 93
1522.3000 170.2610 93
1534.1200 170.2610 93
1557.7700 170.2610 94
1569.5900 170.2610 94
1605.0600 170.2610 94
1616.8900 170.2610 94
1640.5300 170.2610 94
1664.1800 170.2610 95
1711.4700 170.2610 95
1723.3000 170.2610 95
1882.9200 164.3570 98
1871.0900 164.3570 98
1859.2700 164.3570 98
1847.4500 164.3570 98
1835.6200 164.3570 97
1823.8000 164.3570 97
1811.9700 164.3570 97
1800.1500 164.3570 97
1788.3300 164.3570 97
1776.5000 164.3570 97
1764.6800 164.3570 96
1752.8600 164.3570 96
901.5540 164.3570 94
889.7300 164.3570 94
877.9060 164.3570 94
866.0830 164.3570 94
854.2590 164.3570 94
842.4350 164.3570 94
830.6120 164.3570 94
818.7880 164.3570 94
806.9640 164.3570 94
795.1410 164.3570 95
783.3170 164.3570 95
771.4940 164.3570 95
511.3730 164.3570 99
523.1960 164.3570 99
570.4910 164.3570 98
582.3150 164.3570 98
594.1380 164.3570 97
629.6090 164.3570 97
641.4330 164.3570 97
700.5510 164.3570 96
712.3750 164.3570 96
1492.7400 164.3570 93
1504.5600 164.3570 93
1551.8500 164.3570 94
1563.6800 164.3570 94
1575.5000 164.3570 94
1610.9700 164.3570 94
1622.8000 164.3570 94
1681.9200 164.3570 95
1693.7400 164.3570 95
1888.8300 158.4520 99
1877.0100 158.4520 98
1865.1800 158.4520 98
1853.3600 158.4520 98
1841.5300 158.4520 98
1829.7100 158.4520 98
1817.8900 158.4520 97
1806.0600 158.4520 97
1794.2400 158.4520 97
1782.4200 158.4520 97
1770.5900 158.4520 97
1758.7700 158.4520 97
907.4660 158.4520 94
895.6420 158.4520 94
883.8180 158.4520 94
871.9940 158.4520 94
860.1710 158.4520 94
848.3470 158.4520 94
836.5240 158.4520 94
824.7000 158.4520 95
812.8760 158.4520 95
801.0530 158.4520 95
789.2290 158.4520 95
777.4050 158.4520 95
517.2850 158.4510 99
552.7560 158.4510 98
564.5790 158.4510 98
576.4030 158.4510 98
659.1690 158.4510 97
670.9920 158.4510 97
706.4630 158.4510 96
718.2870 158.4510 96
730.1110 158.4510 96
1498.6500 158.4510 94
1534.1200 158.4510 94
1545.9400 158.4510 94
1557.7700 158.4510 94
1640.5300 158.4510 95
1652.3600 158.4510 95
1687.8300 158.4510 96
1699.6500 158.4510 96
1711.4700 158.4510 96
1882.9200 152.5470 99
1871.0900 152.5470 99
1859.2700 152.5470 98
1847.4500 152.5470 98
1835.6200 152.5470 98
1823.8000 152.5470 98
1811.9700 152.5470 98
1800.1500 152.5470 97
1788.3300 152.5470 97
1776.5000 152.5470 97
1764.6800 152.5470 97
1752.8600 152.5470 97
901.5540 152.5470 94
889.7300 152.5470 94
877.9060 152.5470 94
866.0830 152.5470 94
854.2590 152.5470 95
842.4350 152.5470 95
830.6120 152.5470 95
818.7880 152.5470 95
806.9640 152.5470 95
795.1410 152.5470 95
783.3170 152.5470 95
771.4940 152.5470 96
511.3730 152.5460 100
523.1960 152.5460 99
546.8440 152.5460 99
558.6680 152.5460 99
582.3150 152.5460 98
605.9620 152.5460 98
629.6090 152.5460 97
653.2570 152.5460 97
665.0810 152.5460 97
688.7280 152.5460 97
700.5510 152.5460 96
712.3750 152.5460 96
724.1990 152.5460 96
736.0220 152.5460 96
747.8460 152.5460 96
1492.7400 152.5460 94
1504.5600 152.5460 94
1528.2100 152.5460 94
1540.0300 152.5460 94
1563.6800 152.5460 94
1587.3300 152.5460 95
1610.9700 152.5460 95
1634.6200 152.5460 95
1646.4400 152.5460 95
1670.0900 152.5460 96
1681.9200 152.5460 96
1693.7400 152.5460 96
1705.5600 152.5460 96
1717.3900 152.5460 96
1729.2100 152.5460 96
1214.8800 1959.4900 0