n 1324 
m 2 
tmax 67550
18192.0000 8954.0000 0
18192.0000 9856.0000 5
18192.0000 11319.0000 13
18272.0000 8624.0000 2
18416.0000 7348.0000 9
18416.0000 8294.0000 4
1200.0000 7370.0000 92
1200.0000 8184.0000 92
1200.0000 10912.0000 92
1200.0000 11440.0000 92
17904.0000 572.0000 45
17904.0000 2684.0000 34
17904.0000 6908.0000 12
17904.0000 7348.0000 9
17904.0000 8624.0000 3
8272.0000 308.0000 71
8272.0000 2068.0000 65
8272.0000 2508.0000 64
8272.0000 3080.0000 62
8272.0000 3608.0000 61
8272.0000 5302.0000 57
8336.0000 7260.0000 54
8464.0000 7260.0000 53
8496.0000 9548.0000 53
8496.0000 10582.0000 53
8496.0000 11440.0000 54
15888.0000 9064.0000 13
15888.0000 9504.0000 13
15888.0000 10252.0000 15
15888.0000 11000.0000 17
15936.0000 8184.0000 13
16048.0000 8184.0000 13
16208.0000 8184.0000 12
16336.0000 572.0000 46
16336.0000 1012.0000 44
16336.0000 1452.0000 42
16336.0000 2992.0000 34
16336.0000 4818.0000 25
16336.0000 6028.0000 19
16336.0000 7348.0000 14
1040.0000 7370.0000 93
1040.0000 8184.0000 92
1040.0000 10912.0000 93
1040.0000 11440.0000 93
4464.0000 308.0000 87
4640.0000 308.0000 87
4816.0000 308.0000 86
4944.0000 308.0000 85
5168.0000 308.0000 84
5440.0000 308.0000 83
5616.0000 308.0000 82
5728.0000 308.0000 82
5808.0000 3080.0000 74
5808.0000 3608.0000 73
5808.0000 4664.0000 71
5808.0000 5368.0000 70
5808.0000 6072.0000 69
5808.0000 7128.0000 68
5936.0000 9658.0000 66
5936.0000 11286.0000 67
16848.0000 572.0000 46
16848.0000 1452.0000 41
16848.0000 2992.0000 33
16848.0000 4708.0000 24
16848.0000 6028.0000 18
16848.0000 7348.0000 12
16848.0000 8514.0000 8
16848.0000 9284.0000 8
16848.0000 9922.0000 9
16848.0000 11198.0000 15
8240.0000 7480.0000 54
8400.0000 9548.0000 53
8400.0000 10582.0000 54
8400.0000 11440.0000 55
1520.0000 9152.0000 90
1520.0000 10912.0000 90
1520.0000 11440.0000 91
1584.0000 6446.0000 90
1584.0000 7590.0000 90
1584.0000 8294.0000 90
5168.0000 11440.0000 72
5280.0000 11440.0000 71
5456.0000 11440.0000 70
5584.0000 11440.0000 69
5712.0000 11440.0000 69
2672.0000 6336.0000 85
2784.0000 6556.0000 84
2976.0000 6556.0000 83
3104.0000 6556.0000 82
3264.0000 6556.0000 81
3360.0000 6556.0000 81
3600.0000 6556.0000 80
3856.0000 6556.0000 78
3920.0000 6556.0000 78
4016.0000 6556.0000 78
4144.0000 6556.0000 77
4208.0000 6556.0000 76
4352.0000 6556.0000 76
4464.0000 6556.0000 75
4560.0000 6556.0000 75
4688.0000 6556.0000 74
4720.0000 7260.0000 73
4720.0000 8140.0000 73
4720.0000 9702.0000 73
4720.0000 10582.0000 73
4720.0000 11132.0000 74
17008.0000 572.0000 46
17008.0000 1452.0000 41
17008.0000 2992.0000 33
17008.0000 5874.0000 18
17008.0000 7348.0000 11
17072.0000 8096.0000 8
17136.0000 8096.0000 8
17280.0000 8096.0000 7
17456.0000 8096.0000 7
17520.0000 8404.0000 5
17520.0000 8954.0000 4
17520.0000 10142.0000 8
17520.0000 11319.0000 14
880.0000 7370.0000 94
880.0000 8184.0000 93
880.0000 11440.0000 94
4144.0000 4840.0000 79
4144.0000 7700.0000 76
4304.0000 8360.0000 75
4416.0000 8360.0000 74
4576.0000 8360.0000 74
4656.0000 8360.0000 73
4864.0000 8360.0000 72
5040.0000 8360.0000 71
5296.0000 8360.0000 70
5456.0000 8844.0000 69
5456.0000 9812.0000 69
5520.0000 3608.0000 74
5520.0000 4664.0000 72
5520.0000 5368.0000 71
5520.0000 5918.0000 70
5520.0000 6930.0000 69
16560.0000 8954.0000 9
16560.0000 9922.0000 11
16592.0000 572.0000 46
16592.0000 1452.0000 42
16592.0000 2992.0000 34
16592.0000 4818.0000 24
16592.0000 6138.0000 18
16592.0000 7348.0000 13
7728.0000 7744.0000 57
7728.0000 9548.0000 57
7728.0000 10846.0000 57
7792.0000 7040.0000 57
7856.0000 7040.0000 57
7952.0000 7040.0000 56
8016.0000 308.0000 72
8016.0000 2068.0000 66
8016.0000 2508.0000 65
8016.0000 3080.0000 63
8016.0000 3608.0000 62
8016.0000 4268.0000 61
8016.0000 5852.0000 57
16272.0000 9064.0000 11
16272.0000 9504.0000 11
16272.0000 9922.0000 12
16272.0000 11000.0000 16
16640.0000 8844.0000 9
16720.0000 8844.0000 8
16784.0000 6028.0000 18
16784.0000 7348.0000 12
16784.0000 8514.0000 8
464.0000 11440.0000 96
528.0000 8184.0000 95
640.0000 8184.0000 95
784.0000 7370.0000 94
784.0000 7964.0000 94
7664.0000 6446.0000 58
7664.0000 8074.0000 57
7664.0000 9548.0000 57
7664.0000 10846.0000 58
7728.0000 308.0000 73
7728.0000 2068.0000 68
7728.0000 2508.0000 66
7728.0000 3080.0000 65
7728.0000 3608.0000 63
7728.0000 4048.0000 62
7728.0000 4488.0000 61
5232.0000 3608.0000 76
5232.0000 4664.0000 74
5232.0000 5368.0000 73
5232.0000 5918.0000 72
5232.0000 6776.0000 71
5520.0000 7920.0000 69
3856.0000 7480.0000 78
3920.0000 7920.0000 77
4016.0000 7920.0000 77
4176.0000 9152.0000 76
4176.0000 9922.0000 76
4176.0000 10472.0000 76
4176.0000 10912.0000 76
4176.0000 11440.0000 77
5984.0000 748.0000 79
6096.0000 3080.0000 73
6096.0000 3608.0000 71
6096.0000 4664.0000 69
6160.0000 5368.0000 68
6224.0000 5368.0000 67
6320.0000 5368.0000 67
6496.0000 5368.0000 66
6608.0000 5698.0000 65
6608.0000 6336.0000 64
6608.0000 7502.0000 63
6608.0000 9064.0000 63
6608.0000 10142.0000 63
6608.0000 11022.0000 64
17200.0000 5874.0000 18
17200.0000 7348.0000 11
17200.0000 9284.0000 6
17200.0000 9922.0000 8
17200.0000 11198.0000 14
17296.0000 5192.0000 21
17440.0000 5192.0000 21
17568.0000 5192.0000 21
17616.0000 572.0000 46
17616.0000 2992.0000 33
7248.0000 10362.0000 60
7248.0000 11286.0000 60
7376.0000 308.0000 75
7376.0000 968.0000 73
7376.0000 2068.0000 69
7376.0000 2508.0000 68
7376.0000 3080.0000 66
7376.0000 3608.0000 65
7376.0000 4488.0000 63
7376.0000 5588.0000 61
7376.0000 6556.0000 60
7376.0000 7744.0000 59
1808.0000 6446.0000 89
1840.0000 7436.0000 88
1840.0000 8404.0000 88
1840.0000 9042.0000 88
1840.0000 10912.0000 89
1840.0000 11440.0000 89
12272.0000 9878.0000 33
12464.0000 9064.0000 31
12592.0000 9064.0000 31
12736.0000 9064.0000 30
12848.0000 902.0000 52
12848.0000 1980.0000 48
12848.0000 2640.0000 45
12848.0000 3168.0000 43
12848.0000 3608.0000 41
12848.0000 4158.0000 39
12848.0000 5368.0000 35
12848.0000 6556.0000 32
12848.0000 6996.0000 31
12848.0000 8008.0000 30
12848.0000 8844.0000 29
1648.0000 8404.0000 89
1648.0000 9152.0000 89
1648.0000 10912.0000 90
1648.0000 11440.0000 90
1680.0000 6446.0000 90
1680.0000 7590.0000 89
6256.0000 9658.0000 65
6256.0000 11022.0000 65
16976.0000 8514.0000 7
16976.0000 9284.0000 7
16976.0000 9922.0000 9
16976.0000 11198.0000 14
17072.0000 5720.0000 19
17136.0000 5720.0000 19
17440.0000 5720.0000 18
17600.0000 5720.0000 18
11600.0000 572.0000 58
11600.0000 1760.0000 53
11600.0000 3388.0000 47
11600.0000 5258.0000 41
11600.0000 6556.0000 38
11600.0000 6996.0000 37
11600.0000 7898.0000 36
11632.0000 8602.0000 36
11632.0000 9284.0000 36
11632.0000 10208.0000 36
17376.0000 10142.0000 8
17728.0000 10142.0000 7
18416.0000 10142.0000 7
18608.0000 10142.0000 7
18704.0000 10142.0000 7
18864.0000 10142.0000 8
18992.0000 10142.0000 8
19088.0000 10142.0000 8
6224.0000 968.0000 78
6224.0000 3080.0000 72
6224.0000 3608.0000 71
6224.0000 4664.0000 69
6400.0000 10912.0000 65
6768.0000 10912.0000 63
6864.0000 11286.0000 62
1936.0000 6336.0000 89
1936.0000 7436.0000 88
1968.0000 8404.0000 87
1968.0000 9152.0000 87
1968.0000 10912.0000 88
1968.0000 11440.0000 88
3984.0000 8712.0000 77
4304.0000 8932.0000 75
4416.0000 8932.0000 74
4496.0000 10802.0000 75
15440.0000 1232.0000 44
15440.0000 3608.0000 33
15440.0000 4180.0000 30
15440.0000 4818.0000 27
15536.0000 5808.0000 23
15648.0000 5808.0000 22
15760.0000 5808.0000 22
15840.0000 5808.0000 22
15936.0000 5808.0000 21
16048.0000 5808.0000 21
16208.0000 5808.0000 20
5584.0000 10252.0000 68
5728.0000 10252.0000 68
6000.0000 10252.0000 66
6064.0000 10252.0000 66
6160.0000 10252.0000 65
6320.0000 968.0000 77
6320.0000 3080.0000 71
6320.0000 3608.0000 70
6320.0000 4664.0000 68
6384.0000 9548.0000 64
6384.0000 10472.0000 64
16720.0000 11198.0000 15
17088.0000 11198.0000 14
17376.0000 11198.0000 13
17728.0000 11198.0000 13
18416.0000 11198.0000 13
18608.0000 11198.0000 13
18704.0000 11198.0000 13
18848.0000 11198.0000 13
15280.0000 572.0000 48
15280.0000 1232.0000 45
15280.0000 3608.0000 33
15280.0000 4180.0000 30
15280.0000 4818.0000 28
15280.0000 6138.0000 22
15280.0000 7348.0000 18
15280.0000 8228.0000 17
15280.0000 9064.0000 16
15280.0000 9504.0000 16
15280.0000 10252.0000 18
15280.0000 11000.0000 20
3472.0000 7920.0000 80
3472.0000 8712.0000 79
3472.0000 9372.0000 79
3472.0000 10472.0000 80
3472.0000 10912.0000 80
3472.0000 11440.0000 80
208.0000 11440.0000 98
432.0000 7964.0000 96
944.0000 7964.0000 93
1104.0000 7370.0000 92
1424.0000 6446.0000 91
1424.0000 7370.0000 91
1424.0000 8294.0000 90
10096.0000 4378.0000 50
10096.0000 5478.0000 48
10096.0000 6556.0000 46
10096.0000 7480.0000 45
10096.0000 8008.0000 44
10096.0000 8602.0000 44
10096.0000 9284.0000 44
10096.0000 10318.0000 44
10096.0000 11440.0000 46
10256.0000 3608.0000 52
10336.0000 3608.0000 51
10448.0000 3608.0000 51
10544.0000 3608.0000 50
10608.0000 3608.0000 50
10672.0000 3608.0000 50
10752.0000 3608.0000 50
10864.0000 3608.0000 49
10992.0000 3608.0000 49
11088.0000 3608.0000 48
11168.0000 3608.0000 48
11280.0000 3608.0000 47
11408.0000 3608.0000 47
688.0000 7370.0000 95
688.0000 11440.0000 95
6160.0000 968.0000 78
6496.0000 968.0000 76
6592.0000 968.0000 76
6736.0000 968.0000 75
6848.0000 968.0000 75
6944.0000 968.0000 74
7104.0000 968.0000 74
7232.0000 968.0000 73
7552.0000 968.0000 72
7600.0000 308.0000 74
7600.0000 2068.0000 68
7600.0000 2508.0000 67
7600.0000 3080.0000 65
7600.0000 3608.0000 64
7600.0000 4048.0000 63
7600.0000 4488.0000 62
7632.0000 5148.0000 61
7792.0000 5148.0000 60
7856.0000 5148.0000 59
7920.0000 5148.0000 59
8112.0000 5148.0000 58
8384.0000 5148.0000 57
8464.0000 5148.0000 56
8624.0000 5148.0000 56
8800.0000 5148.0000 55
8912.0000 5148.0000 54
9216.0000 5148.0000 53
9504.0000 5148.0000 51
9616.0000 5148.0000 51
9744.0000 5148.0000 50
9888.0000 5148.0000 49
9936.0000 6556.0000 47
9936.0000 7480.0000 45
9936.0000 8382.0000 45
9936.0000 9284.0000 45
9936.0000 11440.0000 47
10032.0000 572.0000 63
10032.0000 1452.0000 60
10032.0000 2728.0000 55
6496.0000 7084.0000 64
6736.0000 7084.0000 63
6768.0000 9064.0000 62
6768.0000 10142.0000 62
9936.0000 572.0000 64
9936.0000 1452.0000 60
5200.0000 10032.0000 70
7408.0000 10362.0000 59
7568.0000 10692.0000 58
7856.0000 10692.0000 57
7936.0000 10692.0000 56
8032.0000 10692.0000 56
8144.0000 10692.0000 55
8224.0000 10692.0000 55
8320.0000 10692.0000 54
8784.0000 10692.0000 52
8976.0000 10692.0000 51
9408.0000 10692.0000 48
10288.0000 10692.0000 44
10400.0000 10692.0000 43
10560.0000 10692.0000 42
10704.0000 10692.0000 42
10864.0000 10692.0000 41
10960.0000 10692.0000 40
11136.0000 10692.0000 39
11264.0000 10692.0000 39
11392.0000 10692.0000 38
11472.0000 10692.0000 38
11568.0000 10692.0000 37
4880.0000 9218.0000 72
4880.0000 10032.0000 72
4880.0000 10582.0000 72
4880.0000 11132.0000 73
4944.0000 3608.0000 77
4944.0000 4664.0000 75
4944.0000 5368.0000 74
4944.0000 5918.0000 73
4944.0000 6776.0000 72
4944.0000 7436.0000 72
6944.0000 308.0000 76
7104.0000 308.0000 76
7232.0000 308.0000 75
7792.0000 308.0000 73
7856.0000 308.0000 73
7920.0000 308.0000 72
8128.0000 308.0000 72
8384.0000 308.0000 71
8464.0000 308.0000 70
8528.0000 308.0000 70
8592.0000 308.0000 70
8688.0000 308.0000 69
8800.0000 308.0000 69
8912.0000 308.0000 68
9008.0000 308.0000 68
9104.0000 308.0000 68
9200.0000 308.0000 67
9232.0000 1452.0000 63
9232.0000 2288.0000 60
9232.0000 3388.0000 57
9344.0000 7260.0000 49
9456.0000 8602.0000 47
9456.0000 11440.0000 49
3568.0000 7920.0000 79
3664.0000 7920.0000 79
3728.0000 7920.0000 78
8240.0000 9548.0000 54
8240.0000 11440.0000 55
9376.0000 6776.0000 49
9776.0000 572.0000 64
9776.0000 1452.0000 61
9776.0000 2508.0000 57
9776.0000 3388.0000 55
6992.0000 7854.0000 61
6992.0000 9174.0000 61
6992.0000 9812.0000 61
6992.0000 10362.0000 61
7056.0000 2068.0000 71
7056.0000 3080.0000 68
7056.0000 3608.0000 67
7056.0000 4664.0000 64
7056.0000 5588.0000 63
7056.0000 6556.0000 62
14512.0000 682.0000 49
14640.0000 3608.0000 35
14640.0000 4048.0000 33
14640.0000 4598.0000 31
14640.0000 6138.0000 25
14640.0000 7568.0000 21
14640.0000 8228.0000 20
14640.0000 9064.0000 20
14640.0000 9504.0000 20
14640.0000 10252.0000 21
14640.0000 11000.0000 22
14768.0000 1012.0000 47
14848.0000 1012.0000 47
14960.0000 1012.0000 46
15376.0000 1012.0000 46
15536.0000 1012.0000 45
15664.0000 1012.0000 45
15760.0000 1012.0000 45
15840.0000 1012.0000 45
15936.0000 1012.0000 45
16048.0000 1012.0000 45
16208.0000 1012.0000 44
16464.0000 1012.0000 44
16528.0000 572.0000 46
14736.0000 6138.0000 24
14736.0000 7568.0000 20
14736.0000 8228.0000 19
14736.0000 9064.0000 19
14736.0000 9504.0000 19
14736.0000 10252.0000 20
14736.0000 10890.0000 22
14768.0000 4928.0000 29
14880.0000 4928.0000 28
14976.0000 4928.0000 28
15376.0000 4928.0000 27
15536.0000 4928.0000 26
15648.0000 4928.0000 26
15760.0000 4928.0000 26
15840.0000 4928.0000 25
15936.0000 4928.0000 25
16048.0000 4928.0000 25
16208.0000 4928.0000 25
16464.0000 4928.0000 24
16704.0000 4928.0000 23
13808.0000 6028.0000 29
13808.0000 6776.0000 27
13808.0000 7788.0000 25
13808.0000 8228.0000 24
13808.0000 9504.0000 24
13808.0000 10362.0000 25
13808.0000 11110.0000 27
14032.0000 4708.0000 32
14144.0000 4708.0000 32
14320.0000 4708.0000 31
14464.0000 4708.0000 31
16944.0000 4708.0000 24
3664.0000 8712.0000 78
3728.0000 9284.0000 78
3760.0000 9702.0000 78
3760.0000 10472.0000 78
3760.0000 10912.0000 79
3760.0000 11440.0000 79
3600.0000 8712.0000 79
3600.0000 9482.0000 79
4048.0000 9812.0000 76
4336.0000 9812.0000 75
4576.0000 9812.0000 74
4656.0000 9812.0000 73
4976.0000 8844.0000 71
8976.0000 8118.0000 50
8976.0000 9394.0000 50
8976.0000 11440.0000 52
10176.0000 6556.0000 45
10304.0000 6556.0000 45
10448.0000 6556.0000 44
10576.0000 6556.0000 43
10736.0000 6556.0000 42
10832.0000 6556.0000 42
10896.0000 6556.0000 42
10976.0000 6556.0000 41
11088.0000 6556.0000 41
11168.0000 6556.0000 40
11264.0000 6556.0000 40
11424.0000 6556.0000 39
11536.0000 6556.0000 38
11664.0000 6556.0000 38
11728.0000 6556.0000 37
11792.0000 6556.0000 37
11872.0000 6556.0000 37
11968.0000 6556.0000 36
12112.0000 6556.0000 36
12272.0000 6556.0000 35
12448.0000 6556.0000 34
12608.0000 6556.0000 33
12736.0000 6556.0000 32
13008.0000 6556.0000 31
13072.0000 1012.0000 51
13072.0000 1980.0000 47
13072.0000 2640.0000 44
13072.0000 3608.0000 40
13072.0000 4268.0000 38
13072.0000 5368.0000 34
13168.0000 572.0000 53
13264.0000 572.0000 53
13408.0000 572.0000 52
13568.0000 572.0000 52
13696.0000 572.0000 51
14016.0000 572.0000 51
14160.0000 572.0000 50
14320.0000 572.0000 50
15120.0000 572.0000 48
15376.0000 572.0000 48
10480.0000 572.0000 62
10480.0000 1452.0000 58
10480.0000 6006.0000 45
7120.0000 2508.0000 69
7120.0000 3080.0000 68
7120.0000 3608.0000 66
7120.0000 4664.0000 64
7120.0000 5588.0000 62
7120.0000 6556.0000 61
7120.0000 7744.0000 60
7120.0000 9064.0000 60
7120.0000 9812.0000 60
7120.0000 10362.0000 60
7120.0000 11286.0000 61
3728.0000 8712.0000 78
4016.0000 10472.0000 77
4016.0000 10912.0000 77
4016.0000 11440.0000 78
6480.0000 9064.0000 63
6896.0000 9064.0000 61
7248.0000 2068.0000 70
7248.0000 2508.0000 69
7248.0000 3080.0000 67
7248.0000 3608.0000 66
7248.0000 4664.0000 63
7248.0000 5588.0000 62
7248.0000 6556.0000 61
7248.0000 7480.0000 60
3920.0000 8712.0000 77
5056.0000 9372.0000 71
3536.0000 9372.0000 79
3536.0000 10472.0000 79
3536.0000 10912.0000 80
3536.0000 11440.0000 80
8784.0000 8448.0000 51
10304.0000 8448.0000 43
10560.0000 8448.0000 41
10704.0000 8448.0000 41
10768.0000 8448.0000 40
10848.0000 8448.0000 40
10976.0000 8448.0000 39
11120.0000 8448.0000 38
11264.0000 8448.0000 38
11552.0000 8448.0000 36
11760.0000 8448.0000 35
11888.0000 8448.0000 34
12080.0000 8448.0000 33
12240.0000 8448.0000 32
12720.0000 572.0000 54
12720.0000 1980.0000 48
12720.0000 3718.0000 41
12720.0000 5368.0000 36
12720.0000 6996.0000 32
2800.0000 7326.0000 83
2928.0000 7700.0000 83
2992.0000 7700.0000 82
3104.0000 7700.0000 82
3264.0000 7700.0000 81
4208.0000 7700.0000 76
8112.0000 2068.0000 66
8112.0000 2508.0000 65
8112.0000 3080.0000 63
8112.0000 3608.0000 62
8112.0000 4268.0000 60
8112.0000 7480.0000 55
9584.0000 2728.0000 57
9584.0000 3388.0000 55
9840.0000 2288.0000 58
11440.0000 2288.0000 51
11728.0000 2288.0000 50
11824.0000 2288.0000 50
11984.0000 2288.0000 49
12112.0000 2288.0000 49
12256.0000 2288.0000 48
12384.0000 2288.0000 48
12464.0000 2288.0000 48
12496.0000 572.0000 55
12496.0000 1232.0000 52
12608.0000 1012.0000 53
5584.0000 7920.0000 68
5680.0000 7920.0000 68
5760.0000 7920.0000 67
6896.0000 7920.0000 61
7568.0000 7920.0000 58
8144.0000 7920.0000 55
8208.0000 7920.0000 54
9136.0000 7590.0000 50
10544.0000 6116.0000 44
11088.0000 6116.0000 41
11168.0000 6116.0000 41
11264.0000 6116.0000 41
11312.0000 572.0000 59
11312.0000 1496.0000 55
11312.0000 5258.0000 42
10768.0000 572.0000 60
10768.0000 1342.0000 57
10768.0000 4488.0000 47
10768.0000 5038.0000 45
10768.0000 5588.0000 44
10768.0000 6996.0000 42
10768.0000 9284.0000 40
10768.0000 9878.0000 41
5584.0000 8844.0000 68
5616.0000 3080.0000 75
6160.0000 3080.0000 72
6496.0000 3080.0000 71
6608.0000 3080.0000 70
6736.0000 3080.0000 69
6848.0000 3080.0000 69
6944.0000 3080.0000 68
7792.0000 3080.0000 64
7856.0000 3080.0000 64
7920.0000 3080.0000 64
8384.0000 3080.0000 62
8464.0000 3080.0000 61
8560.0000 3080.0000 61
8688.0000 3080.0000 60
8800.0000 3080.0000 60
8912.0000 3080.0000 59
9008.0000 3080.0000 59
8688.0000 2288.0000 63
8464.0000 6116.0000 55
8528.0000 2068.0000 64
8528.0000 2508.0000 63
8528.0000 3608.0000 60
8464.0000 2068.0000 64
8464.0000 2508.0000 63
8464.0000 3608.0000 60
17456.0000 572.0000 46
17456.0000 2992.0000 33
17456.0000 7238.0000 11
11728.0000 2948.0000 48
11824.0000 2948.0000 47
11984.0000 2948.0000 47
12112.0000 2948.0000 46
12256.0000 2948.0000 46
12384.0000 2948.0000 45
12464.0000 2948.0000 45
12560.0000 572.0000 55
12560.0000 1980.0000 49
12560.0000 2728.0000 45
17552.0000 7238.0000 10
17632.0000 8184.0000 6
17776.0000 8184.0000 5
18080.0000 8184.0000 5
18256.0000 9064.0000 1
10448.0000 10032.0000 42
10560.0000 10032.0000 42
10704.0000 10032.0000 41
10864.0000 10032.0000 40
10976.0000 10032.0000 40
11136.0000 10032.0000 39
11760.0000 10032.0000 35
11888.0000 10032.0000 35
12032.0000 10032.0000 34
12144.0000 10032.0000 33
12880.0000 10032.0000 30
13008.0000 10032.0000 29
13168.0000 10032.0000 28
13312.0000 10032.0000 27
13472.0000 10032.0000 26
13584.0000 10032.0000 26
13680.0000 3608.0000 38
13680.0000 4268.0000 35
13680.0000 6028.0000 29
13680.0000 6776.0000 27
13680.0000 8008.0000 25
13680.0000 9504.0000 25
17760.0000 6908.0000 12
18048.0000 6908.0000 11
18128.0000 7348.0000 9
12640.0000 3388.0000 43
12784.0000 2640.0000 45
12784.0000 3168.0000 43
10976.0000 8008.0000 39
11088.0000 8008.0000 39
11264.0000 8008.0000 38
11664.0000 8008.0000 36
11728.0000 8008.0000 35
11792.0000 8008.0000 35
11888.0000 8008.0000 35
12912.0000 8008.0000 29
13008.0000 8008.0000 29
13184.0000 8008.0000 28
13328.0000 8008.0000 27
13456.0000 8008.0000 26
13568.0000 8008.0000 26
8400.0000 2068.0000 65
8400.0000 2508.0000 63
8400.0000 3608.0000 60
9328.0000 1452.0000 63
9520.0000 1452.0000 62
9632.0000 1452.0000 61
9840.0000 1452.0000 61
10160.0000 1452.0000 59
10256.0000 1452.0000 59
10336.0000 1452.0000 59
10544.0000 1452.0000 58
10608.0000 1452.0000 58
10672.0000 1452.0000 57
10864.0000 1452.0000 57
10992.0000 1452.0000 56
11088.0000 1452.0000 56
11168.0000 1452.0000 56
12304.0000 572.0000 55
14864.0000 3608.0000 34
14864.0000 4048.0000 32
14864.0000 6138.0000 24
14864.0000 7568.0000 20
14864.0000 8228.0000 19
14864.0000 9064.0000 18
14864.0000 9504.0000 19
14864.0000 10252.0000 20
14864.0000 10890.0000 21
7792.0000 2068.0000 67
7792.0000 2508.0000 66
7792.0000 3608.0000 63
7792.0000 4048.0000 62
7792.0000 4488.0000 61
7792.0000 6446.0000 58
15376.0000 3608.0000 33
15376.0000 4180.0000 30
15376.0000 6138.0000 22
15376.0000 7348.0000 18
6864.0000 2068.0000 72
6864.0000 3608.0000 68
6864.0000 4774.0000 65
6928.0000 5368.0000 64
10544.0000 5368.0000 46
10672.0000 5368.0000 45
10704.0000 9284.0000 41
12464.0000 11000.0000 33
12592.0000 11000.0000 32
12736.0000 11000.0000 32
12880.0000 11000.0000 31
13008.0000 11000.0000 30
13168.0000 11000.0000 30
13312.0000 11000.0000 29
13456.0000 11000.0000 28
13584.0000 11000.0000 28
14144.0000 11000.0000 25
14224.0000 11000.0000 24
14336.0000 11000.0000 24
14416.0000 11000.0000 24
14992.0000 11000.0000 21
15440.0000 11000.0000 19
15632.0000 11000.0000 18
15760.0000 11000.0000 18
15824.0000 11000.0000 17
16160.0000 11000.0000 16
16464.0000 11000.0000 15
15952.0000 572.0000 47
15952.0000 1452.0000 42
16048.0000 2992.0000 34
16208.0000 2992.0000 34
16464.0000 2992.0000 34
16704.0000 2992.0000 33
17072.0000 2992.0000 33
17136.0000 2992.0000 33
17296.0000 2992.0000 33
15664.0000 572.0000 47
15664.0000 3608.0000 32
15664.0000 4180.0000 29
15664.0000 7348.0000 17
15664.0000 7788.0000 15
15664.0000 9064.0000 14
15664.0000 9504.0000 14
15664.0000 10252.0000 16
16432.0000 1452.0000 42
8144.0000 9548.0000 54
8144.0000 11440.0000 56
9616.0000 572.0000 65
12112.0000 572.0000 56
12112.0000 3938.0000 43
12112.0000 5258.0000 39
8304.0000 9548.0000 54
8304.0000 11440.0000 55
12912.0000 8844.0000 29
13008.0000 8844.0000 28
13184.0000 8844.0000 27
13328.0000 8844.0000 27
13456.0000 8844.0000 26
13552.0000 3608.0000 38
13552.0000 4378.0000 35
13552.0000 5368.0000 32
13552.0000 6028.0000 30
13552.0000 6776.0000 28
11920.0000 6996.0000 36
11920.0000 9284.0000 34
11952.0000 572.0000 56
11952.0000 3938.0000 43
11952.0000 5258.0000 39
10320.0000 572.0000 62
10448.0000 11440.0000 44
11824.0000 572.0000 57
11824.0000 3938.0000 44
11824.0000 5258.0000 40
12656.0000 5368.0000 36
5008.0000 10692.0000 72
5008.0000 11132.0000 72
13168.0000 1980.0000 47
13168.0000 2640.0000 44
13168.0000 3608.0000 40
13168.0000 4378.0000 37
13168.0000 5478.0000 33
13232.0000 6028.0000 31
13376.0000 6028.0000 31
13488.0000 6028.0000 30
14032.0000 6028.0000 28
14144.0000 6028.0000 27
14224.0000 6028.0000 27
14320.0000 6028.0000 26
14464.0000 6028.0000 26
14976.0000 6028.0000 24
16704.0000 6028.0000 18
3280.0000 10912.0000 81
3280.0000 11440.0000 81
6736.0000 308.0000 77
6736.0000 2068.0000 72
6736.0000 3608.0000 68
6736.0000 4774.0000 66
6736.0000 5698.0000 64
6736.0000 6336.0000 63
8784.0000 11440.0000 53
10288.0000 11440.0000 45
10512.0000 11440.0000 44
11792.0000 6996.0000 36
8720.0000 4158.0000 57
6800.0000 5808.0000 64
6800.0000 6336.0000 63
6912.0000 6556.0000 62
7856.0000 6556.0000 57
8896.0000 6556.0000 52
8944.0000 2288.0000 62
8944.0000 3608.0000 58
7568.0000 9504.0000 57
7856.0000 9504.0000 56
8784.0000 9504.0000 51
14144.0000 8228.0000 23
14224.0000 8228.0000 22
14336.0000 8228.0000 22
14416.0000 8228.0000 21
14480.0000 8228.0000 21
15440.0000 8228.0000 16
15504.0000 8228.0000 15
15536.0000 3608.0000 32
15536.0000 4180.0000 30
15536.0000 7348.0000 17
15568.0000 572.0000 48
15760.0000 572.0000 47
15840.0000 572.0000 47
16048.0000 572.0000 47
16208.0000 572.0000 47
16704.0000 572.0000 46
17104.0000 572.0000 46
17296.0000 572.0000 46
18000.0000 572.0000 45
18080.0000 572.0000 45
11728.0000 572.0000 57
11728.0000 3938.0000 44
11728.0000 5258.0000 40
11728.0000 6996.0000 37
11760.0000 9284.0000 35
12272.0000 3938.0000 42
12272.0000 5258.0000 38
10512.0000 9284.0000 42
7856.0000 4048.0000 62
7920.0000 4048.0000 61
8784.0000 2288.0000 62
8784.0000 3608.0000 58
8784.0000 4268.0000 57
7920.0000 2068.0000 67
7920.0000 2508.0000 65
7920.0000 3608.0000 63
7920.0000 4488.0000 60
8880.0000 4268.0000 56
10544.0000 572.0000 61
10544.0000 6996.0000 43
10608.0000 4488.0000 48
9008.0000 2288.0000 61
9312.0000 2288.0000 60
11440.0000 572.0000 58
11440.0000 5258.0000 42
11440.0000 6996.0000 38
11536.0000 6996.0000 38
15824.0000 7348.0000 16
15824.0000 7788.0000 15
15824.0000 9064.0000 13
15824.0000 9504.0000 14
15824.0000 10252.0000 15
6608.0000 2068.0000 73
6608.0000 3608.0000 69
6608.0000 4664.0000 67
6896.0000 5808.0000 63
112.0000 11198.0000 98
10672.0000 4488.0000 47
10832.0000 4488.0000 47
10864.0000 572.0000 60
10864.0000 5038.0000 45
11088.0000 6996.0000 40
9520.0000 572.0000 65
9520.0000 2068.0000 60
12240.0000 6996.0000 34
3280.0000 8712.0000 80
3280.0000 9152.0000 80
3632.0000 10472.0000 79
3632.0000 10912.0000 79
3632.0000 11440.0000 80
11568.0000 9284.0000 36
14128.0000 10472.0000 24
14160.0000 1342.0000 47
14160.0000 3608.0000 36
14160.0000 4048.0000 35
14160.0000 6776.0000 25
14160.0000 7678.0000 23
14160.0000 9504.0000 22
4080.0000 10472.0000 77
4336.0000 10472.0000 75
4576.0000 10472.0000 74
4976.0000 10032.0000 72
528.0000 7370.0000 95
16016.0000 1452.0000 42
16016.0000 7348.0000 15
16016.0000 9064.0000 12
16016.0000 9504.0000 13
16160.0000 9922.0000 13
16464.0000 9922.0000 11
16640.0000 9922.0000 10
16720.0000 9922.0000 10
17088.0000 9922.0000 8
1744.0000 10912.0000 89
2112.0000 10912.0000 87
2368.0000 10912.0000 86
2544.0000 10912.0000 85
2944.0000 10912.0000 83
3056.0000 8712.0000 82
3056.0000 9152.0000 82
3088.0000 10912.0000 82
4080.0000 10912.0000 77
4336.0000 10912.0000 75
4432.0000 10912.0000 75
13456.0000 9504.0000 26
14224.0000 7788.0000 23
14336.0000 7788.0000 22
14416.0000 7788.0000 22
14448.0000 1342.0000 46
14448.0000 3608.0000 35
14448.0000 4048.0000 34
1280.0000 8404.0000 91
1744.0000 8404.0000 89
1904.0000 8404.0000 88
2160.0000 8404.0000 86
2224.0000 8404.0000 86
2368.0000 8404.0000 85
2544.0000 8404.0000 84
2704.0000 7546.0000 84
14032.0000 1342.0000 47
14032.0000 3608.0000 37
14032.0000 6776.0000 26
14976.0000 7568.0000 19
14320.0000 4048.0000 34
14768.0000 4048.0000 33
13392.0000 1980.0000 46
13392.0000 3608.0000 39
13392.0000 4378.0000 36
13392.0000 5368.0000 33
16688.0000 1452.0000 41
13360.0000 6776.0000 29
16208.0000 1452.0000 42
16208.0000 7348.0000 14
1504.0000 6336.0000 91
2064.0000 6336.0000 88
2160.0000 6336.0000 88
2224.0000 6336.0000 87
2384.0000 6336.0000 86
2544.0000 6336.0000 85
4560.0000 7370.0000 74
4304.0000 7260.0000 75
4384.0000 7260.0000 75
4464.0000 7260.0000 75
4816.0000 7260.0000 73
4880.0000 7260.0000 72
14352.0000 1342.0000 46
14352.0000 3608.0000 36
14352.0000 9504.0000 21
14352.0000 10252.0000 22
5744.0000 8844.0000 67
4336.0000 11440.0000 76
6160.0000 3608.0000 71
6160.0000 4664.0000 69
6160.0000 11132.0000 66
6512.0000 3608.0000 69
6512.0000 4664.0000 67
6928.0000 2068.0000 71
6928.0000 3608.0000 67
6928.0000 4664.0000 65
11280.0000 6996.0000 39
12592.0000 6996.0000 32
13488.0000 3608.0000 39
14768.0000 3608.0000 35
14960.0000 3608.0000 34
15760.0000 3608.0000 32
15840.0000 3608.0000 32
15920.0000 7348.0000 15
12368.0000 572.0000 55
12368.0000 1232.0000 52
12368.0000 3938.0000 42
12368.0000 5258.0000 37
11664.0000 6996.0000 37
17776.0000 2684.0000 34
12464.0000 3938.0000 41
13488.0000 4268.0000 36
13232.0000 6666.0000 30
10192.0000 572.0000 63
944.0000 7370.0000 93
10848.0000 9284.0000 40
17088.0000 9284.0000 7
17344.0000 9284.0000 5
4592.0000 4840.0000 77
4592.0000 6028.0000 75
11024.0000 572.0000 60
11024.0000 5038.0000 44
2384.0000 7436.0000 86
2384.0000 9152.0000 85
2384.0000 11440.0000 86
2928.0000 8712.0000 82
2928.0000 9152.0000 82
2928.0000 11440.0000 83
2544.0000 7546.0000 85
2544.0000 9152.0000 84
2544.0000 11440.0000 85
9648.0000 7480.0000 47
2048.0000 7172.0000 87
2160.0000 7172.0000 87
2224.0000 7172.0000 87
3440.0000 7172.0000 80
1744.0000 9042.0000 89
1744.0000 11440.0000 90
2096.0000 9152.0000 87
2096.0000 11440.0000 88
3056.0000 11440.0000 83
10960.0000 6996.0000 41
2992.0000 8712.0000 82
2992.0000 9152.0000 82
10896.0000 6996.0000 41
4080.0000 11440.0000 77
16144.0000 9064.0000 11
16144.0000 9504.0000 12
14224.0000 6776.0000 25
14224.0000 9504.0000 22
14224.0000 10252.0000 23
17104.0000 8624.0000 7
17136.0000 7348.0000 11
15440.0000 9064.0000 15
15440.0000 9504.0000 16
15440.0000 10252.0000 17
15760.0000 7788.0000 15
15856.0000 1452.0000 43
4208.0000 4840.0000 79
18320.0000 7348.0000 9
15760.0000 4180.0000 29
9712.0000 7480.0000 47
17072.0000 1452.0000 41
17072.0000 7348.0000 11
16464.0000 9504.0000 10
7856.0000 2068.0000 67
7856.0000 2508.0000 66
7856.0000 3608.0000 63
7856.0000 4488.0000 61
16720.0000 7348.0000 12
15504.0000 9064.0000 15
4368.0000 4840.0000 78
6000.0000 11132.0000 67
6064.0000 11132.0000 67
4688.0000 5808.0000 75
4816.0000 5808.0000 74
4880.0000 5808.0000 74
9008.0000 3608.0000 57
15760.0000 9064.0000 14
17424.0000 9064.0000 5
18512.0000 8294.0000 4
4880.0000 4664.0000 75
4880.0000 5368.0000 74
4880.0000 6776.0000 73
4688.0000 4488.0000 77
4752.0000 4488.0000 76
4816.0000 4488.0000 76
18608.0000 8866.0000 3
14416.0000 9504.0000 21
14416.0000 10252.0000 22
15760.0000 7348.0000 16
18224.0000 7348.0000 9
13424.0000 6776.0000 29
18704.0000 8866.0000 3
11088.0000 4928.0000 44
11168.0000 4928.0000 44
12464.0000 5368.0000 37
15760.0000 1452.0000 43
15760.0000 9504.0000 14
15760.0000 10252.0000 15
432.0000 7480.0000 96
11168.0000 6996.0000 40
13488.0000 6776.0000 28
13584.0000 9504.0000 25
13488.0000 5368.0000 32
11184.0000 572.0000 59
4464.0000 4840.0000 77
4528.0000 4840.0000 77
4816.0000 5368.0000 75
4816.0000 6776.0000 73
11088.0000 572.0000 59
10672.0000 572.0000 61
10256.0000 572.0000 62
9840.0000 572.0000 64
4432.0000 220.0000 88
5808.0000 220.0000 82
1552.0000 8932.0000 90
5136.0000 11528.0000 72
5552.0000 11528.0000 70
5968.0000 11528.0000 67
5488.0000 7304.0000 69
16576.0000 8184.0000 10
6096.0000 264.0000 80
6096.0000 594.0000 79
1824.0000 6864.0000 89
1664.0000 8184.0000 89
5936.0000 330.0000 81
11616.0000 8228.0000 36
1952.0000 8184.0000 88
6304.0000 8536.0000 64
6368.0000 8844.0000 64
16688.0000 11407.0000 16
3488.0000 7480.0000 80
1392.0000 2904.0000 96
1392.0000 5852.0000 92
1408.0000 6028.0000 92
11728.0000 11330.0000 37
11728.0000 10868.0000 37
6896.0000 220.0000 77
9232.0000 220.0000 68
8272.0000 8756.0000 54
7024.0000 7260.0000 61
14720.0000 4928.0000 29
13072.0000 484.0000 54
15408.0000 484.0000 48
8080.0000 7700.0000 55
10016.0000 9064.0000 44
7776.0000 8448.0000 56
15344.0000 7788.0000 17
12400.0000 11484.0000 34
12400.0000 11176.0000 34
16496.0000 11484.0000 17
16496.0000 11176.0000 15
11936.0000 6776.0000 36
11840.0000 6336.0000 37
12672.0000 6776.0000 32
3312.0000 10692.0000 81
10544.0000 11528.0000 44
11808.0000 8228.0000 35
15536.0000 484.0000 48
18128.0000 352.0000 47
7600.0000 6116.0000 59
11744.0000 8228.0000 35
7888.0000 9064.0000 56
10992.0000 11550.0000 41
10992.0000 11308.0000 41
12000.0000 6776.0000 36
4992.0000 9812.0000 71
5888.0000 5060.0000 70
2704.0000 8250.0000 84
16672.0000 6248.0000 17
3408.0000 3058.0000 86
3408.0000 6160.0000 81
5760.0000 8624.0000 67
6528.0000 8844.0000 63
6944.0000 7260.0000 61
7408.0000 10912.0000 59
12608.0000 3608.0000 42
12352.0000 6116.0000 35
11648.0000 6336.0000 38
12416.0000 6116.0000 35
12096.0000 9504.0000 33
13248.0000 9284.0000 27
912.0000 3410.0000 98
912.0000 6864.0000 94
928.0000 7040.0000 94
14800.0000 8008.0000 19
6640.0000 220.0000 78
6832.0000 220.0000 77
2944.0000 6952.0000 83
9664.0000 7788.0000 47
560.0000 3410.0000 100
560.0000 6864.0000 96
576.0000 7040.0000 95
1728.0000 8184.0000 89
5120.0000 7920.0000 71
2080.0000 8932.0000 87
3072.0000 11220.0000 82
2976.0000 10692.0000 83
10848.0000 6776.0000 42
8848.0000 9064.0000 51
16112.0000 8844.0000 12
17120.0000 8404.0000 7
12160.0000 9064.0000 33
13552.0000 11418.0000 29
18192.0000 8954.0000 0