n 1578 
m 2 
tmax 5562.5
1214.8800 1959.4900 0
1226.7000 1959.4900 15
1238.5300 1959.4900 56
1250.3500 1959.4900 97
1262.1800 1959.4900 38
1285.8200 1959.4900 79
1297.6500 1959.4900 20
1350.8500 1965.3900 61
1380.4100 1971.3000 2
1392.2400 1971.3000 43
1303.5600 1953.5800 84
1173.5000 1941.7700 25
1185.3200 1941.7700 66
1197.1500 1941.7700 7
1208.9700 1941.7700 48
1339.0300 1941.7700 89
1350.8500 1941.7700 30
1362.6800 1941.7700 71
1374.5000 1941.7700 12
1386.3200 1941.7700 53
1398.1500 1941.7700 94
1262.1800 1935.8700 35
1250.3500 1935.8700 76
1238.5300 1935.8700 17
1226.7000 1935.8700 58
1214.8800 1935.8700 99
1155.7600 1935.8700 40
1143.9400 1935.8700 81
1132.1100 1935.8700 22
1120.2900 1935.8700 63
1108.4700 1935.8700 4
1138.0300 1929.9600 45
1149.8500 1929.9600 86
1161.6700 1929.9600 27
1173.5000 1929.9600 68
1185.3200 1929.9600 9
1303.5600 1929.9600 50
1315.3800 1929.9600 91
1327.2000 1929.9600 32
1339.0300 1929.9600 73
1350.8500 1929.9600 14
1356.7700 1924.0600 55
1344.9400 1924.0600 96
1333.1200 1924.0600 37
1321.2900 1924.0600 78
1309.4700 1924.0600 19
1214.8800 1924.0600 60
1203.0600 1924.0600 1
1191.2300 1924.0600 42
1179.4100 1924.0600 83
1197.1500 1918.1500 24
1208.9700 1918.1500 65
1279.9100 1918.1500 6
1291.7300 1918.1500 47
1303.5600 1918.1500 88
1386.3200 1918.1500 29
1398.1500 1918.1500 70
1409.9700 1918.1500 11
1226.7000 1912.2500 52
1214.8800 1912.2500 93
1203.0600 1912.2500 34
1191.2300 1912.2500 75
1078.9100 1906.3400 16
1090.7300 1906.3400 57
1102.5600 1906.3400 98
1114.3800 1906.3400 39
1126.2000 1906.3400 80
1138.0300 1906.3400 21
1149.8500 1906.3400 62
1256.2600 1906.3400 3
1268.0900 1906.3400 44
1279.9100 1906.3400 85
1291.7300 1906.3400 26
1303.5600 1906.3400 67
1339.0300 1906.3400 8
1350.8500 1906.3400 49
1362.6800 1906.3400 90
1344.9400 1900.4400 31
1333.1200 1900.4400 72
1321.2900 1900.4400 13
1309.4700 1900.4400 54
1279.9100 1894.5300 95
1268.0900 1894.5300 36
1256.2600 1894.5300 77
1244.4400 1894.5300 18
1149.8500 1894.5300 59
1138.0300 1894.5300 100
1126.2000 1894.5300 41
1114.3800 1894.5300 82
1102.5600 1894.5300 23
1090.7300 1894.5300 64
1285.8200 1888.6300 5
1297.6500 1888.6300 46
1309.4700 1888.6300 87
1321.2900 1888.6300 28
1409.9700 1882.7200 69
1398.1500 1882.7200 10
1386.3200 1882.7200 51
1303.5600 1882.7200 92
1291.7300 1882.7200 33
1279.9100 1882.7200 74
1126.2000 1882.7200 15
1114.3800 1882.7200 56
1102.5600 1882.7200 97
1090.7300 1882.7200 38
1333.1200 1876.8200 79
1344.9400 1876.8200 20
1356.7700 1876.8200 61
1368.5900 1876.8200 2
1380.4100 1876.8200 43
1374.5000 1870.9100 84
1362.6800 1870.9100 25
1350.8500 1870.9100 66
1339.0300 1870.9100 7
1327.2000 1870.9100 48
1244.4400 1870.9100 89
1232.6200 1870.9100 30
1220.7900 1870.9100 71
1208.9700 1870.9100 12
1197.1500 1870.9100 53
1185.3200 1870.9100 94
1173.5000 1870.9100 35
1161.6700 1870.9100 76
1149.8500 1870.9100 17
1138.0300 1870.9100 58
1214.8800 1865.0100 99
1226.7000 1865.0100 40
1238.5300 1865.0100 81
1250.3500 1865.0100 22
1262.1800 1865.0100 63
1274.0000 1865.0100 4
1285.8200 1865.0100 45
1297.6500 1865.0100 86
1309.4700 1865.0100 27
1664.1800 1746.9100 68
670.9920 1746.9100 9
676.9040 1741.0000 50
688.7280 1741.0000 91
700.5510 1741.0000 32
712.3750 1741.0000 73
724.1990 1741.0000 14
736.0220 1741.0000 55
1670.0900 1741.0000 96
1681.9200 1741.0000 37
1693.7400 1741.0000 78
1705.5600 1741.0000 19
1717.3900 1741.0000 60
1729.2100 1741.0000 1
1865.1800 1723.2900 42
1853.3600 1723.2900 83
871.9940 1723.2900 24
860.1710 1723.2900 65
777.4050 1522.5200 6
789.2290 1522.5200 47
801.0530 1522.5200 88
812.8760 1522.5200 29
824.7000 1522.5200 70
1770.5900 1522.5200 11
1782.4200 1522.5200 52
1794.2400 1522.5200 93
1806.0600 1522.5200 34
1817.8900 1522.5200 75
1244.4400 1516.6100 16
1232.6200 1516.6100 57
1220.7900 1516.6100 98
1208.9700 1516.6100 39
1197.1500 1516.6100 80
1185.3200 1516.6100 21
1173.5000 1516.6100 62
1161.6700 1516.6100 3
1149.8500 1516.6100 44
1138.0300 1516.6100 85
1126.2000 1516.6100 26
1114.3800 1516.6100 67
1102.5600 1516.6100 8
1090.7300 1516.6100 49
1078.9100 1516.6100 90
1067.0800 1516.6100 31
1055.2600 1516.6100 72
1043.4400 1516.6100 13
1031.6100 1516.6100 54
1019.7900 1516.6100 95
1007.9700 1516.6100 36
996.1430 1516.6100 77
984.3190 1516.6100 18
972.4960 1516.6100 59
960.6720 1516.6100 100
948.8480 1516.6100 41
937.0250 1516.6100 82
925.2010 1516.6100 23
913.3770 1516.6100 64
901.5540 1516.6100 5
889.7300 1516.6100 46
877.9060 1516.6100 87
866.0830 1516.6100 28
854.2590 1516.6100 69
842.4350 1516.6100 10
830.6120 1516.6100 51
818.7880 1516.6100 92
806.9640 1516.6100 33
795.1410 1516.6100 74
783.3170 1516.6100 15
771.4940 1516.6100 56
759.6700 1516.6100 97
747.8460 1516.6100 38
736.0220 1516.6100 79
724.1990 1516.6100 20
712.3750 1516.6100 61
700.5510 1516.6100 2
688.7280 1516.6100 43
676.9040 1516.6100 84
665.0810 1516.6100 25
653.2570 1516.6100 66
641.4330 1516.6100 7
629.6090 1516.6100 48
617.7860 1516.6100 89
605.9620 1516.6100 30
594.1380 1516.6100 71
582.3150 1516.6100 12
570.4910 1516.6100 53
558.6680 1516.6100 94
546.8440 1516.6100 35
535.0200 1516.6100 76
523.1960 1516.6100 17
511.3730 1516.6100 58
499.5490 1516.6100 99
487.7250 1516.6100 40
475.9020 1516.6100 81
464.0780 1516.6100 22
452.2550 1516.6100 63
440.4310 1516.6100 4
428.6070 1516.6100 45
416.7840 1516.6100 86
404.9600 1516.6100 27
393.1360 1516.6100 68
381.3130 1516.6100 9
369.4890 1516.6100 50
357.6650 1516.6100 91
345.8420 1516.6100 32
375.4010 1487.0800 73
387.2240 1487.0800 14
399.0480 1487.0800 55
410.8720 1487.0800 96
422.6960 1487.0800 37
434.5190 1487.0800 78
446.3430 1487.0800 19
458.1660 1487.0800 60
469.9900 1487.0800 1
481.8140 1487.0800 42
493.6370 1487.0800 83
505.4610 1487.0800 24
517.2850 1487.0800 65
529.1080 1487.0800 6
540.9320 1487.0800 47
552.7560 1487.0800 88
564.5790 1487.0800 29
576.4030 1487.0800 70
588.2270 1487.0800 11
600.0500 1487.0800 52
611.8740 1487.0800 93
623.6980 1487.0800 34
635.5210 1487.0800 75
647.3450 1487.0800 16
659.1690 1487.0800 57
670.9920 1487.0800 98
682.8160 1487.0800 39
694.6400 1487.0800 80
706.4630 1487.0800 21
718.2870 1487.0800 62
730.1110 1487.0800 3
741.9340 1487.0800 44
753.7580 1487.0800 85
765.5810 1487.0800 26
777.4050 1487.0800 67
789.2290 1487.0800 8
801.0530 1487.0800 49
812.8760 1487.0800 90
824.7000 1487.0800 31
836.5240 1487.0800 72
848.3470 1487.0800 13
860.1710 1487.0800 54
871.9940 1487.0800 95
883.8180 1487.0800 36
895.6420 1487.0800 77
907.4660 1487.0800 18
919.2890 1487.0800 59
931.1130 1487.0800 100
942.9370 1487.0800 41
954.7600 1487.0800 82
966.5840 1487.0800 23
978.4070 1487.0800 64
990.2310 1487.0800 5
1002.0500 1487.0800 46
1013.8800 1487.0800 87
1025.7000 1487.0800 28
1037.5300 1487.0800 69
1049.3500 1487.0800 10
1061.1700 1487.0800 51
1073.0000 1487.0800 92
1084.8200 1487.0800 33
1096.6400 1487.0800 74
1108.4700 1487.0800 15
1120.2900 1487.0800 56
1132.1100 1487.0800 97
1143.9400 1487.0800 38
1155.7600 1487.0800 79
1167.5900 1487.0800 20
1179.4100 1487.0800 61
1191.2300 1487.0800 2
1203.0600 1487.0800 43
1214.8800 1487.0800 84
2066.1800 1475.2800 25
2054.3600 1475.2800 66
2042.5400 1475.2800 7
2030.7100 1475.2800 48
2018.8900 1475.2800 89
2007.0700 1475.2800 30
1995.2400 1475.2800 71
1983.4200 1475.2800 12
1971.5900 1475.2800 53
1959.7700 1475.2800 94
1947.9500 1475.2800 35
1936.1200 1475.2800 76
1924.3000 1475.2800 17
1912.4800 1475.2800 58
1900.6500 1475.2800 99
1888.8300 1475.2800 40
1877.0100 1475.2800 81
1865.1800 1475.2800 22
1853.3600 1475.2800 63
1841.5400 1475.2800 4
1829.7100 1475.2800 45
1817.8900 1475.2800 86
1806.0600 1475.2800 27
1794.2400 1475.2800 68
1782.4200 1475.2800 9
1770.5900 1475.2800 50
1758.7700 1475.2800 91
1746.9500 1475.2800 32
1735.1200 1475.2800 73
1723.3000 1475.2800 14
1711.4700 1475.2800 55
1699.6500 1475.2800 96
1687.8300 1475.2800 37
1676.0000 1475.2800 78
1664.1800 1475.2800 19
1652.3600 1475.2800 60
1640.5300 1475.2800 1
1628.7100 1475.2800 42
1616.8900 1475.2800 83
1605.0600 1475.2800 24
1593.2400 1475.2800 65
1581.4100 1475.2800 6
1569.5900 1475.2800 47
1557.7700 1475.2800 88
1545.9400 1475.2800 29
1534.1200 1475.2800 70
1522.3000 1475.2800 11
1510.4700 1475.2800 52
1498.6500 1475.2800 93
1486.8200 1475.2800 34
1475.0000 1475.2800 75
1463.1800 1475.2800 16
1451.3500 1475.2800 57
1439.5300 1475.2800 98
1427.7100 1475.2800 39
1415.8800 1475.2800 80
1404.0600 1475.2800 21
1392.2400 1475.2800 62
1380.4100 1475.2800 3
1368.5900 1475.2800 44
1356.7700 1475.2800 85
1344.9400 1475.2800 26
1333.1200 1475.2800 67
1321.2900 1475.2800 8
1309.4700 1475.2800 49
1297.6500 1475.2800 90
1285.8200 1475.2800 31
1274.0000 1475.2800 72
1262.1800 1475.2800 13
1250.3500 1475.2800 54
1238.5300 1475.2800 95
1226.7000 1475.2800 36
1214.8800 1475.2800 77
1256.2600 1445.7500 18
1268.0900 1445.7500 59
1279.9100 1445.7500 100
1291.7300 1445.7500 41
1303.5600 1445.7500 82
1315.3800 1445.7500 23
1327.2000 1445.7500 64
1339.0300 1445.7500 5
1350.8500 1445.7500 46
1362.6800 1445.7500 87
1374.5000 1445.7500 28
1386.3200 1445.7500 69
1398.1500 1445.7500 10
1409.9700 1445.7500 51
1421.8000 1445.7500 92
1433.6200 1445.7500 33
1445.4400 1445.7500 74
1457.2700 1445.7500 15
1469.0900 1445.7500 56
1480.9100 1445.7500 97
1492.7400 1445.7500 38
1504.5600 1445.7500 79
1516.3800 1445.7500 20
1528.2100 1445.7500 61
1540.0300 1445.7500 2
1551.8500 1445.7500 43
1563.6800 1445.7500 84
1575.5000 1445.7500 25
1587.3300 1445.7500 66
1599.1500 1445.7500 7
1610.9700 1445.7500 48
1622.8000 1445.7500 89
1634.6200 1445.7500 30
1646.4400 1445.7500 71
1658.2700 1445.7500 12
1670.0900 1445.7500 53
1681.9200 1445.7500 94
1693.7400 1445.7500 35
1705.5600 1445.7500 76
1717.3900 1445.7500 17
1729.2100 1445.7500 58
1741.0300 1445.7500 99
1752.8600 1445.7500 40
1764.6800 1445.7500 81
1776.5100 1445.7500 22
1782.4200 1416.2200 63
1770.5900 1416.2200 4
1758.7700 1416.2200 45
1746.9500 1416.2200 86
1735.1200 1416.2200 27
1723.3000 1416.2200 68
1711.4700 1416.2200 9
1699.6500 1416.2200 50
1687.8300 1416.2200 91
1676.0000 1416.2200 32
1664.1800 1416.2200 73
1652.3600 1416.2200 14
1368.5900 1416.2200 55
1356.7700 1416.2200 96
1344.9400 1416.2200 37
1333.1200 1416.2200 78
1321.2900 1416.2200 19
1309.4700 1416.2200 60
1297.6500 1416.2200 1
1374.5000 1410.3200 42
1386.3200 1410.3200 83
1398.1500 1410.3200 24
1409.9700 1410.3200 65
1421.8000 1410.3200 6
1433.6200 1410.3200 47
1445.4400 1410.3200 88
1457.2700 1410.3200 29
1469.0900 1410.3200 70
1480.9100 1410.3200 11
1492.7400 1410.3200 52
1504.5600 1410.3200 93
1516.3800 1410.3200 34
1528.2100 1410.3200 75
1540.0300 1410.3200 16
1551.8500 1410.3200 57
1563.6800 1410.3200 98
1575.5000 1410.3200 39
1587.3300 1410.3200 80
1599.1500 1410.3200 21
1610.9700 1410.3200 62
1622.8000 1410.3200 3
1634.6200 1410.3200 44
1646.4400 1410.3200 85
1658.2700 1410.3200 26
1670.0900 1410.3200 67
1681.9200 1410.3200 8
1693.7400 1410.3200 49
1705.5600 1410.3200 90
1717.3900 1410.3200 31
1729.2100 1410.3200 72
1741.0300 1410.3200 13
1752.8600 1410.3200 54
1764.6800 1410.3200 95
1776.5100 1410.3200 36
1788.3300 1410.3200 77
1800.1500 1410.3200 18
1811.9800 1410.3200 59
1823.8000 1410.3200 100
1835.6200 1410.3200 41
1847.4500 1410.3200 82
1788.3300 1398.5100 23
1776.5100 1398.5100 64
1764.6800 1398.5100 5
1752.8600 1398.5100 46
1741.0300 1398.5100 87
1729.2100 1398.5100 28
1717.3900 1398.5100 69
1705.5600 1398.5100 10
1693.7400 1398.5100 51
1681.9200 1398.5100 92
1670.0900 1398.5100 33
1658.2700 1398.5100 74
1646.4400 1398.5100 15
1782.4200 1392.6000 56
1794.2400 1392.6000 97
1806.0600 1392.6000 38
1817.8900 1392.6000 79
1817.8900 1274.5000 20
1806.0600 1274.5000 61
1794.2400 1274.5000 2
1782.4200 1274.5000 43
1770.5900 1274.5000 84
1758.7700 1274.5000 25
1746.9500 1274.5000 66
1735.1200 1274.5000 7
1723.3000 1274.5000 48
1711.4700 1274.5000 89
1699.6500 1274.5000 30
1687.8300 1274.5000 71
1676.0000 1274.5000 12
1664.1800 1274.5000 53
1652.3600 1274.5000 94
1640.5300 1274.5000 35
1628.7100 1274.5000 76
1616.8900 1274.5000 17
1605.0600 1274.5000 58
1593.2400 1274.5000 99
1581.4100 1274.5000 40
1569.5900 1274.5000 81
1557.7700 1274.5000 22
1545.9400 1274.5000 63
1534.1200 1274.5000 4
1522.3000 1274.5000 45
1510.4700 1274.5000 86
1498.6500 1274.5000 27
1486.8200 1274.5000 68
1475.0000 1274.5000 9
1463.1800 1274.5000 50
1451.3500 1274.5000 91
1439.5300 1274.5000 32
1427.7100 1274.5000 73
1415.8800 1274.5000 14
1404.0600 1274.5000 55
1392.2400 1274.5000 96
1380.4100 1274.5000 37
1368.5900 1274.5000 78
1356.7700 1274.5000 19
1344.9400 1274.5000 60
1333.1200 1274.5000 1
1321.2900 1274.5000 42
1309.4700 1274.5000 83
1297.6500 1274.5000 24
1285.8200 1274.5000 65
1274.0000 1274.5000 6
1262.1800 1274.5000 47
1250.3500 1274.5000 88
1238.5300 1274.5000 29
1120.2900 1250.8800 70
1132.1100 1250.8800 11
1143.9400 1250.8800 52
1155.7600 1250.8800 93
1167.5900 1250.8800 34
1179.4100 1250.8800 75
1191.2300 1250.8800 16
1203.0600 1250.8800 57
1214.8800 1250.8800 98
1226.7000 1250.8800 39
1238.5300 1250.8800 80
1250.3500 1250.8800 21
1262.1800 1250.8800 62
1274.0000 1250.8800 3
1285.8200 1250.8800 44
1297.6500 1250.8800 85
1309.4700 1250.8800 26
1321.2900 1250.8800 67
1333.1200 1250.8800 8
1344.9400 1250.8800 49
1356.7700 1250.8800 90
1368.5900 1250.8800 31
1380.4100 1250.8800 72
1392.2400 1250.8800 13
1404.0600 1250.8800 54
1415.8800 1250.8800 95
1427.7100 1250.8800 36
1439.5300 1250.8800 77
1451.3500 1250.8800 18
1463.1800 1250.8800 59
1475.0000 1250.8800 100
1486.8200 1250.8800 41
1498.6500 1250.8800 82
1510.4700 1250.8800 23
1522.3000 1250.8800 64
1534.1200 1250.8800 5
1545.9400 1250.8800 46
1557.7700 1250.8800 87
1569.5900 1250.8800 28
1581.4100 1250.8800 69
1593.2400 1250.8800 10
1605.0600 1250.8800 51
1616.8900 1250.8800 92
1628.7100 1250.8800 33
1640.5300 1250.8800 74
1652.3600 1250.8800 15
1664.1800 1250.8800 56
1676.0000 1250.8800 97
1687.8300 1250.8800 38
1699.6500 1250.8800 79
1711.4700 1250.8800 20
1723.3000 1250.8800 61
1735.1200 1250.8800 2
1800.1500 1244.9800 43
1788.3300 1244.9800 84
1776.5100 1244.9800 25
1764.6800 1244.9800 66
1752.8600 1244.9800 7
1741.0300 1244.9800 48
1729.2100 1244.9800 89
1717.3900 1244.9800 30
1705.5600 1244.9800 71
1693.7400 1244.9800 12
1681.9200 1244.9800 53
1670.0900 1244.9800 94
1658.2700 1244.9800 35
1646.4400 1244.9800 76
1634.6200 1244.9800 17
1622.8000 1244.9800 58
1610.9700 1244.9800 99
1599.1500 1244.9800 40
1587.3300 1244.9800 81
1575.5000 1244.9800 22
1563.6800 1244.9800 63
1551.8500 1244.9800 4
1540.0300 1244.9800 45
1528.2100 1244.9800 86
1516.3800 1244.9800 27
1504.5600 1244.9800 68
1492.7400 1244.9800 9
1480.9100 1244.9800 50
1469.0900 1244.9800 91
1457.2700 1244.9800 32
1445.4400 1244.9800 73
1433.6200 1244.9800 14
1421.8000 1244.9800 55
1409.9700 1244.9800 96
1398.1500 1244.9800 37
1386.3200 1244.9800 78
1374.5000 1244.9800 19
1362.6800 1244.9800 60
1350.8500 1244.9800 1
1339.0300 1244.9800 42
1327.2000 1244.9800 83
1315.3800 1244.9800 24
1303.5600 1244.9800 65
1291.7300 1244.9800 6
1279.9100 1244.9800 47
1268.0900 1244.9800 88
1256.2600 1244.9800 29
1244.4400 1244.9800 70
1238.5300 1227.2600 11
1250.3500 1227.2600 52
1262.1800 1227.2600 93
1274.0000 1227.2600 34
1285.8200 1227.2600 75
1297.6500 1227.2600 16
1309.4700 1227.2600 57
1321.2900 1227.2600 98
1333.1200 1227.2600 39
1344.9400 1227.2600 80
1356.7700 1227.2600 21
1368.5900 1227.2600 62
1380.4100 1227.2600 3
1392.2400 1227.2600 44
1404.0600 1227.2600 85
1415.8800 1227.2600 26
1427.7100 1227.2600 67
1439.5300 1227.2600 8
1451.3500 1227.2600 49
1463.1800 1227.2600 90
1475.0000 1227.2600 31
1486.8200 1227.2600 72
1498.6500 1227.2600 13
1510.4700 1227.2600 54
1522.3000 1227.2600 95
1534.1200 1227.2600 36
1545.9400 1227.2600 77
1557.7700 1227.2600 18
1569.5900 1227.2600 59
1581.4100 1227.2600 100
1593.2400 1227.2600 41
1605.0600 1227.2600 82
1616.8900 1227.2600 23
1628.7100 1227.2600 64
1640.5300 1227.2600 5
1652.3600 1227.2600 46
1664.1800 1227.2600 87
1676.0000 1227.2600 28
1687.8300 1227.2600 69
1699.6500 1227.2600 10
1711.4700 1227.2600 51
1723.3000 1227.2600 92
1735.1200 1227.2600 33
1746.9500 1227.2600 74
1758.7700 1227.2600 15
1770.5900 1227.2600 56
1782.4200 1227.2600 97
1859.2700 1221.3600 38
1847.4500 1221.3600 79
1835.6200 1221.3600 20
1823.8000 1221.3600 61
1811.9800 1221.3600 2
1800.1500 1221.3600 43
1788.3300 1221.3600 84
1776.5100 1221.3600 25
1764.6800 1221.3600 66
1752.8600 1221.3600 7
1741.0300 1221.3600 48
1729.2100 1221.3600 89
1717.3900 1221.3600 30
1705.5600 1221.3600 71
1693.7400 1221.3600 12
1681.9200 1221.3600 53
1670.0900 1221.3600 94
1658.2700 1221.3600 35
1646.4400 1221.3600 76
1634.6200 1221.3600 17
1622.8000 1221.3600 58
1610.9700 1221.3600 99
1599.1500 1221.3600 40
1587.3300 1221.3600 81
1575.5000 1221.3600 22
1563.6800 1221.3600 63
1551.8500 1221.3600 4
1540.0300 1221.3600 45
1528.2100 1221.3600 86
1516.3800 1221.3600 27
1504.5600 1221.3600 68
1492.7400 1221.3600 9
1480.9100 1221.3600 50
1469.0900 1221.3600 91
1457.2700 1221.3600 32
1445.4400 1221.3600 73
1433.6200 1221.3600 14
1421.8000 1221.3600 55
1409.9700 1221.3600 96
1398.1500 1221.3600 37
1386.3200 1221.3600 78
1132.1100 1156.4000 19
1143.9400 1156.4000 60
1155.7600 1156.4000 1
1167.5900 1156.4000 42
1179.4100 1156.4000 83
1191.2300 1156.4000 24
1203.0600 1156.4000 65
1214.8800 1156.4000 6
1226.7000 1156.4000 47
1238.5300 1156.4000 88
1250.3500 1156.4000 29
1262.1800 1156.4000 70
1274.0000 1156.4000 11
1285.8200 1156.4000 52
1297.6500 1156.4000 93
1309.4700 1156.4000 34
1321.2900 1156.4000 75
1333.1200 1156.4000 16
1344.9400 1156.4000 57
1356.7700 1156.4000 98
1368.5900 1156.4000 39
1380.4100 1156.4000 80
1392.2400 1156.4000 21
1404.0600 1156.4000 62
1415.8800 1156.4000 3
1427.7100 1156.4000 44
1439.5300 1156.4000 85
1451.3500 1156.4000 26
1463.1800 1156.4000 67
1475.0000 1156.4000 8
1486.8200 1156.4000 49
1498.6500 1156.4000 90
1510.4700 1156.4000 31
1522.3000 1156.4000 72
1534.1200 1156.4000 13
1545.9400 1156.4000 54
1557.7700 1156.4000 95
1569.5900 1156.4000 36
1581.4100 1156.4000 77
1593.2400 1156.4000 18
1605.0600 1156.4000 59
1616.8900 1156.4000 100
1628.7100 1156.4000 41
1640.5300 1156.4000 82
1652.3600 1156.4000 23
1664.1800 1156.4000 64
1676.0000 1156.4000 5
1687.8300 1156.4000 46
1699.6500 1156.4000 87
1711.4700 1156.4000 28
1723.3000 1156.4000 69
1735.1200 1156.4000 10
1746.9500 1156.4000 51
1232.6200 1150.5000 92
1220.7900 1150.5000 33
1208.9700 1150.5000 74
1197.1500 1150.5000 15
1185.3200 1150.5000 56
1173.5000 1150.5000 97
1161.6700 1150.5000 38
1149.8500 1150.5000 79
1138.0300 1150.5000 20
1126.2000 1150.5000 61
1114.3800 1150.5000 2
1102.5600 1150.5000 43
1090.7300 1150.5000 84
1078.9100 1150.5000 25
1067.0800 1150.5000 66
1055.2600 1150.5000 7
1043.4400 1150.5000 48
1031.6100 1150.5000 89
1019.7900 1150.5000 30
1007.9700 1150.5000 71
996.1430 1150.5000 12
984.3190 1150.5000 53
972.4960 1150.5000 94
960.6720 1150.5000 35
948.8480 1150.5000 76
937.0250 1150.5000 17
925.2010 1150.5000 58
913.3770 1150.5000 99
901.5540 1150.5000 40
889.7300 1150.5000 81
877.9060 1150.5000 22
866.0830 1150.5000 63
854.2590 1150.5000 4
842.4350 1150.5000 45
830.6120 1150.5000 86
818.7880 1150.5000 27
806.9640 1150.5000 68
795.1410 1150.5000 9
783.3170 1150.5000 50
771.4940 1150.5000 91
759.6700 1150.5000 32
747.8460 1150.5000 73
736.0220 1150.5000 14
724.1990 1150.5000 55
712.3750 1150.5000 96
700.5510 1150.5000 37
688.7280 1150.5000 78
676.9040 1150.5000 19
665.0810 1150.5000 60
653.2570 1150.5000 1
641.4330 1150.5000 42
629.6090 1150.5000 83
617.7860 1150.5000 24
605.9620 1150.5000 65
594.1380 1150.5000 6
582.3150 1150.5000 47
570.4910 1150.5000 88
558.6680 1150.5000 29
546.8440 1150.5000 70
535.0200 1150.5000 11
523.1960 1150.5000 52
511.3730 1150.5000 93
499.5490 1150.5000 34
487.7250 1150.5000 75
475.9020 1150.5000 16
464.0780 1150.5000 57
452.2550 1150.5000 98
440.4310 1150.5000 39
428.6070 1150.5000 80
416.7840 1150.5000 21
404.9600 1150.5000 62
393.1360 1150.5000 3
381.3130 1150.5000 44
369.4890 1150.5000 85
357.6650 1150.5000 26
345.8420 1150.5000 67
334.0180 1150.5000 8
1120.2900 1144.5900 49
1132.1100 1144.5900 90
1143.9400 1144.5900 31
1155.7600 1144.5900 72
1167.5900 1144.5900 13
1179.4100 1144.5900 54
1191.2300 1144.5900 95
1203.0600 1144.5900 36
1214.8800 1144.5900 77
1226.7000 1144.5900 18
1238.5300 1144.5900 59
1250.3500 1144.5900 100
1262.1800 1144.5900 41
1274.0000 1144.5900 82
1285.8200 1144.5900 23
1297.6500 1144.5900 64
1309.4700 1144.5900 5
1321.2900 1144.5900 46
1333.1200 1144.5900 87
1344.9400 1144.5900 28
1356.7700 1144.5900 69
1368.5900 1144.5900 10
1380.4100 1144.5900 51
1392.2400 1144.5900 92
1404.0600 1144.5900 33
1415.8800 1144.5900 74
1427.7100 1144.5900 15
1439.5300 1144.5900 56
1451.3500 1144.5900 97
1463.1800 1144.5900 38
1475.0000 1144.5900 79
1486.8200 1144.5900 20
1498.6500 1144.5900 61
1510.4700 1144.5900 2
1522.3000 1144.5900 43
1534.1200 1144.5900 84
1545.9400 1144.5900 25
1557.7700 1144.5900 66
1569.5900 1144.5900 7
1581.4100 1144.5900 48
1593.2400 1144.5900 89
1605.0600 1144.5900 30
1616.8900 1144.5900 71
1628.7100 1144.5900 12
1640.5300 1144.5900 53
1652.3600 1144.5900 94
1664.1800 1144.5900 35
1676.0000 1144.5900 76
1687.8300 1144.5900 17
1699.6500 1144.5900 58
1711.4700 1144.5900 99
1723.3000 1144.5900 40
1735.1200 1144.5900 81
1226.7000 1002.8700 22
1214.8800 1002.8700 63
1203.0600 1002.8700 4
1191.2300 1002.8700 45
1179.4100 1002.8700 86
1220.7900 996.9670 27
1232.6200 996.9670 68
1244.4400 996.9670 9
1415.8800 802.1010 50
1404.0600 802.1010 91
1392.2400 802.1010 32
1380.4100 802.1010 73
1368.5900 802.1010 14
1356.7700 802.1010 55
1344.9400 802.1010 96
1309.4700 802.1010 37
1297.6500 802.1010 78
1285.8200 802.1010 19
1274.0000 802.1010 60
1262.1800 802.1010 1
1250.3500 802.1010 42
1214.8800 802.1010 83
1203.0600 802.1010 24
1191.2300 802.1010 65
1179.4100 802.1010 6
1167.5900 802.1010 47
1132.1100 802.1010 88
1120.2900 802.1010 29
1108.4700 802.1010 70
1096.6400 802.1010 11
1084.8200 802.1010 52
1073.0000 802.1010 93
1090.7300 796.1960 34
1102.5600 796.1960 75
1114.3800 796.1960 16
1126.2000 796.1960 57
1138.0300 796.1960 98
1149.8500 796.1960 39
1161.6700 796.1960 80
1173.5000 796.1960 21
1185.3200 796.1960 62
1197.1500 796.1960 3
1220.7900 796.1960 44
1232.6200 796.1960 85
1244.4400 796.1960 26
1256.2600 796.1960 67
1268.0900 796.1960 8
1279.9100 796.1960 49
1339.0300 796.1960 90
1350.8500 796.1960 31
1362.6800 796.1960 72
1374.5000 796.1960 13
1380.4100 790.2900 54
1368.5900 790.2900 95
1356.7700 790.2900 36
1344.9400 790.2900 77
1333.1200 790.2900 18
1262.1800 790.2900 59
1250.3500 790.2900 100
1238.5300 790.2900 41
1226.7000 790.2900 82
1167.5900 790.2900 23
1155.7600 790.2900 64
1143.9400 790.2900 5
1132.1100 790.2900 46
1208.9700 784.3860 87
1220.7900 784.3860 28
1232.6200 784.3860 69
1244.4400 784.3860 10
1291.7300 784.3860 51
1303.5600 784.3860 92
1315.3800 784.3860 33
1327.2000 784.3860 74
1339.0300 784.3860 15
1350.8500 784.3860 56
1380.4100 778.4810 97
1368.5900 778.4810 38
1356.7700 778.4810 79
1262.1800 778.4810 20
1250.3500 778.4810 61
1238.5300 778.4810 2
1226.7000 778.4810 43
1179.4100 778.4810 84
1167.5900 778.4810 25
1155.7600 778.4810 66
1143.9400 778.4810 7
1132.1100 778.4810 48
1120.2900 778.4810 89
1108.4700 778.4810 30
1096.6400 778.4810 71
1084.8200 778.4810 12
1073.0000 778.4810 53
1061.1700 778.4810 94
1049.3500 778.4810 35
1037.5300 778.4810 76
1025.7000 778.4810 17
1013.8800 778.4810 58
1002.0500 778.4810 99
990.2310 778.4810 40
978.4070 778.4810 81
966.5840 778.4810 22
954.7600 778.4810 63
942.9370 778.4810 4
931.1130 778.4810 45
919.2890 778.4810 86
907.4660 778.4810 27
895.6420 778.4810 68
883.8180 778.4810 9
871.9940 778.4810 50
860.1710 778.4810 91
848.3470 778.4810 32
836.5240 778.4810 73
824.7000 778.4810 14
812.8760 778.4810 55
801.0530 778.4810 96
789.2290 778.4810 37
777.4050 778.4810 78
765.5810 778.4810 19
753.7580 778.4810 60
741.9340 778.4810 1
1173.5000 772.5760 42
1279.9100 772.5760 83
1291.7300 772.5760 24
1303.5600 772.5760 65
1315.3800 772.5760 6
1339.0300 772.5760 47
1350.8500 772.5760 88
1362.6800 772.5760 29
1374.5000 772.5760 70
1386.3200 772.5760 11
1398.1500 772.5760 52
1409.9700 772.5760 93
1321.2900 766.6700 34
1226.7000 766.6700 75
1214.8800 766.6700 16
1203.0600 766.6700 57
1090.7300 760.7650 98
1102.5600 760.7650 39
1114.3800 760.7650 80
1126.2000 760.7650 21
1138.0300 760.7650 62
1208.9700 760.7650 3
1220.7900 760.7650 44
1232.6200 760.7650 85
1256.2600 760.7650 26
1268.0900 760.7650 67
1279.9100 760.7650 8
1291.7300 760.7650 49
1350.8500 760.7650 90
1333.1200 754.8610 31
1321.2900 754.8610 72
1309.4700 754.8610 13
1214.8800 754.8610 54
1203.0600 754.8610 95
1191.2300 754.8610 36
1143.9400 754.8610 77
1138.0300 748.9550 18
1149.8500 748.9550 59
1232.6200 748.9550 100
1244.4400 748.9550 41
1368.5900 743.0500 82
1356.7700 743.0500 23
1274.0000 743.0500 64
1167.5900 731.2400 5
1155.7600 731.2400 46
1143.9400 731.2400 87
1132.1100 731.2400 28
1120.2900 731.2400 69
1108.4700 731.2400 10
1386.3200 725.3350 51
1398.1500 725.3350 92
1392.2400 719.4300 33
1380.4100 719.4300 74
1368.5900 719.4300 15
795.1410 548.1840 56
806.9640 548.1840 97
818.7880 548.1840 38
830.6120 548.1840 79
842.4350 548.1840 20
854.2590 548.1840 61
866.0830 548.1840 2
877.9060 548.1840 43
889.7300 548.1840 84
901.5540 548.1840 25
913.3770 548.1840 66
925.2010 548.1840 7
937.0250 548.1840 48
948.8480 548.1840 89
960.6720 548.1840 30
972.4960 548.1840 71
984.3190 548.1840 12
996.1430 548.1840 53
1007.9700 548.1840 94
1019.7900 548.1840 35
1031.6100 548.1840 76
1043.4400 548.1840 17
1055.2600 548.1840 58
1067.0800 548.1840 99
1078.9100 548.1840 40
1090.7300 548.1840 81
1102.5600 548.1840 22
1114.3800 548.1840 63
1126.2000 548.1840 4
1138.0300 548.1840 45
1149.8500 548.1840 86
1161.6700 548.1840 27
1173.5000 548.1840 68
1185.3200 548.1840 9
1197.1500 548.1840 50
1208.9700 548.1840 91
1220.7900 548.1840 32
1368.5900 601.3290 73
1380.4100 601.3290 14
1392.2400 601.3290 55
1404.0600 601.3290 96
1415.8800 601.3290 37
1427.7100 601.3290 78
1439.5300 601.3290 19
1451.3500 601.3290 60
1463.1800 601.3290 1
1475.0000 601.3290 42
1486.8200 601.3290 83
1498.6500 601.3290 24
1510.4700 601.3290 65
1522.3000 601.3290 6
1534.1200 601.3290 47
1545.9400 601.3290 88
1557.7700 601.3290 29
1569.5900 601.3290 70
1581.4100 601.3290 11
1593.2400 601.3290 52
1605.0600 601.3290 93
1616.8900 601.3290 34
1628.7100 601.3290 75
1640.5300 601.3290 16
1652.3600 601.3290 57
1664.1800 601.3290 98
1676.0000 601.3290 39
1687.8300 601.3290 80
1699.6500 601.3290 21
1711.4700 601.3290 62
1723.3000 601.3290 3
1735.1200 601.3290 44
1746.9500 601.3290 85
1758.7700 601.3290 26
1770.5900 601.3290 67
1782.4200 601.3290 8
1794.2400 601.3290 49
1806.0600 601.3290 90
1817.8900 601.3290 31
1829.7100 601.3290 72
1841.5400 601.3290 13
1853.3600 601.3290 54
1865.1800 601.3290 95
1877.0100 601.3290 36
1888.8300 601.3290 77
1900.6500 601.3290 18
1912.4800 601.3290 59
1924.3000 601.3290 100
1936.1200 601.3290 41
1947.9500 601.3290 82
1959.7700 601.3290 23
1971.5900 601.3290 64
1983.4200 601.3290 5
1995.2400 601.3290 46
2007.0700 601.3290 87
2018.8900 601.3290 28
2030.7100 601.3290 69
2042.5400 601.3290 10
2054.3600 601.3290 51
2066.1800 601.3290 92
2078.0100 601.3290 33
2089.8300 601.3290 74
1220.7900 536.3740 15
1208.9700 536.3740 56
1197.1500 536.3740 97
1185.3200 536.3740 38
1888.8300 2048.0600 79
1877.0100 2048.0600 20
1865.1800 2048.0600 61
1853.3600 2048.0600 2
1841.5300 2048.0600 43
1829.7100 2048.0600 84
1817.8900 2048.0600 25
1806.0600 2048.0600 66
1794.2400 2048.0600 7
1782.4200 2048.0600 48
1770.5900 2048.0600 89
1758.7700 2048.0600 30
1723.3000 2048.0600 71
1711.4700 2048.0600 12
1664.1800 2048.0600 53
1640.5300 2048.0600 94
1616.8900 2048.0600 35
1605.0600 2048.0600 76
1569.5900 2048.0600 17
1557.7700 2048.0600 58
1534.1200 2048.0600 99
1522.3000 2048.0600 40
1510.4700 2048.0600 81
1498.6500 2048.0600 22
907.4660 2048.0600 63
895.6420 2048.0600 4
883.8180 2048.0600 45
871.9940 2048.0600 86
860.1710 2048.0600 27
848.3470 2048.0600 68
836.5240 2048.0600 9
824.7000 2048.0600 50
812.8760 2048.0600 91
801.0530 2048.0600 32
789.2290 2048.0600 73
777.4050 2048.0600 14
741.9340 2048.0600 55
730.1110 2048.0600 96
682.8160 2048.0600 37
659.1690 2048.0600 78
635.5210 2048.0600 19
623.6980 2048.0600 60
588.2270 2048.0600 1
576.4030 2048.0600 42
552.7560 2048.0600 83
540.9320 2048.0600 24
529.1080 2048.0600 65
517.2850 2048.0600 6
511.3730 2042.1600 47
523.1960 2042.1600 88
570.4910 2042.1600 29
582.3150 2042.1600 70
594.1380 2042.1600 11
629.6090 2042.1600 52
641.4330 2042.1600 93
700.5510 2042.1600 34
712.3750 2042.1600 75
771.4940 2042.1600 16
783.3170 2042.1600 57
795.1410 2042.1600 98
806.9640 2042.1600 39
818.7880 2042.1600 80
830.6120 2042.1600 21
842.4350 2042.1600 62
854.2590 2042.1600 3
866.0830 2042.1600 44
877.9060 2042.1600 85
889.7300 2042.1600 26
901.5540 2042.1600 67
1492.7400 2042.1600 8
1504.5600 2042.1600 49
1551.8500 2042.1600 90
1563.6800 2042.1600 31
1575.5000 2042.1600 72
1610.9700 2042.1600 13
1622.8000 2042.1600 54
1681.9200 2042.1600 95
1693.7400 2042.1600 36
1752.8600 2042.1600 77
1764.6800 2042.1600 18
1776.5000 2042.1600 59
1788.3300 2042.1600 100
1800.1500 2042.1600 41
1811.9700 2042.1600 82
1823.8000 2042.1600 23
1835.6200 2042.1600 64
1847.4500 2042.1600 5
1859.2700 2042.1600 46
1871.0900 2042.1600 87
1882.9200 2042.1600 28
1888.8300 2036.2500 69
1877.0100 2036.2500 10
1865.1800 2036.2500 51
1853.3600 2036.2500 92
1841.5300 2036.2500 33
1829.7100 2036.2500 74
1817.8900 2036.2500 15
1806.0600 2036.2500 56
1794.2400 2036.2500 97
1782.4200 2036.2500 38
1770.5900 2036.2500 79
1758.7700 2036.2500 20
1711.4700 2036.2500 61
1699.6500 2036.2500 2
1687.8300 2036.2500 43
1652.3600 2036.2500 84
1640.5300 2036.2500 25
1557.7700 2036.2500 66
1545.9400 2036.2500 7
1534.1200 2036.2500 48
1498.6500 2036.2500 89
907.4660 2036.2500 30
895.6420 2036.2500 71
883.8180 2036.2500 12
871.9940 2036.2500 53
860.1710 2036.2500 94
848.3470 2036.2500 35
836.5240 2036.2500 76
824.7000 2036.2500 17
812.8760 2036.2500 58
801.0530 2036.2500 99
789.2290 2036.2500 40
777.4050 2036.2500 81
730.1110 2036.2500 22
718.2870 2036.2500 63
706.4630 2036.2500 4
670.9920 2036.2500 45
659.1690 2036.2500 86
576.4030 2036.2500 27
564.5790 2036.2500 68
552.7560 2036.2500 9
517.2850 2036.2500 50
511.3730 2030.3500 91
523.1960 2030.3500 32
546.8440 2030.3500 73
558.6680 2030.3500 14
582.3150 2030.3500 55
605.9620 2030.3500 96
629.6090 2030.3500 37
653.2570 2030.3500 78
665.0810 2030.3500 19
688.7280 2030.3500 60
700.5510 2030.3500 1
712.3750 2030.3500 42
724.1990 2030.3500 83
736.0220 2030.3500 24
747.8460 2030.3500 65
771.4940 2030.3500 6
783.3170 2030.3500 47
795.1410 2030.3500 88
806.9640 2030.3500 29
818.7880 2030.3500 70
830.6120 2030.3500 11
842.4350 2030.3500 52
854.2590 2030.3500 93
866.0830 2030.3500 34
877.9060 2030.3500 75
889.7300 2030.3500 16
901.5540 2030.3500 57
1492.7400 2030.3500 98
1504.5600 2030.3500 39
1528.2100 2030.3500 80
1540.0300 2030.3500 21
1563.6800 2030.3500 62
1587.3300 2030.3500 3
1610.9700 2030.3500 44
1634.6200 2030.3500 85
1646.4400 2030.3500 26
1670.0900 2030.3500 67
1681.9200 2030.3500 8
1693.7400 2030.3500 49
1705.5600 2030.3500 90
1717.3900 2030.3500 31
1729.2100 2030.3500 72
1752.8600 2030.3500 13
1764.6800 2030.3500 54
1776.5000 2030.3500 95
1788.3300 2030.3500 36
1800.1500 2030.3500 77
1811.9700 2030.3500 18
1823.8000 2030.3500 59
1835.6200 2030.3500 100
1847.4500 2030.3500 41
1859.2700 2030.3500 82
1871.0900 2030.3500 23
1882.9200 2030.3500 64
1888.8300 170.2620 5
1877.0100 170.2620 46
1865.1800 170.2620 87
1853.3600 170.2620 28
1841.5300 170.2620 69
1829.7100 170.2620 10
1817.8900 170.2620 51
1806.0600 170.2620 92
1794.2400 170.2620 33
1782.4200 170.2620 74
1770.5900 170.2620 15
1758.7700 170.2620 56
907.4660 170.2620 97
895.6420 170.2620 38
883.8180 170.2620 79
871.9940 170.2620 20
860.1710 170.2620 61
848.3470 170.2620 2
836.5240 170.2620 43
824.7000 170.2620 84
812.8760 170.2620 25
801.0530 170.2620 66
789.2290 170.2620 7
777.4050 170.2620 48
517.2850 170.2610 89
529.1080 170.2610 30
540.9320 170.2610 71
552.7560 170.2610 12
576.4030 170.2610 53
588.2270 170.2610 94
623.6980 170.2610 35
635.5210 170.2610 76
659.1690 170.2610 17
682.8160 170.2610 58
730.1110 170.2610 99
741.9340 170.2610 40
1498.6500 170.2610 81
1510.4700 170.2610 22
1522.3000 170.2610 63
1534.1200 170.2610 4
1557.7700 170.2610 45
1569.5900 170.2610 86
1605.0600 170.2610 27
1616.8900 170.2610 68
1640.5300 170.2610 9
1664.1800 170.2610 50
1711.4700 170.2610 91
1723.3000 170.2610 32
1882.9200 164.3570 73
1871.0900 164.3570 14
1859.2700 164.3570 55
1847.4500 164.3570 96
1835.6200 164.3570 37
1823.8000 164.3570 78
1811.9700 164.3570 19
1800.1500 164.3570 60
1788.3300 164.3570 1
1776.5000 164.3570 42
1764.6800 164.3570 83
1752.8600 164.3570 24
901.5540 164.3570 65
889.7300 164.3570 6
877.9060 164.3570 47
866.0830 164.3570 88
854.2590 164.3570 29
842.4350 164.3570 70
830.6120 164.3570 11
818.7880 164.3570 52
806.9640 164.3570 93
795.1410 164.3570 34
783.3170 164.3570 75
771.4940 164.3570 16
511.3730 164.3570 57
523.1960 164.3570 98
570.4910 164.3570 39
582.3150 164.3570 80
594.1380 164.3570 21
629.6090 164.3570 62
641.4330 164.3570 3
700.5510 164.3570 44
712.3750 164.3570 85
1492.7400 164.3570 26
1504.5600 164.3570 67
1551.8500 164.3570 8
1563.6800 164.3570 49
1575.5000 164.3570 90
1610.9700 164.3570 31
1622.8000 164.3570 72
1681.9200 164.3570 13
1693.7400 164.3570 54
1888.8300 158.4520 95
1877.0100 158.4520 36
1865.1800 158.4520 77
1853.3600 158.4520 18
1841.5300 158.4520 59
1829.7100 158.4520 100
1817.8900 158.4520 41
1806.0600 158.4520 82
1794.2400 158.4520 23
1782.4200 158.4520 64
1770.5900 158.4520 5
1758.7700 158.4520 46
907.4660 158.4520 87
895.6420 158.4520 28
883.8180 158.4520 69
871.9940 158.4520 10
860.1710 158.4520 51
848.3470 158.4520 92
836.5240 158.4520 33
824.7000 158.4520 74
812.8760 158.4520 15
801.0530 158.4520 56
789.2290 158.4520 97
777.4050 158.4520 38
517.2850 158.4510 79
552.7560 158.4510 20
564.5790 158.4510 61
576.4030 158.4510 2
659.1690 158.4510 43
670.9920 158.4510 84
706.4630 158.4510 25
718.2870 158.4510 66
730.1110 158.4510 7
1498.6500 158.4510 48
1534.1200 158.4510 89
1545.9400 158.4510 30
1557.7700 158.4510 71
1640.5300 158.4510 12
1652.3600 158.4510 53
1687.8300 158.4510 94
1699.6500 158.4510 35
1711.4700 158.4510 76
1882.9200 152.5470 17
1871.0900 152.5470 58
1859.2700 152.5470 99
1847.4500 152.5470 40
1835.6200 152.5470 81
1823.8000 152.5470 22
1811.9700 152.5470 63
1800.1500 152.5470 4
1788.3300 152.5470 45
1776.5000 152.5470 86
1764.6800 152.5470 27
1752.8600 152.5470 68
901.5540 152.5470 9
889.7300 152.5470 50
877.9060 152.5470 91
866.0830 152.5470 32
854.2590 152.5470 73
842.4350 152.5470 14
830.6120 152.5470 55
818.7880 152.5470 96
806.9640 152.5470 37
795.1410 152.5470 78
783.3170 152.5470 19
771.4940 152.5470 60
511.3730 152.5460 1
523.1960 152.5460 42
546.8440 152.5460 83
558.6680 152.5460 24
582.3150 152.5460 65
605.9620 152.5460 6
629.6090 152.5460 47
653.2570 152.5460 88
665.0810 152.5460 29
688.7280 152.5460 70
700.5510 152.5460 11
712.3750 152.5460 52
724.1990 152.5460 93
736.0220 152.5460 34
747.8460 152.5460 75
1492.7400 152.5460 16
1504.5600 152.5460 57
1528.2100 152.5460 98
1540.0300 152.5460 39
1563.6800 152.5460 80
1587.3300 152.5460 21
1610.9700 152.5460 62
1634.6200 152.5460 3
1646.4400 152.5460 44
1670.0900 152.5460 85
1681.9200 152.5460 26
1693.7400 152.5460 67
1705.5600 152.5460 8
1717.3900 152.5460 49
1729.2100 152.5460 90
1214.8800 1959.4900 0