n 3796 
m 2 
tmax 7193
2104.6100 1968.3500 0
1401.1000 1968.3500 15
295.5910 1968.3500 56
1235.5700 1956.5400 97
1347.9000 1962.4400 38
1401.1000 1944.7300 79
1211.9300 1944.7300 20
1211.9300 1932.9200 61
1353.8100 1932.9200 2
1300.6000 1927.0100 43
1176.4500 1921.1100 84
1211.9300 1921.1100 25
1377.4600 1921.1100 66
1330.1600 1909.3000 7
1306.5100 1909.3000 48
1235.5700 1909.3000 89
1152.8100 1909.3000 30
1152.8100 1897.4800 71
1235.5700 1897.4800 12
1306.5100 1897.4800 53
1377.4600 1885.6800 94
1306.5100 1885.6800 35
1129.1600 1885.6800 76
1129.1600 1873.8600 17
1377.4600 1873.8600 58
1667.1400 1749.8600 99
673.9480 1749.8600 40
738.9780 1743.9500 81
1732.1700 1743.9500 22
1850.4000 1720.3300 63
857.2150 1720.3300 4
366.5330 1490.0400 45
774.4500 1519.5600 86
1247.4000 1519.5600 27
1767.6400 1519.5600 68
2069.1400 1478.2300 9
1371.5400 1419.1800 50
1117.3300 1247.9300 91
1235.5700 1247.9300 32
1235.5700 1271.5500 73
1779.4600 1389.6500 14
1791.2800 1413.2700 55
1850.4000 1413.2700 96
1377.4600 1224.3100 37
1235.5700 1224.3100 78
331.0620 1147.5500 19
1755.8100 1153.4500 60
1743.9900 1141.6400 1
1229.6600 1005.8300 42
1217.8400 994.0140 83
1140.9800 799.1480 24
1200.1000 799.1480 65
1223.7500 799.1480 6
1247.4000 799.1480 47
1341.9800 799.1480 88
1377.4600 799.1480 29
1170.5400 793.2430 70
1200.1000 787.3380 11
1223.7500 787.3380 52
1330.1600 787.3380 93
1347.9000 781.4330 34
1182.3700 781.4330 75
1176.4500 775.5280 16
1223.7500 775.5280 57
1330.1600 775.5280 98
1324.2500 769.6230 39
1276.9500 769.6230 80
1194.1900 769.6230 21
1140.9800 763.7180 62
1200.1000 763.7180 3
1294.6900 763.7180 44
1341.9800 763.7180 85
1247.4000 751.9080 26
1223.7500 539.3260 67
1365.6300 598.3770 8
2104.6100 232.2640 49
295.5910 232.2640 90
1208.9700 1959.4900 31
1220.7900 1959.4900 72
1232.6200 1959.4900 13
1244.4400 1959.4900 54
1256.2600 1959.4900 95
1291.7300 1959.4900 36
1303.5600 1959.4900 77
1374.5000 1971.3000 18
1386.3200 1971.3000 59
1398.1500 1971.3000 100
1309.4700 1953.5800 41
1297.6500 1953.5800 82
1179.4100 1941.7700 23
1191.2300 1941.7700 64
1203.0600 1941.7700 5
1344.9400 1941.7700 46
1356.7700 1941.7700 87
1368.5900 1941.7700 28
1380.4100 1941.7700 69
1392.2400 1941.7700 10
1268.0900 1935.8700 51
1256.2600 1935.8700 92
1244.4400 1935.8700 33
1232.6200 1935.8700 74
1220.7900 1935.8700 15
1161.6700 1935.8700 56
1149.8500 1935.8700 97
1138.0300 1935.8700 38
1126.2000 1935.8700 79
1114.3800 1935.8700 20
1132.1100 1929.9600 61
1143.9400 1929.9600 2
1155.7600 1929.9600 43
1167.5900 1929.9600 84
1179.4100 1929.9600 25
1309.4700 1929.9600 66
1321.2900 1929.9600 7
1333.1200 1929.9600 48
1344.9400 1929.9600 89
1362.6800 1924.0600 30
1350.8500 1924.0600 71
1339.0300 1924.0600 12
1327.2000 1924.0600 53
1315.3800 1924.0600 94
1303.5600 1924.0600 35
1220.7900 1924.0600 76
1208.9700 1924.0600 17
1197.1500 1924.0600 58
1185.3200 1924.0600 99
1203.0600 1918.1500 40
1274.0000 1918.1500 81
1285.8200 1918.1500 22
1297.6500 1918.1500 63
1309.4700 1918.1500 4
1380.4100 1918.1500 45
1392.2400 1918.1500 86
1404.0600 1918.1500 27
1415.8800 1918.1500 68
1232.6200 1912.2500 9
1220.7900 1912.2500 50
1208.9700 1912.2500 91
1197.1500 1912.2500 32
1073.0000 1906.3400 73
1084.8200 1906.3400 14
1096.6400 1906.3400 55
1108.4700 1906.3400 96
1120.2900 1906.3400 37
1132.1100 1906.3400 78
1143.9400 1906.3400 19
1262.1800 1906.3400 60
1274.0000 1906.3400 1
1285.8200 1906.3400 42
1297.6500 1906.3400 83
1333.1200 1906.3400 24
1344.9400 1906.3400 65
1356.7700 1906.3400 6
1368.5900 1906.3400 47
1350.8500 1900.4400 88
1339.0300 1900.4400 29
1327.2000 1900.4400 70
1315.3800 1900.4400 11
1285.8200 1894.5300 52
1274.0000 1894.5300 93
1262.1800 1894.5300 34
1250.3500 1894.5300 75
1238.5300 1894.5300 16
1143.9400 1894.5300 57
1132.1100 1894.5300 98
1120.2900 1894.5300 39
1108.4700 1894.5300 80
1096.6400 1894.5300 21
1279.9100 1888.6300 62
1291.7300 1888.6300 3
1303.5600 1888.6300 44
1315.3800 1888.6300 85
1415.8800 1882.7200 26
1404.0600 1882.7200 67
1392.2400 1882.7200 8
1380.4100 1882.7200 49
1297.6500 1882.7200 90
1285.8200 1882.7200 31
1120.2900 1882.7200 72
1108.4700 1882.7200 13
1096.6400 1882.7200 54
1084.8200 1882.7200 95
1327.2000 1876.8200 36
1339.0300 1876.8200 77
1350.8500 1876.8200 18
1362.6800 1876.8200 59
1374.5000 1876.8200 100
1386.3200 1876.8200 41
1368.5900 1870.9100 82
1356.7700 1870.9100 23
1344.9400 1870.9100 64
1333.1200 1870.9100 5
1238.5300 1870.9100 46
1226.7000 1870.9100 87
1214.8800 1870.9100 28
1203.0600 1870.9100 69
1191.2300 1870.9100 10
1179.4100 1870.9100 51
1167.5900 1870.9100 92
1155.7600 1870.9100 33
1143.9400 1870.9100 74
1132.1100 1870.9100 15
1220.7900 1865.0100 56
1232.6200 1865.0100 97
1244.4400 1865.0100 38
1256.2600 1865.0100 79
1268.0900 1865.0100 20
1279.9100 1865.0100 61
1291.7300 1865.0100 2
1303.5600 1865.0100 43
1658.2700 1746.9100 84
665.0810 1746.9100 25
670.9920 1741.0000 66
682.8160 1741.0000 7
694.6400 1741.0000 48
706.4630 1741.0000 89
718.2870 1741.0000 30
730.1110 1741.0000 71
1664.1800 1741.0000 12
1676.0000 1741.0000 53
1687.8300 1741.0000 94
1699.6500 1741.0000 35
1711.4700 1741.0000 76
1723.3000 1741.0000 17
1871.0900 1723.2900 58
1859.2700 1723.2900 99
877.9060 1723.2900 40
866.0830 1723.2900 81
783.3170 1522.5200 22
795.1410 1522.5200 63
806.9640 1522.5200 4
818.7880 1522.5200 45
830.6120 1522.5200 86
1776.5100 1522.5200 27
1788.3300 1522.5200 68
1800.1500 1522.5200 9
1811.9800 1522.5200 50
1823.8000 1522.5200 91
1238.5300 1516.6100 32
1226.7000 1516.6100 73
1214.8800 1516.6100 14
1203.0600 1516.6100 55
1191.2300 1516.6100 96
1179.4100 1516.6100 37
1167.5900 1516.6100 78
1155.7600 1516.6100 19
1143.9400 1516.6100 60
1132.1100 1516.6100 1
1120.2900 1516.6100 42
1108.4700 1516.6100 83
1096.6400 1516.6100 24
1084.8200 1516.6100 65
1073.0000 1516.6100 6
1061.1700 1516.6100 47
1049.3500 1516.6100 88
1037.5300 1516.6100 29
1025.7000 1516.6100 70
1013.8800 1516.6100 11
1002.0500 1516.6100 52
990.2310 1516.6100 93
978.4070 1516.6100 34
966.5840 1516.6100 75
954.7600 1516.6100 16
942.9370 1516.6100 57
931.1130 1516.6100 98
919.2890 1516.6100 39
907.4660 1516.6100 80
895.6420 1516.6100 21
883.8180 1516.6100 62
871.9940 1516.6100 3
860.1710 1516.6100 44
848.3470 1516.6100 85
836.5240 1516.6100 26
824.7000 1516.6100 67
812.8760 1516.6100 8
801.0530 1516.6100 49
789.2290 1516.6100 90
777.4050 1516.6100 31
765.5810 1516.6100 72
753.7580 1516.6100 13
741.9340 1516.6100 54
730.1110 1516.6100 95
718.2870 1516.6100 36
706.4630 1516.6100 77
694.6400 1516.6100 18
682.8160 1516.6100 59
670.9920 1516.6100 100
659.1690 1516.6100 41
647.3450 1516.6100 82
635.5210 1516.6100 23
623.6980 1516.6100 64
611.8740 1516.6100 5
600.0500 1516.6100 46
588.2270 1516.6100 87
576.4030 1516.6100 28
564.5790 1516.6100 69
552.7560 1516.6100 10
540.9320 1516.6100 51
529.1080 1516.6100 92
517.2850 1516.6100 33
505.4610 1516.6100 74
493.6370 1516.6100 15
481.8140 1516.6100 56
469.9900 1516.6100 97
458.1660 1516.6100 38
446.3430 1516.6100 79
434.5190 1516.6100 20
422.6960 1516.6100 61
410.8720 1516.6100 2
399.0480 1516.6100 43
387.2240 1516.6100 84
375.4010 1516.6100 25
363.5770 1516.6100 66
351.7530 1516.6100 7
369.4890 1487.0800 48
381.3130 1487.0800 89
393.1360 1487.0800 30
404.9600 1487.0800 71
416.7840 1487.0800 12
428.6070 1487.0800 53
440.4310 1487.0800 94
452.2550 1487.0800 35
464.0780 1487.0800 76
475.9020 1487.0800 17
487.7250 1487.0800 58
499.5490 1487.0800 99
511.3730 1487.0800 40
523.1960 1487.0800 81
535.0200 1487.0800 22
546.8440 1487.0800 63
558.6680 1487.0800 4
570.4910 1487.0800 45
582.3150 1487.0800 86
594.1380 1487.0800 27
605.9620 1487.0800 68
617.7860 1487.0800 9
629.6090 1487.0800 50
641.4330 1487.0800 91
653.2570 1487.0800 32
665.0810 1487.0800 73
676.9040 1487.0800 14
688.7280 1487.0800 55
700.5510 1487.0800 96
712.3750 1487.0800 37
724.1990 1487.0800 78
736.0220 1487.0800 19
747.8460 1487.0800 60
759.6700 1487.0800 1
771.4940 1487.0800 42
783.3170 1487.0800 83
795.1410 1487.0800 24
806.9640 1487.0800 65
818.7880 1487.0800 6
830.6120 1487.0800 47
842.4350 1487.0800 88
854.2590 1487.0800 29
866.0830 1487.0800 70
877.9060 1487.0800 11
889.7300 1487.0800 52
901.5540 1487.0800 93
913.3770 1487.0800 34
925.2010 1487.0800 75
937.0250 1487.0800 16
948.8480 1487.0800 57
960.6720 1487.0800 98
972.4960 1487.0800 39
984.3190 1487.0800 80
996.1430 1487.0800 21
1007.9700 1487.0800 62
1019.7900 1487.0800 3
1031.6100 1487.0800 44
1043.4400 1487.0800 85
1055.2600 1487.0800 26
1067.0800 1487.0800 67
1078.9100 1487.0800 8
1090.7300 1487.0800 49
1102.5600 1487.0800 90
1114.3800 1487.0800 31
1126.2000 1487.0800 72
1138.0300 1487.0800 13
1149.8500 1487.0800 54
1161.6700 1487.0800 95
1173.5000 1487.0800 36
1185.3200 1487.0800 77
1197.1500 1487.0800 18
1208.9700 1487.0800 59
2060.2700 1475.2800 100
2048.4500 1475.2800 41
2036.6200 1475.2800 82
2024.8000 1475.2800 23
2012.9800 1475.2800 64
2001.1500 1475.2800 5
1989.3300 1475.2800 46
1977.5100 1475.2800 87
1965.6800 1475.2800 28
1953.8600 1475.2800 69
1942.0400 1475.2800 10
1930.2100 1475.2800 51
1918.3900 1475.2800 92
1906.5600 1475.2800 33
1894.7400 1475.2800 74
1882.9200 1475.2800 15
1871.0900 1475.2800 56
1859.2700 1475.2800 97
1847.4500 1475.2800 38
1835.6200 1475.2800 79
1823.8000 1475.2800 20
1811.9800 1475.2800 61
1800.1500 1475.2800 2
1788.3300 1475.2800 43
1776.5100 1475.2800 84
1764.6800 1475.2800 25
1752.8600 1475.2800 66
1741.0300 1475.2800 7
1729.2100 1475.2800 48
1717.3900 1475.2800 89
1705.5600 1475.2800 30
1693.7400 1475.2800 71
1681.9200 1475.2800 12
1670.0900 1475.2800 53
1658.2700 1475.2800 94
1646.4400 1475.2800 35
1634.6200 1475.2800 76
1622.8000 1475.2800 17
1610.9700 1475.2800 58
1599.1500 1475.2800 99
1587.3300 1475.2800 40
1575.5000 1475.2800 81
1563.6800 1475.2800 22
1551.8500 1475.2800 63
1540.0300 1475.2800 4
1528.2100 1475.2800 45
1516.3800 1475.2800 86
1504.5600 1475.2800 27
1492.7400 1475.2800 68
1480.9100 1475.2800 9
1469.0900 1475.2800 50
1457.2700 1475.2800 91
1445.4400 1475.2800 32
1433.6200 1475.2800 73
1421.8000 1475.2800 14
1409.9700 1475.2800 55
1398.1500 1475.2800 96
1386.3200 1475.2800 37
1374.5000 1475.2800 78
1362.6800 1475.2800 19
1350.8500 1475.2800 60
1339.0300 1475.2800 1
1327.2000 1475.2800 42
1315.3800 1475.2800 83
1303.5600 1475.2800 24
1291.7300 1475.2800 65
1279.9100 1475.2800 6
1268.0900 1475.2800 47
1256.2600 1475.2800 88
1244.4400 1475.2800 29
1232.6200 1475.2800 70
1220.7900 1475.2800 11
1250.3500 1445.7500 52
1262.1800 1445.7500 93
1274.0000 1445.7500 34
1285.8200 1445.7500 75
1297.6500 1445.7500 16
1309.4700 1445.7500 57
1321.2900 1445.7500 98
1333.1200 1445.7500 39
1344.9400 1445.7500 80
1356.7700 1445.7500 21
1368.5900 1445.7500 62
1380.4100 1445.7500 3
1392.2400 1445.7500 44
1404.0600 1445.7500 85
1415.8800 1445.7500 26
1427.7100 1445.7500 67
1439.5300 1445.7500 8
1451.3500 1445.7500 49
1463.1800 1445.7500 90
1475.0000 1445.7500 31
1486.8200 1445.7500 72
1498.6500 1445.7500 13
1510.4700 1445.7500 54
1522.3000 1445.7500 95
1534.1200 1445.7500 36
1545.9400 1445.7500 77
1557.7700 1445.7500 18
1569.5900 1445.7500 59
1581.4100 1445.7500 100
1593.2400 1445.7500 41
1605.0600 1445.7500 82
1616.8900 1445.7500 23
1628.7100 1445.7500 64
1640.5300 1445.7500 5
1652.3600 1445.7500 46
1664.1800 1445.7500 87
1676.0000 1445.7500 28
1687.8300 1445.7500 69
1699.6500 1445.7500 10
1711.4700 1445.7500 51
1723.3000 1445.7500 92
1735.1200 1445.7500 33
1746.9500 1445.7500 74
1758.7700 1445.7500 15
1770.5900 1445.7500 56
1782.4200 1445.7500 97
1788.3300 1416.2200 38
1776.5100 1416.2200 79
1764.6800 1416.2200 20
1752.8600 1416.2200 61
1741.0300 1416.2200 2
1729.2100 1416.2200 43
1717.3900 1416.2200 84
1705.5600 1416.2200 25
1693.7400 1416.2200 66
1681.9200 1416.2200 7
1670.0900 1416.2200 48
1658.2700 1416.2200 89
1646.4400 1416.2200 30
1362.6800 1416.2200 71
1350.8500 1416.2200 12
1339.0300 1416.2200 53
1327.2000 1416.2200 94
1315.3800 1416.2200 35
1303.5600 1416.2200 76
1291.7300 1416.2200 17
1368.5900 1410.3200 58
1380.4100 1410.3200 99
1392.2400 1410.3200 40
1404.0600 1410.3200 81
1415.8800 1410.3200 22
1427.7100 1410.3200 63
1439.5300 1410.3200 4
1451.3500 1410.3200 45
1463.1800 1410.3200 86
1475.0000 1410.3200 27
1486.8200 1410.3200 68
1498.6500 1410.3200 9
1510.4700 1410.3200 50
1522.3000 1410.3200 91
1534.1200 1410.3200 32
1545.9400 1410.3200 73
1557.7700 1410.3200 14
1569.5900 1410.3200 55
1581.4100 1410.3200 96
1593.2400 1410.3200 37
1605.0600 1410.3200 78
1616.8900 1410.3200 19
1628.7100 1410.3200 60
1640.5300 1410.3200 1
1652.3600 1410.3200 42
1664.1800 1410.3200 83
1676.0000 1410.3200 24
1687.8300 1410.3200 65
1699.6500 1410.3200 6
1711.4700 1410.3200 47
1723.3000 1410.3200 88
1735.1200 1410.3200 29
1746.9500 1410.3200 70
1758.7700 1410.3200 11
1770.5900 1410.3200 52
1782.4200 1410.3200 93
1794.2400 1410.3200 34
1806.0600 1410.3200 75
1817.8900 1410.3200 16
1829.7100 1410.3200 57
1841.5400 1410.3200 98
1794.2400 1398.5100 39
1782.4200 1398.5100 80
1770.5900 1398.5100 21
1758.7700 1398.5100 62
1746.9500 1398.5100 3
1735.1200 1398.5100 44
1723.3000 1398.5100 85
1711.4700 1398.5100 26
1699.6500 1398.5100 67
1687.8300 1398.5100 8
1676.0000 1398.5100 49
1664.1800 1398.5100 90
1652.3600 1398.5100 31
1640.5300 1398.5100 72
1788.3300 1392.6000 13
1800.1500 1392.6000 54
1811.9800 1392.6000 95
1811.9800 1274.5000 36
1800.1500 1274.5000 77
1788.3300 1274.5000 18
1776.5100 1274.5000 59
1764.6800 1274.5000 100
1752.8600 1274.5000 41
1741.0300 1274.5000 82
1729.2100 1274.5000 23
1717.3900 1274.5000 64
1705.5600 1274.5000 5
1693.7400 1274.5000 46
1681.9200 1274.5000 87
1670.0900 1274.5000 28
1658.2700 1274.5000 69
1646.4400 1274.5000 10
1634.6200 1274.5000 51
1622.8000 1274.5000 92
1610.9700 1274.5000 33
1599.1500 1274.5000 74
1587.3300 1274.5000 15
1575.5000 1274.5000 56
1563.6800 1274.5000 97
1551.8500 1274.5000 38
1540.0300 1274.5000 79
1528.2100 1274.5000 20
1516.3800 1274.5000 61
1504.5600 1274.5000 2
1492.7400 1274.5000 43
1480.9100 1274.5000 84
1469.0900 1274.5000 25
1457.2700 1274.5000 66
1445.4400 1274.5000 7
1433.6200 1274.5000 48
1421.8000 1274.5000 89
1409.9700 1274.5000 30
1398.1500 1274.5000 71
1386.3200 1274.5000 12
1374.5000 1274.5000 53
1362.6800 1274.5000 94
1350.8500 1274.5000 35
1339.0300 1274.5000 76
1327.2000 1274.5000 17
1315.3800 1274.5000 58
1303.5600 1274.5000 99
1291.7300 1274.5000 40
1279.9100 1274.5000 81
1268.0900 1274.5000 22
1256.2600 1274.5000 63
1244.4400 1274.5000 4
1126.2000 1250.8800 45
1138.0300 1250.8800 86
1149.8500 1250.8800 27
1161.6700 1250.8800 68
1173.5000 1250.8800 9
1185.3200 1250.8800 50
1197.1500 1250.8800 91
1208.9700 1250.8800 32
1220.7900 1250.8800 73
1232.6200 1250.8800 14
1244.4400 1250.8800 55
1256.2600 1250.8800 96
1268.0900 1250.8800 37
1279.9100 1250.8800 78
1291.7300 1250.8800 19
1303.5600 1250.8800 60
1315.3800 1250.8800 1
1327.2000 1250.8800 42
1339.0300 1250.8800 83
1350.8500 1250.8800 24
1362.6800 1250.8800 65
1374.5000 1250.8800 6
1386.3200 1250.8800 47
1398.1500 1250.8800 88
1409.9700 1250.8800 29
1421.8000 1250.8800 70
1433.6200 1250.8800 11
1445.4400 1250.8800 52
1457.2700 1250.8800 93
1469.0900 1250.8800 34
1480.9100 1250.8800 75
1492.7400 1250.8800 16
1504.5600 1250.8800 57
1516.3800 1250.8800 98
1528.2100 1250.8800 39
1540.0300 1250.8800 80
1551.8500 1250.8800 21
1563.6800 1250.8800 62
1575.5000 1250.8800 3
1587.3300 1250.8800 44
1599.1500 1250.8800 85
1610.9700 1250.8800 26
1622.8000 1250.8800 67
1634.6200 1250.8800 8
1646.4400 1250.8800 49
1658.2700 1250.8800 90
1670.0900 1250.8800 31
1681.9200 1250.8800 72
1693.7400 1250.8800 13
1705.5600 1250.8800 54
1717.3900 1250.8800 95
1729.2100 1250.8800 36
1741.0300 1250.8800 77
1806.0600 1244.9800 18
1794.2400 1244.9800 59
1782.4200 1244.9800 100
1770.5900 1244.9800 41
1758.7700 1244.9800 82
1746.9500 1244.9800 23
1735.1200 1244.9800 64
1723.3000 1244.9800 5
1711.4700 1244.9800 46
1699.6500 1244.9800 87
1687.8300 1244.9800 28
1676.0000 1244.9800 69
1664.1800 1244.9800 10
1652.3600 1244.9800 51
1640.5300 1244.9800 92
1628.7100 1244.9800 33
1616.8900 1244.9800 74
1605.0600 1244.9800 15
1593.2400 1244.9800 56
1581.4100 1244.9800 97
1569.5900 1244.9800 38
1557.7700 1244.9800 79
1545.9400 1244.9800 20
1534.1200 1244.9800 61
1522.3000 1244.9800 2
1510.4700 1244.9800 43
1498.6500 1244.9800 84
1486.8200 1244.9800 25
1475.0000 1244.9800 66
1463.1800 1244.9800 7
1451.3500 1244.9800 48
1439.5300 1244.9800 89
1427.7100 1244.9800 30
1415.8800 1244.9800 71
1404.0600 1244.9800 12
1392.2400 1244.9800 53
1380.4100 1244.9800 94
1368.5900 1244.9800 35
1356.7700 1244.9800 76
1344.9400 1244.9800 17
1333.1200 1244.9800 58
1321.2900 1244.9800 99
1309.4700 1244.9800 40
1297.6500 1244.9800 81
1285.8200 1244.9800 22
1274.0000 1244.9800 63
1262.1800 1244.9800 4
1250.3500 1244.9800 45
1238.5300 1244.9800 86
1244.4400 1227.2600 27
1256.2600 1227.2600 68
1268.0900 1227.2600 9
1279.9100 1227.2600 50
1291.7300 1227.2600 91
1303.5600 1227.2600 32
1315.3800 1227.2600 73
1327.2000 1227.2600 14
1339.0300 1227.2600 55
1350.8500 1227.2600 96
1362.6800 1227.2600 37
1374.5000 1227.2600 78
1386.3200 1227.2600 19
1398.1500 1227.2600 60
1409.9700 1227.2600 1
1421.8000 1227.2600 42
1433.6200 1227.2600 83
1445.4400 1227.2600 24
1457.2700 1227.2600 65
1469.0900 1227.2600 6
1480.9100 1227.2600 47
1492.7400 1227.2600 88
1504.5600 1227.2600 29
1516.3800 1227.2600 70
1528.2100 1227.2600 11
1540.0300 1227.2600 52
1551.8500 1227.2600 93
1563.6800 1227.2600 34
1575.5000 1227.2600 75
1587.3300 1227.2600 16
1599.1500 1227.2600 57
1610.9700 1227.2600 98
1622.8000 1227.2600 39
1634.6200 1227.2600 80
1646.4400 1227.2600 21
1658.2700 1227.2600 62
1670.0900 1227.2600 3
1681.9200 1227.2600 44
1693.7400 1227.2600 85
1705.5600 1227.2600 26
1717.3900 1227.2600 67
1729.2100 1227.2600 8
1741.0300 1227.2600 49
1752.8600 1227.2600 90
1764.6800 1227.2600 31
1776.5100 1227.2600 72
1788.3300 1227.2600 13
1853.3600 1221.3600 54
1841.5400 1221.3600 95
1829.7100 1221.3600 36
1817.8900 1221.3600 77
1806.0600 1221.3600 18
1794.2400 1221.3600 59
1782.4200 1221.3600 100
1770.5900 1221.3600 41
1758.7700 1221.3600 82
1746.9500 1221.3600 23
1735.1200 1221.3600 64
1723.3000 1221.3600 5
1711.4700 1221.3600 46
1699.6500 1221.3600 87
1687.8300 1221.3600 28
1676.0000 1221.3600 69
1664.1800 1221.3600 10
1652.3600 1221.3600 51
1640.5300 1221.3600 92
1628.7100 1221.3600 33
1616.8900 1221.3600 74
1605.0600 1221.3600 15
1593.2400 1221.3600 56
1581.4100 1221.3600 97
1569.5900 1221.3600 38
1557.7700 1221.3600 79
1545.9400 1221.3600 20
1534.1200 1221.3600 61
1522.3000 1221.3600 2
1510.4700 1221.3600 43
1498.6500 1221.3600 84
1486.8200 1221.3600 25
1475.0000 1221.3600 66
1463.1800 1221.3600 7
1451.3500 1221.3600 48
1439.5300 1221.3600 89
1427.7100 1221.3600 30
1415.8800 1221.3600 71
1404.0600 1221.3600 12
1392.2400 1221.3600 53
1380.4100 1221.3600 94
1138.0300 1156.4000 35
1149.8500 1156.4000 76
1161.6700 1156.4000 17
1173.5000 1156.4000 58
1185.3200 1156.4000 99
1197.1500 1156.4000 40
1208.9700 1156.4000 81
1220.7900 1156.4000 22
1232.6200 1156.4000 63
1244.4400 1156.4000 4
1256.2600 1156.4000 45
1268.0900 1156.4000 86
1279.9100 1156.4000 27
1291.7300 1156.4000 68
1303.5600 1156.4000 9
1315.3800 1156.4000 50
1327.2000 1156.4000 91
1339.0300 1156.4000 32
1350.8500 1156.4000 73
1362.6800 1156.4000 14
1374.5000 1156.4000 55
1386.3200 1156.4000 96
1398.1500 1156.4000 37
1409.9700 1156.4000 78
1421.8000 1156.4000 19
1433.6200 1156.4000 60
1445.4400 1156.4000 1
1457.2700 1156.4000 42
1469.0900 1156.4000 83
1480.9100 1156.4000 24
1492.7400 1156.4000 65
1504.5600 1156.4000 6
1516.3800 1156.4000 47
1528.2100 1156.4000 88
1540.0300 1156.4000 29
1551.8500 1156.4000 70
1563.6800 1156.4000 11
1575.5000 1156.4000 52
1587.3300 1156.4000 93
1599.1500 1156.4000 34
1610.9700 1156.4000 75
1622.8000 1156.4000 16
1634.6200 1156.4000 57
1646.4400 1156.4000 98
1658.2700 1156.4000 39
1670.0900 1156.4000 80
1681.9200 1156.4000 21
1693.7400 1156.4000 62
1705.5600 1156.4000 3
1717.3900 1156.4000 44
1729.2100 1156.4000 85
1741.0300 1156.4000 26
1752.8600 1156.4000 67
1226.7000 1150.5000 8
1214.8800 1150.5000 49
1203.0600 1150.5000 90
1191.2300 1150.5000 31
1179.4100 1150.5000 72
1167.5900 1150.5000 13
1155.7600 1150.5000 54
1143.9400 1150.5000 95
1132.1100 1150.5000 36
1120.2900 1150.5000 77
1108.4700 1150.5000 18
1096.6400 1150.5000 59
1084.8200 1150.5000 100
1073.0000 1150.5000 41
1061.1700 1150.5000 82
1049.3500 1150.5000 23
1037.5300 1150.5000 64
1025.7000 1150.5000 5
1013.8800 1150.5000 46
1002.0500 1150.5000 87
990.2310 1150.5000 28
978.4070 1150.5000 69
966.5840 1150.5000 10
954.7600 1150.5000 51
942.9370 1150.5000 92
931.1130 1150.5000 33
919.2890 1150.5000 74
907.4660 1150.5000 15
895.6420 1150.5000 56
883.8180 1150.5000 97
871.9940 1150.5000 38
860.1710 1150.5000 79
848.3470 1150.5000 20
836.5240 1150.5000 61
824.7000 1150.5000 2
812.8760 1150.5000 43
801.0530 1150.5000 84
789.2290 1150.5000 25
777.4050 1150.5000 66
765.5810 1150.5000 7
753.7580 1150.5000 48
741.9340 1150.5000 89
730.1110 1150.5000 30
718.2870 1150.5000 71
706.4630 1150.5000 12
694.6400 1150.5000 53
682.8160 1150.5000 94
670.9920 1150.5000 35
659.1690 1150.5000 76
647.3450 1150.5000 17
635.5210 1150.5000 58
623.6980 1150.5000 99
611.8740 1150.5000 40
600.0500 1150.5000 81
588.2270 1150.5000 22
576.4030 1150.5000 63
564.5790 1150.5000 4
552.7560 1150.5000 45
540.9320 1150.5000 86
529.1080 1150.5000 27
517.2850 1150.5000 68
505.4610 1150.5000 9
493.6370 1150.5000 50
481.8140 1150.5000 91
469.9900 1150.5000 32
458.1660 1150.5000 73
446.3430 1150.5000 14
434.5190 1150.5000 55
422.6960 1150.5000 96
410.8720 1150.5000 37
399.0480 1150.5000 78
387.2240 1150.5000 19
375.4010 1150.5000 60
363.5770 1150.5000 1
351.7530 1150.5000 42
339.9300 1150.5000 83
1126.2000 1144.5900 24
1138.0300 1144.5900 65
1149.8500 1144.5900 6
1161.6700 1144.5900 47
1173.5000 1144.5900 88
1185.3200 1144.5900 29
1197.1500 1144.5900 70
1208.9700 1144.5900 11
1220.7900 1144.5900 52
1232.6200 1144.5900 93
1244.4400 1144.5900 34
1256.2600 1144.5900 75
1268.0900 1144.5900 16
1279.9100 1144.5900 57
1291.7300 1144.5900 98
1303.5600 1144.5900 39
1315.3800 1144.5900 80
1327.2000 1144.5900 21
1339.0300 1144.5900 62
1350.8500 1144.5900 3
1362.6800 1144.5900 44
1374.5000 1144.5900 85
1386.3200 1144.5900 26
1398.1500 1144.5900 67
1409.9700 1144.5900 8
1421.8000 1144.5900 49
1433.6200 1144.5900 90
1445.4400 1144.5900 31
1457.2700 1144.5900 72
1469.0900 1144.5900 13
1480.9100 1144.5900 54
1492.7400 1144.5900 95
1504.5600 1144.5900 36
1516.3800 1144.5900 77
1528.2100 1144.5900 18
1540.0300 1144.5900 59
1551.8500 1144.5900 100
1563.6800 1144.5900 41
1575.5000 1144.5900 82
1587.3300 1144.5900 23
1599.1500 1144.5900 64
1610.9700 1144.5900 5
1622.8000 1144.5900 46
1634.6200 1144.5900 87
1646.4400 1144.5900 28
1658.2700 1144.5900 69
1670.0900 1144.5900 10
1681.9200 1144.5900 51
1693.7400 1144.5900 92
1705.5600 1144.5900 33
1717.3900 1144.5900 74
1729.2100 1144.5900 15
1741.0300 1144.5900 56
1220.7900 1002.8700 97
1208.9700 1002.8700 38
1197.1500 1002.8700 79
1185.3200 1002.8700 20
1173.5000 1002.8700 61
1226.7000 996.9670 2
1238.5300 996.9670 43
1250.3500 996.9670 84
1409.9700 802.1010 25
1398.1500 802.1010 66
1386.3200 802.1010 7
1374.5000 802.1010 48
1362.6800 802.1010 89
1350.8500 802.1010 30
1303.5600 802.1010 71
1291.7300 802.1010 12
1279.9100 802.1010 53
1268.0900 802.1010 94
1256.2600 802.1010 35
1220.7900 802.1010 76
1208.9700 802.1010 17
1197.1500 802.1010 58
1185.3200 802.1010 99
1173.5000 802.1010 40
1138.0300 802.1010 81
1126.2000 802.1010 22
1114.3800 802.1010 63
1102.5600 802.1010 4
1090.7300 802.1010 45
1078.9100 802.1010 86
1084.8200 796.1960 27
1096.6400 796.1960 68
1108.4700 796.1960 9
1120.2900 796.1960 50
1132.1100 796.1960 91
1143.9400 796.1960 32
1155.7600 796.1960 73
1167.5900 796.1960 14
1179.4100 796.1960 55
1191.2300 796.1960 96
1226.7000 796.1960 37
1238.5300 796.1960 78
1250.3500 796.1960 19
1262.1800 796.1960 60
1274.0000 796.1960 1
1285.8200 796.1960 42
1344.9400 796.1960 83
1356.7700 796.1960 24
1368.5900 796.1960 65
1386.3200 790.2900 6
1374.5000 790.2900 47
1362.6800 790.2900 88
1350.8500 790.2900 29
1339.0300 790.2900 70
1268.0900 790.2900 11
1256.2600 790.2900 52
1244.4400 790.2900 93
1232.6200 790.2900 34
1161.6700 790.2900 75
1149.8500 790.2900 16
1138.0300 790.2900 57
1126.2000 790.2900 98
1203.0600 784.3860 39
1214.8800 784.3860 80
1226.7000 784.3860 21
1238.5300 784.3860 62
1285.8200 784.3860 3
1297.6500 784.3860 44
1309.4700 784.3860 85
1321.2900 784.3860 26
1333.1200 784.3860 67
1344.9400 784.3860 8
1374.5000 778.4810 49
1362.6800 778.4810 90
1350.8500 778.4810 31
1256.2600 778.4810 72
1244.4400 778.4810 13
1232.6200 778.4810 54
1173.5000 778.4810 95
1161.6700 778.4810 36
1149.8500 778.4810 77
1138.0300 778.4810 18
1126.2000 778.4810 59
1114.3800 778.4810 100
1102.5600 778.4810 41
1090.7300 778.4810 82
1078.9100 778.4810 23
1067.0800 778.4810 64
1055.2600 778.4810 5
1043.4400 778.4810 46
1031.6100 778.4810 87
1019.7900 778.4810 28
1007.9700 778.4810 69
996.1430 778.4810 10
984.3190 778.4810 51
972.4960 778.4810 92
960.6720 778.4810 33
948.8480 778.4810 74
937.0250 778.4810 15
925.2010 778.4810 56
913.3770 778.4810 97
901.5540 778.4810 38
889.7300 778.4810 79
877.9060 778.4810 20
866.0830 778.4810 61
854.2590 778.4810 2
842.4350 778.4810 43
830.6120 778.4810 84
818.7880 778.4810 25
806.9640 778.4810 66
795.1410 778.4810 7
783.3170 778.4810 48
771.4940 778.4810 89
759.6700 778.4810 30
747.8460 778.4810 71
736.0220 778.4810 12
1167.5900 772.5760 53
1285.8200 772.5760 94
1297.6500 772.5760 35
1309.4700 772.5760 76
1321.2900 772.5760 17
1333.1200 772.5760 58
1344.9400 772.5760 99
1356.7700 772.5760 40
1368.5900 772.5760 81
1380.4100 772.5760 22
1392.2400 772.5760 63
1404.0600 772.5760 4
1415.8800 772.5760 45
1327.2000 766.6700 86
1315.3800 766.6700 27
1232.6200 766.6700 68
1220.7900 766.6700 9
1208.9700 766.6700 50
1197.1500 766.6700 91
1096.6400 760.7650 32
1108.4700 760.7650 73
1120.2900 760.7650 14
1132.1100 760.7650 55
1203.0600 760.7650 96
1214.8800 760.7650 37
1226.7000 760.7650 78
1238.5300 760.7650 19
1262.1800 760.7650 60
1274.0000 760.7650 1
1285.8200 760.7650 42
1344.9400 760.7650 83
1327.2000 754.8610 24
1315.3800 754.8610 65
1208.9700 754.8610 6
1197.1500 754.8610 47
1149.8500 754.8610 88
1138.0300 754.8610 29
1132.1100 748.9550 70
1143.9400 748.9550 11
1155.7600 748.9550 52
1226.7000 748.9550 93
1238.5300 748.9550 34
1362.6800 743.0500 75
1279.9100 743.0500 16
1268.0900 743.0500 57
1161.6700 731.2400 98
1149.8500 731.2400 39
1138.0300 731.2400 80
1126.2000 731.2400 21
1114.3800 731.2400 62
1380.4100 725.3350 3
1392.2400 725.3350 44
1404.0600 725.3350 85
1398.1500 719.4300 26
1386.3200 719.4300 67
1374.5000 719.4300 8
1362.6800 719.4300 49
789.2290 548.1840 90
801.0530 548.1840 31
812.8760 548.1840 72
824.7000 548.1840 13
836.5240 548.1840 54
848.3470 548.1840 95
860.1710 548.1840 36
871.9940 548.1840 77
883.8180 548.1840 18
895.6420 548.1840 59
907.4660 548.1840 100
919.2890 548.1840 41
931.1130 548.1840 82
942.9370 548.1840 23
954.7600 548.1840 64
966.5840 548.1840 5
978.4070 548.1840 46
990.2310 548.1840 87
1002.0500 548.1840 28
1013.8800 548.1840 69
1025.7000 548.1840 10
1037.5300 548.1840 51
1049.3500 548.1840 92
1061.1700 548.1840 33
1073.0000 548.1840 74
1084.8200 548.1840 15
1096.6400 548.1840 56
1108.4700 548.1840 97
1120.2900 548.1840 38
1132.1100 548.1840 79
1143.9400 548.1840 20
1155.7600 548.1840 61
1167.5900 548.1840 2
1179.4100 548.1840 43
1191.2300 548.1840 84
1203.0600 548.1840 25
1214.8800 548.1840 66
1226.7000 548.1840 7
1374.5000 601.3290 48
1386.3200 601.3290 89
1398.1500 601.3290 30
1409.9700 601.3290 71
1421.8000 601.3290 12
1433.6200 601.3290 53
1445.4400 601.3290 94
1457.2700 601.3290 35
1469.0900 601.3290 76
1480.9100 601.3290 17
1492.7400 601.3290 58
1504.5600 601.3290 99
1516.3800 601.3290 40
1528.2100 601.3290 81
1540.0300 601.3290 22
1551.8500 601.3290 63
1563.6800 601.3290 4
1575.5000 601.3290 45
1587.3300 601.3290 86
1599.1500 601.3290 27
1610.9700 601.3290 68
1622.8000 601.3290 9
1634.6200 601.3290 50
1646.4400 601.3290 91
1658.2700 601.3290 32
1670.0900 601.3290 73
1681.9200 601.3290 14
1693.7400 601.3290 55
1705.5600 601.3290 96
1717.3900 601.3290 37
1729.2100 601.3290 78
1741.0300 601.3290 19
1752.8600 601.3290 60
1764.6800 601.3290 1
1776.5100 601.3290 42
1788.3300 601.3290 83
1800.1500 601.3290 24
1811.9800 601.3290 65
1823.8000 601.3290 6
1835.6200 601.3290 47
1847.4500 601.3290 88
1859.2700 601.3290 29
1871.0900 601.3290 70
1882.9200 601.3290 11
1894.7400 601.3290 52
1906.5600 601.3290 93
1918.3900 601.3290 34
1930.2100 601.3290 75
1942.0400 601.3290 16
1953.8600 601.3290 57
1965.6800 601.3290 98
1977.5100 601.3290 39
1989.3300 601.3290 80
2001.1500 601.3290 21
2012.9800 601.3290 62
2024.8000 601.3290 3
2036.6200 601.3290 44
2048.4500 601.3290 85
2060.2700 601.3290 26
2072.1000 601.3290 67
2083.9200 601.3290 8
1214.8800 536.3740 49
1203.0600 536.3740 90
1191.2300 536.3740 31
1179.4100 536.3740 72
1214.8800 1959.4900 13
1226.7000 1959.4900 54
1238.5300 1959.4900 95
1250.3500 1959.4900 36
1262.1800 1959.4900 77
1285.8200 1959.4900 18
1297.6500 1959.4900 59
1350.8500 1965.3900 100
1380.4100 1971.3000 41
1392.2400 1971.3000 82
1303.5600 1953.5800 23
1173.5000 1941.7700 64
1185.3200 1941.7700 5
1197.1500 1941.7700 46
1208.9700 1941.7700 87
1339.0300 1941.7700 28
1350.8500 1941.7700 69
1362.6800 1941.7700 10
1374.5000 1941.7700 51
1386.3200 1941.7700 92
1398.1500 1941.7700 33
1262.1800 1935.8700 74
1250.3500 1935.8700 15
1238.5300 1935.8700 56
1226.7000 1935.8700 97
1214.8800 1935.8700 38
1155.7600 1935.8700 79
1143.9400 1935.8700 20
1132.1100 1935.8700 61
1120.2900 1935.8700 2
1108.4700 1935.8700 43
1138.0300 1929.9600 84
1149.8500 1929.9600 25
1161.6700 1929.9600 66
1173.5000 1929.9600 7
1185.3200 1929.9600 48
1303.5600 1929.9600 89
1315.3800 1929.9600 30
1327.2000 1929.9600 71
1339.0300 1929.9600 12
1350.8500 1929.9600 53
1356.7700 1924.0600 94
1344.9400 1924.0600 35
1333.1200 1924.0600 76
1321.2900 1924.0600 17
1309.4700 1924.0600 58
1214.8800 1924.0600 99
1203.0600 1924.0600 40
1191.2300 1924.0600 81
1179.4100 1924.0600 22
1197.1500 1918.1500 63
1208.9700 1918.1500 4
1279.9100 1918.1500 45
1291.7300 1918.1500 86
1303.5600 1918.1500 27
1386.3200 1918.1500 68
1398.1500 1918.1500 9
1409.9700 1918.1500 50
1226.7000 1912.2500 91
1214.8800 1912.2500 32
1203.0600 1912.2500 73
1191.2300 1912.2500 14
1078.9100 1906.3400 55
1090.7300 1906.3400 96
1102.5600 1906.3400 37
1114.3800 1906.3400 78
1126.2000 1906.3400 19
1138.0300 1906.3400 60
1149.8500 1906.3400 1
1256.2600 1906.3400 42
1268.0900 1906.3400 83
1279.9100 1906.3400 24
1291.7300 1906.3400 65
1303.5600 1906.3400 6
1339.0300 1906.3400 47
1350.8500 1906.3400 88
1362.6800 1906.3400 29
1344.9400 1900.4400 70
1333.1200 1900.4400 11
1321.2900 1900.4400 52
1309.4700 1900.4400 93
1279.9100 1894.5300 34
1268.0900 1894.5300 75
1256.2600 1894.5300 16
1244.4400 1894.5300 57
1149.8500 1894.5300 98
1138.0300 1894.5300 39
1126.2000 1894.5300 80
1114.3800 1894.5300 21
1102.5600 1894.5300 62
1090.7300 1894.5300 3
1285.8200 1888.6300 44
1297.6500 1888.6300 85
1309.4700 1888.6300 26
1321.2900 1888.6300 67
1409.9700 1882.7200 8
1398.1500 1882.7200 49
1386.3200 1882.7200 90
1303.5600 1882.7200 31
1291.7300 1882.7200 72
1279.9100 1882.7200 13
1126.2000 1882.7200 54
1114.3800 1882.7200 95
1102.5600 1882.7200 36
1090.7300 1882.7200 77
1333.1200 1876.8200 18
1344.9400 1876.8200 59
1356.7700 1876.8200 100
1368.5900 1876.8200 41
1380.4100 1876.8200 82
1374.5000 1870.9100 23
1362.6800 1870.9100 64
1350.8500 1870.9100 5
1339.0300 1870.9100 46
1327.2000 1870.9100 87
1244.4400 1870.9100 28
1232.6200 1870.9100 69
1220.7900 1870.9100 10
1208.9700 1870.9100 51
1197.1500 1870.9100 92
1185.3200 1870.9100 33
1173.5000 1870.9100 74
1161.6700 1870.9100 15
1149.8500 1870.9100 56
1138.0300 1870.9100 97
1214.8800 1865.0100 38
1226.7000 1865.0100 79
1238.5300 1865.0100 20
1250.3500 1865.0100 61
1262.1800 1865.0100 2
1274.0000 1865.0100 43
1285.8200 1865.0100 84
1297.6500 1865.0100 25
1309.4700 1865.0100 66
1664.1800 1746.9100 7
670.9920 1746.9100 48
676.9040 1741.0000 89
688.7280 1741.0000 30
700.5510 1741.0000 71
712.3750 1741.0000 12
724.1990 1741.0000 53
736.0220 1741.0000 94
1670.0900 1741.0000 35
1681.9200 1741.0000 76
1693.7400 1741.0000 17
1705.5600 1741.0000 58
1717.3900 1741.0000 99
1729.2100 1741.0000 40
1865.1800 1723.2900 81
1853.3600 1723.2900 22
871.9940 1723.2900 63
860.1710 1723.2900 4
777.4050 1522.5200 45
789.2290 1522.5200 86
801.0530 1522.5200 27
812.8760 1522.5200 68
824.7000 1522.5200 9
1770.5900 1522.5200 50
1782.4200 1522.5200 91
1794.2400 1522.5200 32
1806.0600 1522.5200 73
1817.8900 1522.5200 14
1244.4400 1516.6100 55
1232.6200 1516.6100 96
1220.7900 1516.6100 37
1208.9700 1516.6100 78
1197.1500 1516.6100 19
1185.3200 1516.6100 60
1173.5000 1516.6100 1
1161.6700 1516.6100 42
1149.8500 1516.6100 83
1138.0300 1516.6100 24
1126.2000 1516.6100 65
1114.3800 1516.6100 6
1102.5600 1516.6100 47
1090.7300 1516.6100 88
1078.9100 1516.6100 29
1067.0800 1516.6100 70
1055.2600 1516.6100 11
1043.4400 1516.6100 52
1031.6100 1516.6100 93
1019.7900 1516.6100 34
1007.9700 1516.6100 75
996.1430 1516.6100 16
984.3190 1516.6100 57
972.4960 1516.6100 98
960.6720 1516.6100 39
948.8480 1516.6100 80
937.0250 1516.6100 21
925.2010 1516.6100 62
913.3770 1516.6100 3
901.5540 1516.6100 44
889.7300 1516.6100 85
877.9060 1516.6100 26
866.0830 1516.6100 67
854.2590 1516.6100 8
842.4350 1516.6100 49
830.6120 1516.6100 90
818.7880 1516.6100 31
806.9640 1516.6100 72
795.1410 1516.6100 13
783.3170 1516.6100 54
771.4940 1516.6100 95
759.6700 1516.6100 36
747.8460 1516.6100 77
736.0220 1516.6100 18
724.1990 1516.6100 59
712.3750 1516.6100 100
700.5510 1516.6100 41
688.7280 1516.6100 82
676.9040 1516.6100 23
665.0810 1516.6100 64
653.2570 1516.6100 5
641.4330 1516.6100 46
629.6090 1516.6100 87
617.7860 1516.6100 28
605.9620 1516.6100 69
594.1380 1516.6100 10
582.3150 1516.6100 51
570.4910 1516.6100 92
558.6680 1516.6100 33
546.8440 1516.6100 74
535.0200 1516.6100 15
523.1960 1516.6100 56
511.3730 1516.6100 97
499.5490 1516.6100 38
487.7250 1516.6100 79
475.9020 1516.6100 20
464.0780 1516.6100 61
452.2550 1516.6100 2
440.4310 1516.6100 43
428.6070 1516.6100 84
416.7840 1516.6100 25
404.9600 1516.6100 66
393.1360 1516.6100 7
381.3130 1516.6100 48
369.4890 1516.6100 89
357.6650 1516.6100 30
345.8420 1516.6100 71
375.4010 1487.0800 12
387.2240 1487.0800 53
399.0480 1487.0800 94
410.8720 1487.0800 35
422.6960 1487.0800 76
434.5190 1487.0800 17
446.3430 1487.0800 58
458.1660 1487.0800 99
469.9900 1487.0800 40
481.8140 1487.0800 81
493.6370 1487.0800 22
505.4610 1487.0800 63
517.2850 1487.0800 4
529.1080 1487.0800 45
540.9320 1487.0800 86
552.7560 1487.0800 27
564.5790 1487.0800 68
576.4030 1487.0800 9
588.2270 1487.0800 50
600.0500 1487.0800 91
611.8740 1487.0800 32
623.6980 1487.0800 73
635.5210 1487.0800 14
647.3450 1487.0800 55
659.1690 1487.0800 96
670.9920 1487.0800 37
682.8160 1487.0800 78
694.6400 1487.0800 19
706.4630 1487.0800 60
718.2870 1487.0800 1
730.1110 1487.0800 42
741.9340 1487.0800 83
753.7580 1487.0800 24
765.5810 1487.0800 65
777.4050 1487.0800 6
789.2290 1487.0800 47
801.0530 1487.0800 88
812.8760 1487.0800 29
824.7000 1487.0800 70
836.5240 1487.0800 11
848.3470 1487.0800 52
860.1710 1487.0800 93
871.9940 1487.0800 34
883.8180 1487.0800 75
895.6420 1487.0800 16
907.4660 1487.0800 57
919.2890 1487.0800 98
931.1130 1487.0800 39
942.9370 1487.0800 80
954.7600 1487.0800 21
966.5840 1487.0800 62
978.4070 1487.0800 3
990.2310 1487.0800 44
1002.0500 1487.0800 85
1013.8800 1487.0800 26
1025.7000 1487.0800 67
1037.5300 1487.0800 8
1049.3500 1487.0800 49
1061.1700 1487.0800 90
1073.0000 1487.0800 31
1084.8200 1487.0800 72
1096.6400 1487.0800 13
1108.4700 1487.0800 54
1120.2900 1487.0800 95
1132.1100 1487.0800 36
1143.9400 1487.0800 77
1155.7600 1487.0800 18
1167.5900 1487.0800 59
1179.4100 1487.0800 100
1191.2300 1487.0800 41
1203.0600 1487.0800 82
1214.8800 1487.0800 23
2066.1800 1475.2800 64
2054.3600 1475.2800 5
2042.5400 1475.2800 46
2030.7100 1475.2800 87
2018.8900 1475.2800 28
2007.0700 1475.2800 69
1995.2400 1475.2800 10
1983.4200 1475.2800 51
1971.5900 1475.2800 92
1959.7700 1475.2800 33
1947.9500 1475.2800 74
1936.1200 1475.2800 15
1924.3000 1475.2800 56
1912.4800 1475.2800 97
1900.6500 1475.2800 38
1888.8300 1475.2800 79
1877.0100 1475.2800 20
1865.1800 1475.2800 61
1853.3600 1475.2800 2
1841.5400 1475.2800 43
1829.7100 1475.2800 84
1817.8900 1475.2800 25
1806.0600 1475.2800 66
1794.2400 1475.2800 7
1782.4200 1475.2800 48
1770.5900 1475.2800 89
1758.7700 1475.2800 30
1746.9500 1475.2800 71
1735.1200 1475.2800 12
1723.3000 1475.2800 53
1711.4700 1475.2800 94
1699.6500 1475.2800 35
1687.8300 1475.2800 76
1676.0000 1475.2800 17
1664.1800 1475.2800 58
1652.3600 1475.2800 99
1640.5300 1475.2800 40
1628.7100 1475.2800 81
1616.8900 1475.2800 22
1605.0600 1475.2800 63
1593.2400 1475.2800 4
1581.4100 1475.2800 45
1569.5900 1475.2800 86
1557.7700 1475.2800 27
1545.9400 1475.2800 68
1534.1200 1475.2800 9
1522.3000 1475.2800 50
1510.4700 1475.2800 91
1498.6500 1475.2800 32
1486.8200 1475.2800 73
1475.0000 1475.2800 14
1463.1800 1475.2800 55
1451.3500 1475.2800 96
1439.5300 1475.2800 37
1427.7100 1475.2800 78
1415.8800 1475.2800 19
1404.0600 1475.2800 60
1392.2400 1475.2800 1
1380.4100 1475.2800 42
1368.5900 1475.2800 83
1356.7700 1475.2800 24
1344.9400 1475.2800 65
1333.1200 1475.2800 6
1321.2900 1475.2800 47
1309.4700 1475.2800 88
1297.6500 1475.2800 29
1285.8200 1475.2800 70
1274.0000 1475.2800 11
1262.1800 1475.2800 52
1250.3500 1475.2800 93
1238.5300 1475.2800 34
1226.7000 1475.2800 75
1214.8800 1475.2800 16
1256.2600 1445.7500 57
1268.0900 1445.7500 98
1279.9100 1445.7500 39
1291.7300 1445.7500 80
1303.5600 1445.7500 21
1315.3800 1445.7500 62
1327.2000 1445.7500 3
1339.0300 1445.7500 44
1350.8500 1445.7500 85
1362.6800 1445.7500 26
1374.5000 1445.7500 67
1386.3200 1445.7500 8
1398.1500 1445.7500 49
1409.9700 1445.7500 90
1421.8000 1445.7500 31
1433.6200 1445.7500 72
1445.4400 1445.7500 13
1457.2700 1445.7500 54
1469.0900 1445.7500 95
1480.9100 1445.7500 36
1492.7400 1445.7500 77
1504.5600 1445.7500 18
1516.3800 1445.7500 59
1528.2100 1445.7500 100
1540.0300 1445.7500 41
1551.8500 1445.7500 82
1563.6800 1445.7500 23
1575.5000 1445.7500 64
1587.3300 1445.7500 5
1599.1500 1445.7500 46
1610.9700 1445.7500 87
1622.8000 1445.7500 28
1634.6200 1445.7500 69
1646.4400 1445.7500 10
1658.2700 1445.7500 51
1670.0900 1445.7500 92
1681.9200 1445.7500 33
1693.7400 1445.7500 74
1705.5600 1445.7500 15
1717.3900 1445.7500 56
1729.2100 1445.7500 97
1741.0300 1445.7500 38
1752.8600 1445.7500 79
1764.6800 1445.7500 20
1776.5100 1445.7500 61
1782.4200 1416.2200 2
1770.5900 1416.2200 43
1758.7700 1416.2200 84
1746.9500 1416.2200 25
1735.1200 1416.2200 66
1723.3000 1416.2200 7
1711.4700 1416.2200 48
1699.6500 1416.2200 89
1687.8300 1416.2200 30
1676.0000 1416.2200 71
1664.1800 1416.2200 12
1652.3600 1416.2200 53
1368.5900 1416.2200 94
1356.7700 1416.2200 35
1344.9400 1416.2200 76
1333.1200 1416.2200 17
1321.2900 1416.2200 58
1309.4700 1416.2200 99
1297.6500 1416.2200 40
1374.5000 1410.3200 81
1386.3200 1410.3200 22
1398.1500 1410.3200 63
1409.9700 1410.3200 4
1421.8000 1410.3200 45
1433.6200 1410.3200 86
1445.4400 1410.3200 27
1457.2700 1410.3200 68
1469.0900 1410.3200 9
1480.9100 1410.3200 50
1492.7400 1410.3200 91
1504.5600 1410.3200 32
1516.3800 1410.3200 73
1528.2100 1410.3200 14
1540.0300 1410.3200 55
1551.8500 1410.3200 96
1563.6800 1410.3200 37
1575.5000 1410.3200 78
1587.3300 1410.3200 19
1599.1500 1410.3200 60
1610.9700 1410.3200 1
1622.8000 1410.3200 42
1634.6200 1410.3200 83
1646.4400 1410.3200 24
1658.2700 1410.3200 65
1670.0900 1410.3200 6
1681.9200 1410.3200 47
1693.7400 1410.3200 88
1705.5600 1410.3200 29
1717.3900 1410.3200 70
1729.2100 1410.3200 11
1741.0300 1410.3200 52
1752.8600 1410.3200 93
1764.6800 1410.3200 34
1776.5100 1410.3200 75
1788.3300 1410.3200 16
1800.1500 1410.3200 57
1811.9800 1410.3200 98
1823.8000 1410.3200 39
1835.6200 1410.3200 80
1847.4500 1410.3200 21
1788.3300 1398.5100 62
1776.5100 1398.5100 3
1764.6800 1398.5100 44
1752.8600 1398.5100 85
1741.0300 1398.5100 26
1729.2100 1398.5100 67
1717.3900 1398.5100 8
1705.5600 1398.5100 49
1693.7400 1398.5100 90
1681.9200 1398.5100 31
1670.0900 1398.5100 72
1658.2700 1398.5100 13
1646.4400 1398.5100 54
1782.4200 1392.6000 95
1794.2400 1392.6000 36
1806.0600 1392.6000 77
1817.8900 1392.6000 18
1817.8900 1274.5000 59
1806.0600 1274.5000 100
1794.2400 1274.5000 41
1782.4200 1274.5000 82
1770.5900 1274.5000 23
1758.7700 1274.5000 64
1746.9500 1274.5000 5
1735.1200 1274.5000 46
1723.3000 1274.5000 87
1711.4700 1274.5000 28
1699.6500 1274.5000 69
1687.8300 1274.5000 10
1676.0000 1274.5000 51
1664.1800 1274.5000 92
1652.3600 1274.5000 33
1640.5300 1274.5000 74
1628.7100 1274.5000 15
1616.8900 1274.5000 56
1605.0600 1274.5000 97
1593.2400 1274.5000 38
1581.4100 1274.5000 79
1569.5900 1274.5000 20
1557.7700 1274.5000 61
1545.9400 1274.5000 2
1534.1200 1274.5000 43
1522.3000 1274.5000 84
1510.4700 1274.5000 25
1498.6500 1274.5000 66
1486.8200 1274.5000 7
1475.0000 1274.5000 48
1463.1800 1274.5000 89
1451.3500 1274.5000 30
1439.5300 1274.5000 71
1427.7100 1274.5000 12
1415.8800 1274.5000 53
1404.0600 1274.5000 94
1392.2400 1274.5000 35
1380.4100 1274.5000 76
1368.5900 1274.5000 17
1356.7700 1274.5000 58
1344.9400 1274.5000 99
1333.1200 1274.5000 40
1321.2900 1274.5000 81
1309.4700 1274.5000 22
1297.6500 1274.5000 63
1285.8200 1274.5000 4
1274.0000 1274.5000 45
1262.1800 1274.5000 86
1250.3500 1274.5000 27
1238.5300 1274.5000 68
1120.2900 1250.8800 9
1132.1100 1250.8800 50
1143.9400 1250.8800 91
1155.7600 1250.8800 32
1167.5900 1250.8800 73
1179.4100 1250.8800 14
1191.2300 1250.8800 55
1203.0600 1250.8800 96
1214.8800 1250.8800 37
1226.7000 1250.8800 78
1238.5300 1250.8800 19
1250.3500 1250.8800 60
1262.1800 1250.8800 1
1274.0000 1250.8800 42
1285.8200 1250.8800 83
1297.6500 1250.8800 24
1309.4700 1250.8800 65
1321.2900 1250.8800 6
1333.1200 1250.8800 47
1344.9400 1250.8800 88
1356.7700 1250.8800 29
1368.5900 1250.8800 70
1380.4100 1250.8800 11
1392.2400 1250.8800 52
1404.0600 1250.8800 93
1415.8800 1250.8800 34
1427.7100 1250.8800 75
1439.5300 1250.8800 16
1451.3500 1250.8800 57
1463.1800 1250.8800 98
1475.0000 1250.8800 39
1486.8200 1250.8800 80
1498.6500 1250.8800 21
1510.4700 1250.8800 62
1522.3000 1250.8800 3
1534.1200 1250.8800 44
1545.9400 1250.8800 85
1557.7700 1250.8800 26
1569.5900 1250.8800 67
1581.4100 1250.8800 8
1593.2400 1250.8800 49
1605.0600 1250.8800 90
1616.8900 1250.8800 31
1628.7100 1250.8800 72
1640.5300 1250.8800 13
1652.3600 1250.8800 54
1664.1800 1250.8800 95
1676.0000 1250.8800 36
1687.8300 1250.8800 77
1699.6500 1250.8800 18
1711.4700 1250.8800 59
1723.3000 1250.8800 100
1735.1200 1250.8800 41
1800.1500 1244.9800 82
1788.3300 1244.9800 23
1776.5100 1244.9800 64
1764.6800 1244.9800 5
1752.8600 1244.9800 46
1741.0300 1244.9800 87
1729.2100 1244.9800 28
1717.3900 1244.9800 69
1705.5600 1244.9800 10
1693.7400 1244.9800 51
1681.9200 1244.9800 92
1670.0900 1244.9800 33
1658.2700 1244.9800 74
1646.4400 1244.9800 15
1634.6200 1244.9800 56
1622.8000 1244.9800 97
1610.9700 1244.9800 38
1599.1500 1244.9800 79
1587.3300 1244.9800 20
1575.5000 1244.9800 61
1563.6800 1244.9800 2
1551.8500 1244.9800 43
1540.0300 1244.9800 84
1528.2100 1244.9800 25
1516.3800 1244.9800 66
1504.5600 1244.9800 7
1492.7400 1244.9800 48
1480.9100 1244.9800 89
1469.0900 1244.9800 30
1457.2700 1244.9800 71
1445.4400 1244.9800 12
1433.6200 1244.9800 53
1421.8000 1244.9800 94
1409.9700 1244.9800 35
1398.1500 1244.9800 76
1386.3200 1244.9800 17
1374.5000 1244.9800 58
1362.6800 1244.9800 99
1350.8500 1244.9800 40
1339.0300 1244.9800 81
1327.2000 1244.9800 22
1315.3800 1244.9800 63
1303.5600 1244.9800 4
1291.7300 1244.9800 45
1279.9100 1244.9800 86
1268.0900 1244.9800 27
1256.2600 1244.9800 68
1244.4400 1244.9800 9
1238.5300 1227.2600 50
1250.3500 1227.2600 91
1262.1800 1227.2600 32
1274.0000 1227.2600 73
1285.8200 1227.2600 14
1297.6500 1227.2600 55
1309.4700 1227.2600 96
1321.2900 1227.2600 37
1333.1200 1227.2600 78
1344.9400 1227.2600 19
1356.7700 1227.2600 60
1368.5900 1227.2600 1
1380.4100 1227.2600 42
1392.2400 1227.2600 83
1404.0600 1227.2600 24
1415.8800 1227.2600 65
1427.7100 1227.2600 6
1439.5300 1227.2600 47
1451.3500 1227.2600 88
1463.1800 1227.2600 29
1475.0000 1227.2600 70
1486.8200 1227.2600 11
1498.6500 1227.2600 52
1510.4700 1227.2600 93
1522.3000 1227.2600 34
1534.1200 1227.2600 75
1545.9400 1227.2600 16
1557.7700 1227.2600 57
1569.5900 1227.2600 98
1581.4100 1227.2600 39
1593.2400 1227.2600 80
1605.0600 1227.2600 21
1616.8900 1227.2600 62
1628.7100 1227.2600 3
1640.5300 1227.2600 44
1652.3600 1227.2600 85
1664.1800 1227.2600 26
1676.0000 1227.2600 67
1687.8300 1227.2600 8
1699.6500 1227.2600 49
1711.4700 1227.2600 90
1723.3000 1227.2600 31
1735.1200 1227.2600 72
1746.9500 1227.2600 13
1758.7700 1227.2600 54
1770.5900 1227.2600 95
1782.4200 1227.2600 36
1859.2700 1221.3600 77
1847.4500 1221.3600 18
1835.6200 1221.3600 59
1823.8000 1221.3600 100
1811.9800 1221.3600 41
1800.1500 1221.3600 82
1788.3300 1221.3600 23
1776.5100 1221.3600 64
1764.6800 1221.3600 5
1752.8600 1221.3600 46
1741.0300 1221.3600 87
1729.2100 1221.3600 28
1717.3900 1221.3600 69
1705.5600 1221.3600 10
1693.7400 1221.3600 51
1681.9200 1221.3600 92
1670.0900 1221.3600 33
1658.2700 1221.3600 74
1646.4400 1221.3600 15
1634.6200 1221.3600 56
1622.8000 1221.3600 97
1610.9700 1221.3600 38
1599.1500 1221.3600 79
1587.3300 1221.3600 20
1575.5000 1221.3600 61
1563.6800 1221.3600 2
1551.8500 1221.3600 43
1540.0300 1221.3600 84
1528.2100 1221.3600 25
1516.3800 1221.3600 66
1504.5600 1221.3600 7
1492.7400 1221.3600 48
1480.9100 1221.3600 89
1469.0900 1221.3600 30
1457.2700 1221.3600 71
1445.4400 1221.3600 12
1433.6200 1221.3600 53
1421.8000 1221.3600 94
1409.9700 1221.3600 35
1398.1500 1221.3600 76
1386.3200 1221.3600 17
1132.1100 1156.4000 58
1143.9400 1156.4000 99
1155.7600 1156.4000 40
1167.5900 1156.4000 81
1179.4100 1156.4000 22
1191.2300 1156.4000 63
1203.0600 1156.4000 4
1214.8800 1156.4000 45
1226.7000 1156.4000 86
1238.5300 1156.4000 27
1250.3500 1156.4000 68
1262.1800 1156.4000 9
1274.0000 1156.4000 50
1285.8200 1156.4000 91
1297.6500 1156.4000 32
1309.4700 1156.4000 73
1321.2900 1156.4000 14
1333.1200 1156.4000 55
1344.9400 1156.4000 96
1356.7700 1156.4000 37
1368.5900 1156.4000 78
1380.4100 1156.4000 19
1392.2400 1156.4000 60
1404.0600 1156.4000 1
1415.8800 1156.4000 42
1427.7100 1156.4000 83
1439.5300 1156.4000 24
1451.3500 1156.4000 65
1463.1800 1156.4000 6
1475.0000 1156.4000 47
1486.8200 1156.4000 88
1498.6500 1156.4000 29
1510.4700 1156.4000 70
1522.3000 1156.4000 11
1534.1200 1156.4000 52
1545.9400 1156.4000 93
1557.7700 1156.4000 34
1569.5900 1156.4000 75
1581.4100 1156.4000 16
1593.2400 1156.4000 57
1605.0600 1156.4000 98
1616.8900 1156.4000 39
1628.7100 1156.4000 80
1640.5300 1156.4000 21
1652.3600 1156.4000 62
1664.1800 1156.4000 3
1676.0000 1156.4000 44
1687.8300 1156.4000 85
1699.6500 1156.4000 26
1711.4700 1156.4000 67
1723.3000 1156.4000 8
1735.1200 1156.4000 49
1746.9500 1156.4000 90
1232.6200 1150.5000 31
1220.7900 1150.5000 72
1208.9700 1150.5000 13
1197.1500 1150.5000 54
1185.3200 1150.5000 95
1173.5000 1150.5000 36
1161.6700 1150.5000 77
1149.8500 1150.5000 18
1138.0300 1150.5000 59
1126.2000 1150.5000 100
1114.3800 1150.5000 41
1102.5600 1150.5000 82
1090.7300 1150.5000 23
1078.9100 1150.5000 64
1067.0800 1150.5000 5
1055.2600 1150.5000 46
1043.4400 1150.5000 87
1031.6100 1150.5000 28
1019.7900 1150.5000 69
1007.9700 1150.5000 10
996.1430 1150.5000 51
984.3190 1150.5000 92
972.4960 1150.5000 33
960.6720 1150.5000 74
948.8480 1150.5000 15
937.0250 1150.5000 56
925.2010 1150.5000 97
913.3770 1150.5000 38
901.5540 1150.5000 79
889.7300 1150.5000 20
877.9060 1150.5000 61
866.0830 1150.5000 2
854.2590 1150.5000 43
842.4350 1150.5000 84
830.6120 1150.5000 25
818.7880 1150.5000 66
806.9640 1150.5000 7
795.1410 1150.5000 48
783.3170 1150.5000 89
771.4940 1150.5000 30
759.6700 1150.5000 71
747.8460 1150.5000 12
736.0220 1150.5000 53
724.1990 1150.5000 94
712.3750 1150.5000 35
700.5510 1150.5000 76
688.7280 1150.5000 17
676.9040 1150.5000 58
665.0810 1150.5000 99
653.2570 1150.5000 40
641.4330 1150.5000 81
629.6090 1150.5000 22
617.7860 1150.5000 63
605.9620 1150.5000 4
594.1380 1150.5000 45
582.3150 1150.5000 86
570.4910 1150.5000 27
558.6680 1150.5000 68
546.8440 1150.5000 9
535.0200 1150.5000 50
523.1960 1150.5000 91
511.3730 1150.5000 32
499.5490 1150.5000 73
487.7250 1150.5000 14
475.9020 1150.5000 55
464.0780 1150.5000 96
452.2550 1150.5000 37
440.4310 1150.5000 78
428.6070 1150.5000 19
416.7840 1150.5000 60
404.9600 1150.5000 1
393.1360 1150.5000 42
381.3130 1150.5000 83
369.4890 1150.5000 24
357.6650 1150.5000 65
345.8420 1150.5000 6
334.0180 1150.5000 47
1120.2900 1144.5900 88
1132.1100 1144.5900 29
1143.9400 1144.5900 70
1155.7600 1144.5900 11
1167.5900 1144.5900 52
1179.4100 1144.5900 93
1191.2300 1144.5900 34
1203.0600 1144.5900 75
1214.8800 1144.5900 16
1226.7000 1144.5900 57
1238.5300 1144.5900 98
1250.3500 1144.5900 39
1262.1800 1144.5900 80
1274.0000 1144.5900 21
1285.8200 1144.5900 62
1297.6500 1144.5900 3
1309.4700 1144.5900 44
1321.2900 1144.5900 85
1333.1200 1144.5900 26
1344.9400 1144.5900 67
1356.7700 1144.5900 8
1368.5900 1144.5900 49
1380.4100 1144.5900 90
1392.2400 1144.5900 31
1404.0600 1144.5900 72
1415.8800 1144.5900 13
1427.7100 1144.5900 54
1439.5300 1144.5900 95
1451.3500 1144.5900 36
1463.1800 1144.5900 77
1475.0000 1144.5900 18
1486.8200 1144.5900 59
1498.6500 1144.5900 100
1510.4700 1144.5900 41
1522.3000 1144.5900 82
1534.1200 1144.5900 23
1545.9400 1144.5900 64
1557.7700 1144.5900 5
1569.5900 1144.5900 46
1581.4100 1144.5900 87
1593.2400 1144.5900 28
1605.0600 1144.5900 69
1616.8900 1144.5900 10
1628.7100 1144.5900 51
1640.5300 1144.5900 92
1652.3600 1144.5900 33
1664.1800 1144.5900 74
1676.0000 1144.5900 15
1687.8300 1144.5900 56
1699.6500 1144.5900 97
1711.4700 1144.5900 38
1723.3000 1144.5900 79
1735.1200 1144.5900 20
1226.7000 1002.8700 61
1214.8800 1002.8700 2
1203.0600 1002.8700 43
1191.2300 1002.8700 84
1179.4100 1002.8700 25
1220.7900 996.9670 66
1232.6200 996.9670 7
1244.4400 996.9670 48
1415.8800 802.1010 89
1404.0600 802.1010 30
1392.2400 802.1010 71
1380.4100 802.1010 12
1368.5900 802.1010 53
1356.7700 802.1010 94
1344.9400 802.1010 35
1309.4700 802.1010 76
1297.6500 802.1010 17
1285.8200 802.1010 58
1274.0000 802.1010 99
1262.1800 802.1010 40
1250.3500 802.1010 81
1214.8800 802.1010 22
1203.0600 802.1010 63
1191.2300 802.1010 4
1179.4100 802.1010 45
1167.5900 802.1010 86
1132.1100 802.1010 27
1120.2900 802.1010 68
1108.4700 802.1010 9
1096.6400 802.1010 50
1084.8200 802.1010 91
1073.0000 802.1010 32
1090.7300 796.1960 73
1102.5600 796.1960 14
1114.3800 796.1960 55
1126.2000 796.1960 96
1138.0300 796.1960 37
1149.8500 796.1960 78
1161.6700 796.1960 19
1173.5000 796.1960 60
1185.3200 796.1960 1
1197.1500 796.1960 42
1220.7900 796.1960 83
1232.6200 796.1960 24
1244.4400 796.1960 65
1256.2600 796.1960 6
1268.0900 796.1960 47
1279.9100 796.1960 88
1339.0300 796.1960 29
1350.8500 796.1960 70
1362.6800 796.1960 11
1374.5000 796.1960 52
1380.4100 790.2900 93
1368.5900 790.2900 34
1356.7700 790.2900 75
1344.9400 790.2900 16
1333.1200 790.2900 57
1262.1800 790.2900 98
1250.3500 790.2900 39
1238.5300 790.2900 80
1226.7000 790.2900 21
1167.5900 790.2900 62
1155.7600 790.2900 3
1143.9400 790.2900 44
1132.1100 790.2900 85
1208.9700 784.3860 26
1220.7900 784.3860 67
1232.6200 784.3860 8
1244.4400 784.3860 49
1291.7300 784.3860 90
1303.5600 784.3860 31
1315.3800 784.3860 72
1327.2000 784.3860 13
1339.0300 784.3860 54
1350.8500 784.3860 95
1380.4100 778.4810 36
1368.5900 778.4810 77
1356.7700 778.4810 18
1262.1800 778.4810 59
1250.3500 778.4810 100
1238.5300 778.4810 41
1226.7000 778.4810 82
1179.4100 778.4810 23
1167.5900 778.4810 64
1155.7600 778.4810 5
1143.9400 778.4810 46
1132.1100 778.4810 87
1120.2900 778.4810 28
1108.4700 778.4810 69
1096.6400 778.4810 10
1084.8200 778.4810 51
1073.0000 778.4810 92
1061.1700 778.4810 33
1049.3500 778.4810 74
1037.5300 778.4810 15
1025.7000 778.4810 56
1013.8800 778.4810 97
1002.0500 778.4810 38
990.2310 778.4810 79
978.4070 778.4810 20
966.5840 778.4810 61
954.7600 778.4810 2
942.9370 778.4810 43
931.1130 778.4810 84
919.2890 778.4810 25
907.4660 778.4810 66
895.6420 778.4810 7
883.8180 778.4810 48
871.9940 778.4810 89
860.1710 778.4810 30
848.3470 778.4810 71
836.5240 778.4810 12
824.7000 778.4810 53
812.8760 778.4810 94
801.0530 778.4810 35
789.2290 778.4810 76
777.4050 778.4810 17
765.5810 778.4810 58
753.7580 778.4810 99
741.9340 778.4810 40
1173.5000 772.5760 81
1279.9100 772.5760 22
1291.7300 772.5760 63
1303.5600 772.5760 4
1315.3800 772.5760 45
1339.0300 772.5760 86
1350.8500 772.5760 27
1362.6800 772.5760 68
1374.5000 772.5760 9
1386.3200 772.5760 50
1398.1500 772.5760 91
1409.9700 772.5760 32
1321.2900 766.6700 73
1226.7000 766.6700 14
1214.8800 766.6700 55
1203.0600 766.6700 96
1090.7300 760.7650 37
1102.5600 760.7650 78
1114.3800 760.7650 19
1126.2000 760.7650 60
1138.0300 760.7650 1
1208.9700 760.7650 42
1220.7900 760.7650 83
1232.6200 760.7650 24
1256.2600 760.7650 65
1268.0900 760.7650 6
1279.9100 760.7650 47
1291.7300 760.7650 88
1350.8500 760.7650 29
1333.1200 754.8610 70
1321.2900 754.8610 11
1309.4700 754.8610 52
1214.8800 754.8610 93
1203.0600 754.8610 34
1191.2300 754.8610 75
1143.9400 754.8610 16
1138.0300 748.9550 57
1149.8500 748.9550 98
1232.6200 748.9550 39
1244.4400 748.9550 80
1368.5900 743.0500 21
1356.7700 743.0500 62
1274.0000 743.0500 3
1167.5900 731.2400 44
1155.7600 731.2400 85
1143.9400 731.2400 26
1132.1100 731.2400 67
1120.2900 731.2400 8
1108.4700 731.2400 49
1386.3200 725.3350 90
1398.1500 725.3350 31
1392.2400 719.4300 72
1380.4100 719.4300 13
1368.5900 719.4300 54
795.1410 548.1840 95
806.9640 548.1840 36
818.7880 548.1840 77
830.6120 548.1840 18
842.4350 548.1840 59
854.2590 548.1840 100
866.0830 548.1840 41
877.9060 548.1840 82
889.7300 548.1840 23
901.5540 548.1840 64
913.3770 548.1840 5
925.2010 548.1840 46
937.0250 548.1840 87
948.8480 548.1840 28
960.6720 548.1840 69
972.4960 548.1840 10
984.3190 548.1840 51
996.1430 548.1840 92
1007.9700 548.1840 33
1019.7900 548.1840 74
1031.6100 548.1840 15
1043.4400 548.1840 56
1055.2600 548.1840 97
1067.0800 548.1840 38
1078.9100 548.1840 79
1090.7300 548.1840 20
1102.5600 548.1840 61
1114.3800 548.1840 2
1126.2000 548.1840 43
1138.0300 548.1840 84
1149.8500 548.1840 25
1161.6700 548.1840 66
1173.5000 548.1840 7
1185.3200 548.1840 48
1197.1500 548.1840 89
1208.9700 548.1840 30
1220.7900 548.1840 71
1368.5900 601.3290 12
1380.4100 601.3290 53
1392.2400 601.3290 94
1404.0600 601.3290 35
1415.8800 601.3290 76
1427.7100 601.3290 17
1439.5300 601.3290 58
1451.3500 601.3290 99
1463.1800 601.3290 40
1475.0000 601.3290 81
1486.8200 601.3290 22
1498.6500 601.3290 63
1510.4700 601.3290 4
1522.3000 601.3290 45
1534.1200 601.3290 86
1545.9400 601.3290 27
1557.7700 601.3290 68
1569.5900 601.3290 9
1581.4100 601.3290 50
1593.2400 601.3290 91
1605.0600 601.3290 32
1616.8900 601.3290 73
1628.7100 601.3290 14
1640.5300 601.3290 55
1652.3600 601.3290 96
1664.1800 601.3290 37
1676.0000 601.3290 78
1687.8300 601.3290 19
1699.6500 601.3290 60
1711.4700 601.3290 1
1723.3000 601.3290 42
1735.1200 601.3290 83
1746.9500 601.3290 24
1758.7700 601.3290 65
1770.5900 601.3290 6
1782.4200 601.3290 47
1794.2400 601.3290 88
1806.0600 601.3290 29
1817.8900 601.3290 70
1829.7100 601.3290 11
1841.5400 601.3290 52
1853.3600 601.3290 93
1865.1800 601.3290 34
1877.0100 601.3290 75
1888.8300 601.3290 16
1900.6500 601.3290 57
1912.4800 601.3290 98
1924.3000 601.3290 39
1936.1200 601.3290 80
1947.9500 601.3290 21
1959.7700 601.3290 62
1971.5900 601.3290 3
1983.4200 601.3290 44
1995.2400 601.3290 85
2007.0700 601.3290 26
2018.8900 601.3290 67
2030.7100 601.3290 8
2042.5400 601.3290 49
2054.3600 601.3290 90
2066.1800 601.3290 31
2078.0100 601.3290 72
2089.8300 601.3290 13
1220.7900 536.3740 54
1208.9700 536.3740 95
1197.1500 536.3740 36
1185.3200 536.3740 77
1170.5400 1944.7300 18
1300.6000 1932.9200 59
1194.1900 1921.1100 100
1418.8400 1921.1100 41
1371.5400 1909.3000 82
1253.3100 1909.3000 23
1276.9500 1885.6800 64
1324.2500 1885.6800 5
1418.8400 1885.6800 46
1324.2500 1873.8600 87
342.8860 1519.5600 28
1418.8400 775.5280 69
1418.8400 799.1480 10
2092.7900 598.3770 51
1891.7800 2051.0200 92
1879.9600 2051.0200 33
1868.1400 2051.0200 74
1856.3100 2051.0200 15
1844.4900 2051.0200 56
1832.6700 2051.0200 97
1820.8400 2051.0200 38
1809.0200 2051.0200 79
1797.1900 2051.0200 20
1785.3700 2051.0200 61
1773.5500 2051.0200 2
1761.7200 2051.0200 43
1749.9000 2051.0200 84
910.4220 2051.0200 25
898.5980 2051.0200 66
886.7740 2051.0200 7
874.9500 2051.0200 48
863.1270 2051.0200 89
851.3030 2051.0200 30
839.4790 2051.0200 71
827.6560 2051.0200 12
815.8320 2051.0200 53
804.0090 2051.0200 94
792.1850 2051.0200 35
780.3610 2051.0200 76
768.5380 2051.0200 17
668.0370 2045.1100 58
774.4500 2045.1100 99
786.2730 2045.1100 40
798.0970 2045.1100 81
809.9200 2045.1100 22
821.7440 2045.1100 63
833.5680 2045.1100 4
845.3910 2045.1100 45
857.2150 2045.1100 86
869.0390 2045.1100 27
880.8620 2045.1100 68
892.6860 2045.1100 9
904.5100 2045.1100 50
1649.4000 2045.1100 91
1755.8100 2045.1100 32
1767.6400 2045.1100 73
1779.4600 2045.1100 14
1791.2800 2045.1100 55
1803.1100 2045.1100 96
1814.9300 2045.1100 37
1826.7500 2045.1100 78
1838.5800 2045.1100 19
1850.4000 2045.1100 60
1862.2200 2045.1100 1
1874.0500 2045.1100 42
1885.8700 2045.1100 83
1891.7800 2039.2100 24
1879.9600 2039.2100 65
1868.1400 2039.2100 6
1856.3100 2039.2100 47
1844.4900 2039.2100 88
1832.6700 2039.2100 29
1820.8400 2039.2100 70
1809.0200 2039.2100 11
1797.1900 2039.2100 52
1785.3700 2039.2100 93
1773.5500 2039.2100 34
1761.7200 2039.2100 75
1749.9000 2039.2100 16
1702.6100 2039.2100 57
1489.7800 2039.2100 98
910.4220 2039.2100 39
898.5980 2039.2100 80
886.7740 2039.2100 21
874.9500 2039.2100 62
863.1270 2039.2100 3
851.3030 2039.2100 44
839.4790 2039.2100 85
827.6560 2039.2100 26
815.8320 2039.2100 67
804.0090 2039.2100 8
792.1850 2039.2100 49
780.3610 2039.2100 90
768.5380 2039.2100 31
721.2430 2039.2100 72
508.4170 2039.2100 13
561.6240 2033.3000 54
774.4500 2033.3000 95
786.2730 2033.3000 36
798.0970 2033.3000 77
809.9200 2033.3000 18
821.7440 2033.3000 59
833.5680 2033.3000 100
845.3910 2033.3000 41
857.2150 2033.3000 82
869.0390 2033.3000 23
880.8620 2033.3000 64
892.6860 2033.3000 5
904.5100 2033.3000 46
1542.9900 2033.3000 87
1755.8100 2033.3000 28
1767.6400 2033.3000 69
1779.4600 2033.3000 10
1791.2800 2033.3000 51
1803.1100 2033.3000 92
1814.9300 2033.3000 33
1826.7500 2033.3000 74
1838.5800 2033.3000 15
1850.4000 2033.3000 56
1862.2200 2033.3000 97
1874.0500 2033.3000 38
1885.8700 2033.3000 79
1891.7800 2027.4000 20
1879.9600 2027.4000 61
1868.1400 2027.4000 2
1856.3100 2027.4000 43
1844.4900 2027.4000 84
1832.6700 2027.4000 25
1820.8400 2027.4000 66
1809.0200 2027.4000 7
1797.1900 2027.4000 48
1785.3700 2027.4000 89
1773.5500 2027.4000 30
1761.7200 2027.4000 71
1749.9000 2027.4000 12
1596.1900 2027.4000 53
910.4220 2027.4000 94
898.5980 2027.4000 35
886.7740 2027.4000 76
874.9500 2027.4000 17
863.1270 2027.4000 58
851.3030 2027.4000 99
839.4790 2027.4000 40
827.6560 2027.4000 81
815.8320 2027.4000 22
804.0090 2027.4000 63
792.1850 2027.4000 4
780.3610 2027.4000 45
768.5380 2027.4000 86
614.8300 2027.4000 27
768.5380 173.2150 68
780.3610 173.2150 9
792.1850 173.2150 50
804.0090 173.2150 91
815.8320 173.2150 32
827.6560 173.2150 73
839.4790 173.2150 14
851.3030 173.2150 55
863.1270 173.2150 96
874.9500 173.2150 37
886.7740 173.2150 78
898.5980 173.2150 19
910.4220 173.2150 60
1749.9000 173.2150 1
1761.7200 173.2150 42
1773.5500 173.2150 83
1785.3700 173.2150 24
1797.1900 173.2150 65
1809.0200 173.2150 6
1820.8400 173.2150 47
1832.6700 173.2150 88
1844.4900 173.2150 29
1856.3100 173.2150 70
1868.1400 173.2150 11
1879.9600 173.2150 52
1891.7800 173.2150 93
1885.8700 167.3100 34
1874.0500 167.3100 75
1862.2200 167.3100 16
1850.4000 167.3100 57
1838.5800 167.3100 98
1826.7500 167.3100 39
1814.9300 167.3100 80
1803.1100 167.3100 21
1791.2800 167.3100 62
1779.4600 167.3100 3
1767.6400 167.3100 44
1755.8100 167.3100 85
904.5100 167.3100 26
892.6860 167.3100 67
880.8620 167.3100 8
869.0390 167.3100 49
857.2150 167.3100 90
845.3910 167.3100 31
833.5680 167.3100 72
821.7440 167.3100 13
809.9200 167.3100 54
798.0970 167.3100 95
786.2730 167.3100 36
774.4500 167.3100 77
668.0370 167.3090 18
1649.4000 167.3090 59
1891.7800 161.4050 100
1879.9600 161.4050 41
1868.1400 161.4050 82
1856.3100 161.4050 23
1844.4900 161.4050 64
1832.6700 161.4050 5
1820.8400 161.4050 46
1809.0200 161.4050 87
1797.1900 161.4050 28
1785.3700 161.4050 69
1773.5500 161.4050 10
1761.7200 161.4050 51
1749.9000 161.4050 92
910.4220 161.4050 33
898.5980 161.4050 74
886.7740 161.4050 15
874.9500 161.4050 56
863.1270 161.4050 97
851.3030 161.4050 38
839.4790 161.4050 79
827.6560 161.4050 20
815.8320 161.4050 61
804.0090 161.4050 2
792.1850 161.4050 43
780.3610 161.4050 84
768.5380 161.4050 25
508.4170 161.4040 66
721.2430 161.4040 7
1489.7800 161.4040 48
1702.6100 161.4040 89
1885.8700 155.5000 30
1874.0500 155.5000 71
1862.2200 155.5000 12
1850.4000 155.5000 53
1838.5800 155.5000 94
1826.7500 155.5000 35
1814.9300 155.5000 76
1803.1100 155.5000 17
1791.2800 155.5000 58
1779.4600 155.5000 99
1767.6400 155.5000 40
1755.8100 155.5000 81
904.5100 155.5000 22
892.6860 155.5000 63
880.8620 155.5000 4
869.0390 155.5000 45
857.2150 155.5000 86
845.3910 155.5000 27
833.5680 155.5000 68
821.7440 155.5000 9
809.9200 155.5000 50
798.0970 155.5000 91
786.2730 155.5000 32
774.4500 155.5000 73
561.6240 155.4990 14
1542.9900 155.4990 55
1891.7800 149.5950 96
1879.9600 149.5950 37
1868.1400 149.5950 78
1856.3100 149.5950 19
1844.4900 149.5950 60
1832.6700 149.5950 1
1820.8400 149.5950 42
1809.0200 149.5950 83
1797.1900 149.5950 24
1785.3700 149.5950 65
1773.5500 149.5950 6
1761.7200 149.5950 47
1749.9000 149.5950 88
910.4220 149.5950 29
898.5980 149.5950 70
886.7740 149.5950 11
874.9500 149.5950 52
863.1270 149.5950 93
851.3030 149.5950 34
839.4790 149.5950 75
827.6560 149.5950 16
815.8320 149.5950 57
804.0090 149.5950 98
792.1850 149.5950 39
780.3610 149.5950 80
768.5380 149.5950 21
614.8300 149.5940 62
1596.1900 149.5940 3
1882.9200 2048.0600 44
1871.0900 2048.0600 85
1859.2700 2048.0600 26
1847.4500 2048.0600 67
1835.6200 2048.0600 8
1823.8000 2048.0600 49
1811.9700 2048.0600 90
1800.1500 2048.0600 31
1788.3300 2048.0600 72
1776.5000 2048.0600 13
1764.6800 2048.0600 54
1752.8600 2048.0600 95
1729.2100 2048.0600 36
1717.3900 2048.0600 77
1670.0900 2048.0600 18
1658.2700 2048.0600 59
1646.4400 2048.0600 100
1634.6200 2048.0600 41
1610.9700 2048.0600 82
1599.1500 2048.0600 23
1563.6800 2048.0600 64
1551.8500 2048.0600 5
1540.0300 2048.0600 46
1528.2100 2048.0600 87
1516.3800 2048.0600 28
1504.5600 2048.0600 69
1492.7400 2048.0600 10
901.5540 2048.0600 51
889.7300 2048.0600 92
877.9060 2048.0600 33
866.0830 2048.0600 74
854.2590 2048.0600 15
842.4350 2048.0600 56
830.6120 2048.0600 97
818.7880 2048.0600 38
806.9640 2048.0600 79
795.1410 2048.0600 20
783.3170 2048.0600 61
771.4940 2048.0600 2
747.8460 2048.0600 43
736.0220 2048.0600 84
688.7280 2048.0600 25
676.9040 2048.0600 66
665.0810 2048.0600 7
653.2570 2048.0600 48
629.6090 2048.0600 89
617.7860 2048.0600 30
582.3150 2048.0600 71
570.4910 2048.0600 12
558.6680 2048.0600 53
546.8440 2048.0600 94
535.0200 2048.0600 35
523.1960 2048.0600 76
511.3730 2048.0600 17
517.2850 2042.1600 58
529.1080 2042.1600 99
576.4030 2042.1600 40
588.2270 2042.1600 81
600.0500 2042.1600 22
623.6980 2042.1600 63
635.5210 2042.1600 4
647.3450 2042.1600 45
706.4630 2042.1600 86
718.2870 2042.1600 27
777.4050 2042.1600 68
789.2290 2042.1600 9
801.0530 2042.1600 50
812.8760 2042.1600 91
824.7000 2042.1600 32
836.5240 2042.1600 73
848.3470 2042.1600 14
860.1710 2042.1600 55
871.9940 2042.1600 96
883.8180 2042.1600 37
895.6420 2042.1600 78
907.4660 2042.1600 19
1498.6500 2042.1600 60
1510.4700 2042.1600 1
1557.7700 2042.1600 42
1569.5900 2042.1600 83
1581.4100 2042.1600 24
1605.0600 2042.1600 65
1616.8900 2042.1600 6
1628.7100 2042.1600 47
1687.8300 2042.1600 88
1699.6500 2042.1600 29
1758.7700 2042.1600 70
1770.5900 2042.1600 11
1782.4200 2042.1600 52
1794.2400 2042.1600 93
1806.0600 2042.1600 34
1817.8900 2042.1600 75
1829.7100 2042.1600 16
1841.5300 2042.1600 57
1853.3600 2042.1600 98
1865.1800 2042.1600 39
1877.0100 2042.1600 80
1888.8300 2042.1600 21
1882.9200 2036.2500 62
1871.0900 2036.2500 3
1859.2700 2036.2500 44
1847.4500 2036.2500 85
1835.6200 2036.2500 26
1823.8000 2036.2500 67
1811.9700 2036.2500 8
1800.1500 2036.2500 49
1788.3300 2036.2500 90
1776.5000 2036.2500 31
1764.6800 2036.2500 72
1752.8600 2036.2500 13
1705.5600 2036.2500 54
1693.7400 2036.2500 95
1681.9200 2036.2500 36
1658.2700 2036.2500 77
1646.4400 2036.2500 18
1634.6200 2036.2500 59
1551.8500 2036.2500 100
1540.0300 2036.2500 41
1528.2100 2036.2500 82
1504.5600 2036.2500 23
901.5540 2036.2500 64
889.7300 2036.2500 5
877.9060 2036.2500 46
866.0830 2036.2500 87
854.2590 2036.2500 28
842.4350 2036.2500 69
830.6120 2036.2500 10
818.7880 2036.2500 51
806.9640 2036.2500 92
795.1410 2036.2500 33
783.3170 2036.2500 74
771.4940 2036.2500 15
724.1990 2036.2500 56
712.3750 2036.2500 97
700.5510 2036.2500 38
676.9040 2036.2500 79
665.0810 2036.2500 20
653.2570 2036.2500 61
570.4910 2036.2500 2
558.6680 2036.2500 43
546.8440 2036.2500 84
523.1960 2036.2500 25
505.4610 2030.3500 66
517.2850 2030.3500 7
529.1080 2030.3500 48
540.9320 2030.3500 89
552.7560 2030.3500 30
576.4030 2030.3500 71
588.2270 2030.3500 12
600.0500 2030.3500 53
611.8740 2030.3500 94
623.6980 2030.3500 35
635.5210 2030.3500 76
647.3450 2030.3500 17
659.1690 2030.3500 58
694.6400 2030.3500 99
706.4630 2030.3500 40
718.2870 2030.3500 81
730.1110 2030.3500 22
741.9340 2030.3500 63
777.4050 2030.3500 4
789.2290 2030.3500 45
801.0530 2030.3500 86
812.8760 2030.3500 27
824.7000 2030.3500 68
836.5240 2030.3500 9
848.3470 2030.3500 50
860.1710 2030.3500 91
871.9940 2030.3500 32
883.8180 2030.3500 73
895.6420 2030.3500 14
907.4660 2030.3500 55
1486.8200 2030.3500 96
1498.6500 2030.3500 37
1510.4700 2030.3500 78
1522.3000 2030.3500 19
1534.1200 2030.3500 60
1557.7700 2030.3500 1
1569.5900 2030.3500 42
1581.4100 2030.3500 83
1593.2400 2030.3500 24
1605.0600 2030.3500 65
1616.8900 2030.3500 6
1628.7100 2030.3500 47
1640.5300 2030.3500 88
1676.0000 2030.3500 29
1687.8300 2030.3500 70
1699.6500 2030.3500 11
1711.4700 2030.3500 52
1723.3000 2030.3500 93
1758.7700 2030.3500 34
1770.5900 2030.3500 75
1782.4200 2030.3500 16
1794.2400 2030.3500 57
1806.0600 2030.3500 98
1817.8900 2030.3500 39
1829.7100 2030.3500 80
1841.5300 2030.3500 21
1853.3600 2030.3500 62
1865.1800 2030.3500 3
1877.0100 2030.3500 44
1888.8300 2030.3500 85
1882.9200 170.2620 26
1871.0900 170.2620 67
1859.2700 170.2620 8
1847.4500 170.2620 49
1835.6200 170.2620 90
1823.8000 170.2620 31
1811.9700 170.2620 72
1800.1500 170.2620 13
1788.3300 170.2620 54
1776.5000 170.2620 95
1764.6800 170.2620 36
1752.8600 170.2620 77
901.5540 170.2620 18
889.7300 170.2620 59
877.9060 170.2620 100
866.0830 170.2620 41
854.2590 170.2620 82
842.4350 170.2620 23
830.6120 170.2620 64
818.7880 170.2620 5
806.9640 170.2620 46
795.1410 170.2620 87
783.3170 170.2620 28
771.4940 170.2620 69
511.3730 170.2610 10
523.1960 170.2610 51
535.0200 170.2610 92
546.8440 170.2610 33
558.6680 170.2610 74
570.4910 170.2610 15
582.3150 170.2610 56
617.7860 170.2610 97
629.6090 170.2610 38
653.2570 170.2610 79
665.0810 170.2610 20
676.9040 170.2610 61
688.7280 170.2610 2
736.0220 170.2610 43
747.8460 170.2610 84
1492.7400 170.2610 25
1504.5600 170.2610 66
1516.3800 170.2610 7
1528.2100 170.2610 48
1540.0300 170.2610 89
1551.8500 170.2610 30
1563.6800 170.2610 71
1599.1500 170.2610 12
1610.9700 170.2610 53
1634.6200 170.2610 94
1646.4400 170.2610 35
1658.2700 170.2610 76
1670.0900 170.2610 17
1717.3900 170.2610 58
1729.2100 170.2610 99
1888.8300 164.3570 40
1877.0100 164.3570 81
1865.1800 164.3570 22
1853.3600 164.3570 63
1841.5300 164.3570 4
1829.7100 164.3570 45
1817.8900 164.3570 86
1806.0600 164.3570 27
1794.2400 164.3570 68
1782.4200 164.3570 9
1770.5900 164.3570 50
1758.7700 164.3570 91
907.4660 164.3570 32
895.6420 164.3570 73
883.8180 164.3570 14
871.9940 164.3570 55
860.1710 164.3570 96
848.3470 164.3570 37
836.5240 164.3570 78
824.7000 164.3570 19
812.8760 164.3570 60
801.0530 164.3570 1
789.2290 164.3570 42
777.4050 164.3570 83
517.2850 164.3570 24
529.1080 164.3570 65
576.4030 164.3570 6
588.2270 164.3570 47
600.0500 164.3570 88
623.6980 164.3570 29
635.5210 164.3570 70
647.3450 164.3570 11
706.4630 164.3570 52
718.2870 164.3570 93
1498.6500 164.3570 34
1510.4700 164.3570 75
1557.7700 164.3570 16
1569.5900 164.3570 57
1581.4100 164.3570 98
1605.0600 164.3570 39
1616.8900 164.3570 80
1628.7100 164.3570 21
1687.8300 164.3570 62
1699.6500 164.3570 3
1882.9200 158.4520 44
1871.0900 158.4520 85
1859.2700 158.4520 26
1847.4500 158.4520 67
1835.6200 158.4520 8
1823.8000 158.4520 49
1811.9700 158.4520 90
1800.1500 158.4520 31
1788.3300 158.4520 72
1776.5000 158.4520 13
1764.6800 158.4520 54
1752.8600 158.4520 95
901.5540 158.4520 36
889.7300 158.4520 77
877.9060 158.4520 18
866.0830 158.4520 59
854.2590 158.4520 100
842.4350 158.4520 41
830.6120 158.4520 82
818.7880 158.4520 23
806.9640 158.4520 64
795.1410 158.4520 5
783.3170 158.4520 46
771.4940 158.4520 87
523.1960 158.4510 28
546.8440 158.4510 69
558.6680 158.4510 10
570.4910 158.4510 51
653.2570 158.4510 92
665.0810 158.4510 33
676.9040 158.4510 74
700.5510 158.4510 15
712.3750 158.4510 56
724.1990 158.4510 97
1504.5600 158.4510 38
1528.2100 158.4510 79
1540.0300 158.4510 20
1551.8500 158.4510 61
1634.6200 158.4510 2
1646.4400 158.4510 43
1658.2700 158.4510 84
1681.9200 158.4510 25
1693.7400 158.4510 66
1705.5600 158.4510 7
1888.8300 152.5470 48
1877.0100 152.5470 89
1865.1800 152.5470 30
1853.3600 152.5470 71
1841.5300 152.5470 12
1829.7100 152.5470 53
1817.8900 152.5470 94
1806.0600 152.5470 35
1794.2400 152.5470 76
1782.4200 152.5470 17
1770.5900 152.5470 58
1758.7700 152.5470 99
907.4660 152.5470 40
895.6420 152.5470 81
883.8180 152.5470 22
871.9940 152.5470 63
860.1710 152.5470 4
848.3470 152.5470 45
836.5240 152.5470 86
824.7000 152.5470 27
812.8760 152.5470 68
801.0530 152.5470 9
789.2290 152.5470 50
777.4050 152.5470 91
505.4610 152.5460 32
517.2850 152.5460 73
529.1080 152.5460 14
540.9320 152.5460 55
552.7560 152.5460 96
576.4030 152.5460 37
588.2270 152.5460 78
600.0500 152.5460 19
611.8740 152.5460 60
623.6980 152.5460 1
635.5210 152.5460 42
647.3450 152.5460 83
659.1690 152.5460 24
694.6400 152.5460 65
706.4630 152.5460 6
718.2870 152.5460 47
730.1110 152.5460 88
741.9340 152.5460 29
1486.8200 152.5460 70
1498.6500 152.5460 11
1510.4700 152.5460 52
1522.3000 152.5460 93
1534.1200 152.5460 34
1557.7700 152.5460 75
1569.5900 152.5460 16
1581.4100 152.5460 57
1593.2400 152.5460 98
1605.0600 152.5460 39
1616.8900 152.5460 80
1628.7100 152.5460 21
1640.5300 152.5460 62
1676.0000 152.5460 3
1687.8300 152.5460 44
1699.6500 152.5460 85
1711.4700 152.5460 26
1723.3000 152.5460 67
1888.8300 2048.0600 8
1877.0100 2048.0600 49
1865.1800 2048.0600 90
1853.3600 2048.0600 31
1841.5300 2048.0600 72
1829.7100 2048.0600 13
1817.8900 2048.0600 54
1806.0600 2048.0600 95
1794.2400 2048.0600 36
1782.4200 2048.0600 77
1770.5900 2048.0600 18
1758.7700 2048.0600 59
1723.3000 2048.0600 100
1711.4700 2048.0600 41
1664.1800 2048.0600 82
1640.5300 2048.0600 23
1616.8900 2048.0600 64
1605.0600 2048.0600 5
1569.5900 2048.0600 46
1557.7700 2048.0600 87
1534.1200 2048.0600 28
1522.3000 2048.0600 69
1510.4700 2048.0600 10
1498.6500 2048.0600 51
907.4660 2048.0600 92
895.6420 2048.0600 33
883.8180 2048.0600 74
871.9940 2048.0600 15
860.1710 2048.0600 56
848.3470 2048.0600 97
836.5240 2048.0600 38
824.7000 2048.0600 79
812.8760 2048.0600 20
801.0530 2048.0600 61
789.2290 2048.0600 2
777.4050 2048.0600 43
741.9340 2048.0600 84
730.1110 2048.0600 25
682.8160 2048.0600 66
659.1690 2048.0600 7
635.5210 2048.0600 48
623.6980 2048.0600 89
588.2270 2048.0600 30
576.4030 2048.0600 71
552.7560 2048.0600 12
540.9320 2048.0600 53
529.1080 2048.0600 94
517.2850 2048.0600 35
511.3730 2042.1600 76
523.1960 2042.1600 17
570.4910 2042.1600 58
582.3150 2042.1600 99
594.1380 2042.1600 40
629.6090 2042.1600 81
641.4330 2042.1600 22
700.5510 2042.1600 63
712.3750 2042.1600 4
771.4940 2042.1600 45
783.3170 2042.1600 86
795.1410 2042.1600 27
806.9640 2042.1600 68
818.7880 2042.1600 9
830.6120 2042.1600 50
842.4350 2042.1600 91
854.2590 2042.1600 32
866.0830 2042.1600 73
877.9060 2042.1600 14
889.7300 2042.1600 55
901.5540 2042.1600 96
1492.7400 2042.1600 37
1504.5600 2042.1600 78
1551.8500 2042.1600 19
1563.6800 2042.1600 60
1575.5000 2042.1600 1
1610.9700 2042.1600 42
1622.8000 2042.1600 83
1681.9200 2042.1600 24
1693.7400 2042.1600 65
1752.8600 2042.1600 6
1764.6800 2042.1600 47
1776.5000 2042.1600 88
1788.3300 2042.1600 29
1800.1500 2042.1600 70
1811.9700 2042.1600 11
1823.8000 2042.1600 52
1835.6200 2042.1600 93
1847.4500 2042.1600 34
1859.2700 2042.1600 75
1871.0900 2042.1600 16
1882.9200 2042.1600 57
1888.8300 2036.2500 98
1877.0100 2036.2500 39
1865.1800 2036.2500 80
1853.3600 2036.2500 21
1841.5300 2036.2500 62
1829.7100 2036.2500 3
1817.8900 2036.2500 44
1806.0600 2036.2500 85
1794.2400 2036.2500 26
1782.4200 2036.2500 67
1770.5900 2036.2500 8
1758.7700 2036.2500 49
1711.4700 2036.2500 90
1699.6500 2036.2500 31
1687.8300 2036.2500 72
1652.3600 2036.2500 13
1640.5300 2036.2500 54
1557.7700 2036.2500 95
1545.9400 2036.2500 36
1534.1200 2036.2500 77
1498.6500 2036.2500 18
907.4660 2036.2500 59
895.6420 2036.2500 100
883.8180 2036.2500 41
871.9940 2036.2500 82
860.1710 2036.2500 23
848.3470 2036.2500 64
836.5240 2036.2500 5
824.7000 2036.2500 46
812.8760 2036.2500 87
801.0530 2036.2500 28
789.2290 2036.2500 69
777.4050 2036.2500 10
730.1110 2036.2500 51
718.2870 2036.2500 92
706.4630 2036.2500 33
670.9920 2036.2500 74
659.1690 2036.2500 15
576.4030 2036.2500 56
564.5790 2036.2500 97
552.7560 2036.2500 38
517.2850 2036.2500 79
511.3730 2030.3500 20
523.1960 2030.3500 61
546.8440 2030.3500 2
558.6680 2030.3500 43
582.3150 2030.3500 84
605.9620 2030.3500 25
629.6090 2030.3500 66
653.2570 2030.3500 7
665.0810 2030.3500 48
688.7280 2030.3500 89
700.5510 2030.3500 30
712.3750 2030.3500 71
724.1990 2030.3500 12
736.0220 2030.3500 53
747.8460 2030.3500 94
771.4940 2030.3500 35
783.3170 2030.3500 76
795.1410 2030.3500 17
806.9640 2030.3500 58
818.7880 2030.3500 99
830.6120 2030.3500 40
842.4350 2030.3500 81
854.2590 2030.3500 22
866.0830 2030.3500 63
877.9060 2030.3500 4
889.7300 2030.3500 45
901.5540 2030.3500 86
1492.7400 2030.3500 27
1504.5600 2030.3500 68
1528.2100 2030.3500 9
1540.0300 2030.3500 50
1563.6800 2030.3500 91
1587.3300 2030.3500 32
1610.9700 2030.3500 73
1634.6200 2030.3500 14
1646.4400 2030.3500 55
1670.0900 2030.3500 96
1681.9200 2030.3500 37
1693.7400 2030.3500 78
1705.5600 2030.3500 19
1717.3900 2030.3500 60
1729.2100 2030.3500 1
1752.8600 2030.3500 42
1764.6800 2030.3500 83
1776.5000 2030.3500 24
1788.3300 2030.3500 65
1800.1500 2030.3500 6
1811.9700 2030.3500 47
1823.8000 2030.3500 88
1835.6200 2030.3500 29
1847.4500 2030.3500 70
1859.2700 2030.3500 11
1871.0900 2030.3500 52
1882.9200 2030.3500 93
1888.8300 170.2620 34
1877.0100 170.2620 75
1865.1800 170.2620 16
1853.3600 170.2620 57
1841.5300 170.2620 98
1829.7100 170.2620 39
1817.8900 170.2620 80
1806.0600 170.2620 21
1794.2400 170.2620 62
1782.4200 170.2620 3
1770.5900 170.2620 44
1758.7700 170.2620 85
907.4660 170.2620 26
895.6420 170.2620 67
883.8180 170.2620 8
871.9940 170.2620 49
860.1710 170.2620 90
848.3470 170.2620 31
836.5240 170.2620 72
824.7000 170.2620 13
812.8760 170.2620 54
801.0530 170.2620 95
789.2290 170.2620 36
777.4050 170.2620 77
517.2850 170.2610 18
529.1080 170.2610 59
540.9320 170.2610 100
552.7560 170.2610 41
576.4030 170.2610 82
588.2270 170.2610 23
623.6980 170.2610 64
635.5210 170.2610 5
659.1690 170.2610 46
682.8160 170.2610 87
730.1110 170.2610 28
741.9340 170.2610 69
1498.6500 170.2610 10
1510.4700 170.2610 51
1522.3000 170.2610 92
1534.1200 170.2610 33
1557.7700 170.2610 74
1569.5900 170.2610 15
1605.0600 170.2610 56
1616.8900 170.2610 97
1640.5300 170.2610 38
1664.1800 170.2610 79
1711.4700 170.2610 20
1723.3000 170.2610 61
1882.9200 164.3570 2
1871.0900 164.3570 43
1859.2700 164.3570 84
1847.4500 164.3570 25
1835.6200 164.3570 66
1823.8000 164.3570 7
1811.9700 164.3570 48
1800.1500 164.3570 89
1788.3300 164.3570 30
1776.5000 164.3570 71
1764.6800 164.3570 12
1752.8600 164.3570 53
901.5540 164.3570 94
889.7300 164.3570 35
877.9060 164.3570 76
866.0830 164.3570 17
854.2590 164.3570 58
842.4350 164.3570 99
830.6120 164.3570 40
818.7880 164.3570 81
806.9640 164.3570 22
795.1410 164.3570 63
783.3170 164.3570 4
771.4940 164.3570 45
511.3730 164.3570 86
523.1960 164.3570 27
570.4910 164.3570 68
582.3150 164.3570 9
594.1380 164.3570 50
629.6090 164.3570 91
641.4330 164.3570 32
700.5510 164.3570 73
712.3750 164.3570 14
1492.7400 164.3570 55
1504.5600 164.3570 96
1551.8500 164.3570 37
1563.6800 164.3570 78
1575.5000 164.3570 19
1610.9700 164.3570 60
1622.8000 164.3570 1
1681.9200 164.3570 42
1693.7400 164.3570 83
1888.8300 158.4520 24
1877.0100 158.4520 65
1865.1800 158.4520 6
1853.3600 158.4520 47
1841.5300 158.4520 88
1829.7100 158.4520 29
1817.8900 158.4520 70
1806.0600 158.4520 11
1794.2400 158.4520 52
1782.4200 158.4520 93
1770.5900 158.4520 34
1758.7700 158.4520 75
907.4660 158.4520 16
895.6420 158.4520 57
883.8180 158.4520 98
871.9940 158.4520 39
860.1710 158.4520 80
848.3470 158.4520 21
836.5240 158.4520 62
824.7000 158.4520 3
812.8760 158.4520 44
801.0530 158.4520 85
789.2290 158.4520 26
777.4050 158.4520 67
517.2850 158.4510 8
552.7560 158.4510 49
564.5790 158.4510 90
576.4030 158.4510 31
659.1690 158.4510 72
670.9920 158.4510 13
706.4630 158.4510 54
718.2870 158.4510 95
730.1110 158.4510 36
1498.6500 158.4510 77
1534.1200 158.4510 18
1545.9400 158.4510 59
1557.7700 158.4510 100
1640.5300 158.4510 41
1652.3600 158.4510 82
1687.8300 158.4510 23
1699.6500 158.4510 64
1711.4700 158.4510 5
1882.9200 152.5470 46
1871.0900 152.5470 87
1859.2700 152.5470 28
1847.4500 152.5470 69
1835.6200 152.5470 10
1823.8000 152.5470 51
1811.9700 152.5470 92
1800.1500 152.5470 33
1788.3300 152.5470 74
1776.5000 152.5470 15
1764.6800 152.5470 56
1752.8600 152.5470 97
901.5540 152.5470 38
889.7300 152.5470 79
877.9060 152.5470 20
866.0830 152.5470 61
854.2590 152.5470 2
842.4350 152.5470 43
830.6120 152.5470 84
818.7880 152.5470 25
806.9640 152.5470 66
795.1410 152.5470 7
783.3170 152.5470 48
771.4940 152.5470 89
511.3730 152.5460 30
523.1960 152.5460 71
546.8440 152.5460 12
558.6680 152.5460 53
582.3150 152.5460 94
605.9620 152.5460 35
629.6090 152.5460 76
653.2570 152.5460 17
665.0810 152.5460 58
688.7280 152.5460 99
700.5510 152.5460 40
712.3750 152.5460 81
724.1990 152.5460 22
736.0220 152.5460 63
747.8460 152.5460 4
1492.7400 152.5460 45
1504.5600 152.5460 86
1528.2100 152.5460 27
1540.0300 152.5460 68
1563.6800 152.5460 9
1587.3300 152.5460 50
1610.9700 152.5460 91
1634.6200 152.5460 32
1646.4400 152.5460 73
1670.0900 152.5460 14
1681.9200 152.5460 55
1693.7400 152.5460 96
1705.5600 152.5460 37
1717.3900 152.5460 78
1729.2100 152.5460 19
1885.8700 2051.0200 60
1874.0500 2051.0200 1
1862.2200 2051.0200 42
1850.4000 2051.0200 83
1838.5800 2051.0200 24
1826.7500 2051.0200 65
1814.9300 2051.0200 6
1803.1100 2051.0200 47
1791.2800 2051.0200 88
1779.4600 2051.0200 29
1767.6400 2051.0200 70
1755.8100 2051.0200 11
904.5100 2051.0200 52
892.6860 2051.0200 93
880.8620 2051.0200 34
869.0390 2051.0200 75
857.2150 2051.0200 16
845.3910 2051.0200 57
833.5680 2051.0200 98
821.7440 2051.0200 39
809.9200 2051.0200 80
798.0970 2051.0200 21
786.2730 2051.0200 62
774.4500 2051.0200 3
768.5380 2045.1100 44
780.3610 2045.1100 85
792.1850 2045.1100 26
804.0090 2045.1100 67
815.8320 2045.1100 8
827.6560 2045.1100 49
839.4790 2045.1100 90
851.3030 2045.1100 31
863.1270 2045.1100 72
874.9500 2045.1100 13
886.7740 2045.1100 54
898.5980 2045.1100 95
910.4220 2045.1100 36
1749.9000 2045.1100 77
1761.7200 2045.1100 18
1773.5500 2045.1100 59
1785.3700 2045.1100 100
1797.1900 2045.1100 41
1809.0200 2045.1100 82
1820.8400 2045.1100 23
1832.6700 2045.1100 64
1844.4900 2045.1100 5
1856.3100 2045.1100 46
1868.1400 2045.1100 87
1879.9600 2045.1100 28
1891.7800 2045.1100 69
1885.8700 2039.2100 10
1874.0500 2039.2100 51
1862.2200 2039.2100 92
1850.4000 2039.2100 33
1838.5800 2039.2100 74
1826.7500 2039.2100 15
1814.9300 2039.2100 56
1803.1100 2039.2100 97
1791.2800 2039.2100 38
1779.4600 2039.2100 79
1767.6400 2039.2100 20
1755.8100 2039.2100 61
904.5100 2039.2100 2
892.6860 2039.2100 43
880.8620 2039.2100 84
869.0390 2039.2100 25
857.2150 2039.2100 66
845.3910 2039.2100 7
833.5680 2039.2100 48
821.7440 2039.2100 89
809.9200 2039.2100 30
798.0970 2039.2100 71
786.2730 2039.2100 12
774.4500 2039.2100 53
768.5380 2033.3000 94
780.3610 2033.3000 35
792.1850 2033.3000 76
804.0090 2033.3000 17
815.8320 2033.3000 58
827.6560 2033.3000 99
839.4790 2033.3000 40
851.3030 2033.3000 81
863.1270 2033.3000 22
874.9500 2033.3000 63
886.7740 2033.3000 4
898.5980 2033.3000 45
910.4220 2033.3000 86
1749.9000 2033.3000 27
1761.7200 2033.3000 68
1773.5500 2033.3000 9
1785.3700 2033.3000 50
1797.1900 2033.3000 91
1809.0200 2033.3000 32
1820.8400 2033.3000 73
1832.6700 2033.3000 14
1844.4900 2033.3000 55
1856.3100 2033.3000 96
1868.1400 2033.3000 37
1879.9600 2033.3000 78
1891.7800 2033.3000 19
1885.8700 2027.4000 60
1874.0500 2027.4000 1
1862.2200 2027.4000 42
1850.4000 2027.4000 83
1838.5800 2027.4000 24
1826.7500 2027.4000 65
1814.9300 2027.4000 6
1803.1100 2027.4000 47
1791.2800 2027.4000 88
1779.4600 2027.4000 29
1767.6400 2027.4000 70
1755.8100 2027.4000 11
904.5100 2027.4000 52
892.6860 2027.4000 93
880.8620 2027.4000 34
869.0390 2027.4000 75
857.2150 2027.4000 16
845.3910 2027.4000 57
833.5680 2027.4000 98
821.7440 2027.4000 39
809.9200 2027.4000 80
798.0970 2027.4000 21
786.2730 2027.4000 62
774.4500 2027.4000 3
774.4500 173.2150 44
786.2730 173.2150 85
798.0970 173.2150 26
809.9200 173.2150 67
821.7440 173.2150 8
833.5680 173.2150 49
845.3910 173.2150 90
857.2150 173.2150 31
869.0390 173.2150 72
880.8620 173.2150 13
892.6860 173.2150 54
904.5100 173.2150 95
1755.8100 173.2150 36
1767.6400 173.2150 77
1779.4600 173.2150 18
1791.2800 173.2150 59
1803.1100 173.2150 100
1814.9300 173.2150 41
1826.7500 173.2150 82
1838.5800 173.2150 23
1850.4000 173.2150 64
1862.2200 173.2150 5
1874.0500 173.2150 46
1885.8700 173.2150 87
1891.7800 167.3100 28
1879.9600 167.3100 69
1868.1400 167.3100 10
1856.3100 167.3100 51
1844.4900 167.3100 92
1832.6700 167.3100 33
1820.8400 167.3100 74
1809.0200 167.3100 15
1797.1900 167.3100 56
1785.3700 167.3100 97
1773.5500 167.3100 38
1761.7200 167.3100 79
1749.9000 167.3100 20
910.4220 167.3100 61
898.5980 167.3100 2
886.7740 167.3100 43
874.9500 167.3100 84
863.1270 167.3100 25
851.3030 167.3100 66
839.4790 167.3100 7
827.6560 167.3100 48
815.8320 167.3100 89
804.0090 167.3100 30
792.1850 167.3100 71
780.3610 167.3100 12
768.5380 167.3100 53
774.4500 161.4050 94
786.2730 161.4050 35
798.0970 161.4050 76
809.9200 161.4050 17
821.7440 161.4050 58
833.5680 161.4050 99
845.3910 161.4050 40
857.2150 161.4050 81
869.0390 161.4050 22
880.8620 161.4050 63
892.6860 161.4050 4
904.5100 161.4050 45
1755.8100 161.4050 86
1767.6400 161.4050 27
1779.4600 161.4050 68
1791.2800 161.4050 9
1803.1100 161.4050 50
1814.9300 161.4050 91
1826.7500 161.4050 32
1838.5800 161.4050 73
1850.4000 161.4050 14
1862.2200 161.4050 55
1874.0500 161.4050 96
1885.8700 161.4050 37
1891.7800 155.5000 78
1879.9600 155.5000 19
1868.1400 155.5000 60
1856.3100 155.5000 1
1844.4900 155.5000 42
1832.6700 155.5000 83
1820.8400 155.5000 24
1809.0200 155.5000 65
1797.1900 155.5000 6
1785.3700 155.5000 47
1773.5500 155.5000 88
1761.7200 155.5000 29
1749.9000 155.5000 70
910.4220 155.5000 11
898.5980 155.5000 52
886.7740 155.5000 93
874.9500 155.5000 34
863.1270 155.5000 75
851.3030 155.5000 16
839.4790 155.5000 57
827.6560 155.5000 98
815.8320 155.5000 39
804.0090 155.5000 80
792.1850 155.5000 21
780.3610 155.5000 62
768.5380 155.5000 3
774.4500 149.5950 44
786.2730 149.5950 85
798.0970 149.5950 26
809.9200 149.5950 67
821.7440 149.5950 8
833.5680 149.5950 49
845.3910 149.5950 90
857.2150 149.5950 31
869.0390 149.5950 72
880.8620 149.5950 13
892.6860 149.5950 54
904.5100 149.5950 95
1755.8100 149.5950 36
1767.6400 149.5950 77
1779.4600 149.5950 18
1791.2800 149.5950 59
1803.1100 149.5950 100
1814.9300 149.5950 41
1826.7500 149.5950 82
1838.5800 149.5950 23
1850.4000 149.5950 64
1862.2200 149.5950 5
1874.0500 149.5950 46
1885.8700 149.5950 87
0.0000 0.0000 28
2104.6100 1968.3500 0