n 2393 
m 2 
tmax 94508
1639.0000 2156.0000 0
1875.0000 2925.0000 15
2150.0000 2925.0000 56
2425.0000 2925.0000 97
2525.0000 2675.0000 38
2525.0000 2575.0000 79
2525.0000 2375.0000 20
2525.0000 2275.0000 61
2525.0000 2175.0000 2
2786.0000 2148.0000 43
2786.0000 2249.0000 84
2786.0000 2352.0000 25
2785.0000 2451.0000 66
2785.0000 2552.0000 7
2787.0000 2651.0000 48
2925.0000 2925.0000 89
3198.0000 2925.0000 30
3475.0000 2925.0000 71
3725.0000 2925.0000 12
3675.0000 2675.0000 53
3675.0000 2575.0000 94
3675.0000 2375.0000 35
3675.0000 2275.0000 76
3675.0000 2175.0000 17
4189.0000 2156.0000 58
4190.0000 2256.0000 99
4190.0000 2355.0000 40
4189.0000 2456.0000 81
4189.0000 2556.0000 22
4190.0000 2656.0000 63
4275.0000 2975.0000 4
4425.0000 2925.0000 45
4700.0000 2925.0000 86
4975.0000 2925.0000 27
5075.0000 2675.0000 68
5075.0000 2575.0000 9
5075.0000 2375.0000 50
5075.0000 2275.0000 91
5075.0000 2175.0000 32
5336.0000 2148.0000 73
5336.0000 2249.0000 14
5336.0000 2352.0000 55
5335.0000 2451.0000 96
5335.0000 2552.0000 37
5337.0000 2651.0000 78
5475.0000 2925.0000 19
5748.0000 2925.0000 60
6025.0000 2925.0000 1
6275.0000 2925.0000 42
6225.0000 2675.0000 83
6225.0000 2575.0000 24
6225.0000 2375.0000 65
6225.0000 2275.0000 6
6225.0000 2175.0000 47
6739.0000 2156.0000 88
6740.0000 2256.0000 29
6740.0000 2355.0000 70
6739.0000 2456.0000 11
6739.0000 2556.0000 52
6740.0000 2656.0000 93
6825.0000 2975.0000 34
6975.0000 2925.0000 75
7250.0000 2925.0000 16
7525.0000 2925.0000 57
7625.0000 2675.0000 98
7625.0000 2575.0000 39
7625.0000 2375.0000 80
7625.0000 2275.0000 21
7625.0000 2175.0000 62
7886.0000 2148.0000 3
7886.0000 2249.0000 44
7886.0000 2352.0000 85
7885.0000 2451.0000 26
7885.0000 2552.0000 67
7887.0000 2651.0000 8
8025.0000 2925.0000 49
8298.0000 2925.0000 90
8575.0000 2925.0000 31
8825.0000 2925.0000 72
8775.0000 2675.0000 13
8775.0000 2575.0000 54
8775.0000 2375.0000 95
8775.0000 2275.0000 36
8775.0000 2175.0000 77
9289.0000 2156.0000 18
9290.0000 2256.0000 59
9290.0000 2355.0000 100
9289.0000 2456.0000 41
9289.0000 2556.0000 82
9290.0000 2656.0000 23
9375.0000 2975.0000 64
9525.0000 2925.0000 5
9800.0000 2925.0000 46
10075.0000 2925.0000 87
10175.0000 2675.0000 28
10175.0000 2575.0000 69
10175.0000 2375.0000 10
10175.0000 2275.0000 51
10175.0000 2175.0000 92
10436.0000 2148.0000 33
10436.0000 2249.0000 74
10436.0000 2352.0000 15
10435.0000 2451.0000 56
10435.0000 2552.0000 97
10437.0000 2651.0000 38
10575.0000 2925.0000 79
10848.0000 2925.0000 20
11125.0000 2925.0000 61
11325.0000 2175.0000 2
11325.0000 2275.0000 43
11325.0000 2375.0000 84
11325.0000 2575.0000 25
11325.0000 2675.0000 66
11375.0000 2925.0000 7
11375.0000 3125.0000 48
11400.0000 3225.0000 89
11400.0000 3325.0000 30
11400.0000 3475.0000 71
11400.0000 3625.0000 12
11300.0000 3825.0000 53
11125.0000 3825.0000 94
11125.0000 3925.0000 35
11025.0000 3975.0000 76
10925.0000 3975.0000 17
10925.0000 3875.0000 58
10550.0000 3925.0000 99
10550.0000 3725.0000 40
10550.0000 3325.0000 81
10100.0000 3325.0000 22
10100.0000 3725.0000 63
10100.0000 3925.0000 4
9725.0000 3875.0000 45
9725.0000 3975.0000 86
9625.0000 3975.0000 27
9550.0000 3875.0000 68
9425.0000 3875.0000 9
9275.0000 3900.0000 50
9250.0000 3700.0000 91
9250.0000 3575.0000 32
9250.0000 3475.0000 73
9250.0000 3375.0000 14
9250.0000 3275.0000 55
8825.0000 3125.0000 96
8850.0000 3225.0000 37
8850.0000 3325.0000 78
8850.0000 3475.0000 19
8850.0000 3625.0000 60
8750.0000 3825.0000 1
8575.0000 3825.0000 42
8575.0000 3925.0000 83
8475.0000 3975.0000 24
8375.0000 3875.0000 65
8375.0000 3975.0000 6
8400.0000 4125.0000 47
8300.0000 4175.0000 88
8400.0000 4275.0000 29
8500.0000 4175.0000 70
8675.0000 4325.0000 11
8775.0000 4425.0000 52
8825.0000 4325.0000 93
9275.0000 4275.0000 34
9375.0000 4275.0000 75
9325.0000 4375.0000 16
9400.0000 4450.0000 57
9400.0000 4550.0000 98
9325.0000 4500.0000 39
9215.0000 4560.0000 80
9215.0000 4710.0000 21
9375.0000 4775.0000 62
9215.0000 4860.0000 3
9215.0000 5010.0000 44
9215.0000 5160.0000 85
9215.0000 5310.0000 26
9215.0000 5460.0000 67
9215.0000 5610.0000 8
9475.0000 5675.0000 49
9475.0000 5525.0000 90
9475.0000 5425.0000 31
9475.0000 5275.0000 72
9475.0000 5025.0000 13
9575.0000 5075.0000 54
9725.0000 5075.0000 95
9675.0000 4975.0000 36
9575.0000 4925.0000 77
9525.0000 4775.0000 18
9600.0000 4675.0000 59
9625.0000 4775.0000 100
9775.0000 4775.0000 41
9975.0000 4600.0000 82
9875.0000 4600.0000 23
9800.0000 4525.0000 64
9700.0000 4525.0000 5
9700.0000 4425.0000 46
9800.0000 4425.0000 87
9800.0000 4325.0000 28
9700.0000 4275.0000 69
9600.0000 4175.0000 10
9700.0000 4125.0000 51
9800.0000 4175.0000 92
9875.0000 4275.0000 33
9975.0000 4275.0000 74
10075.0000 4175.0000 15
10275.0000 4175.0000 56
10375.0000 4175.0000 97
10575.0000 4175.0000 38
10675.0000 4275.0000 79
10775.0000 4275.0000 20
10850.0000 4325.0000 61
10850.0000 4425.0000 2
10850.0000 4525.0000 43
10775.0000 4575.0000 84
10675.0000 4575.0000 25
10875.0000 4775.0000 66
11025.0000 4775.0000 7
11175.0000 4725.0000 48
11050.0000 4675.0000 89
10950.0000 4500.0000 30
10950.0000 4400.0000 71
10950.0000 4275.0000 12
10850.0000 4175.0000 53
10950.0000 4125.0000 94
11050.0000 4175.0000 35
11225.0000 4325.0000 76
11375.0000 4325.0000 17
11325.0000 4425.0000 58
11325.0000 4575.0000 99
11325.0000 4675.0000 40
11325.0000 4775.0000 81
11325.0000 4925.0000 22
11450.0000 4925.0000 63
11450.0000 5075.0000 4
11422.0000 5204.0000 45
11425.0000 5325.0000 86
11325.0000 5275.0000 27
11325.0000 5375.0000 68
11175.0000 5375.0000 9
11175.0000 5275.0000 50
11125.0000 5175.0000 91
11100.0000 5025.0000 32
10975.0000 4975.0000 73
10925.0000 5075.0000 14
10950.0000 5175.0000 55
10900.0000 5275.0000 96
10900.0000 5375.0000 37
10800.0000 5175.0000 78
10525.0000 5175.0000 19
10325.0000 5175.0000 60
10325.0000 5025.0000 1
10425.0000 5075.0000 42
10475.0000 4975.0000 83
10325.0000 4875.0000 24
10175.0000 4975.0000 65
10225.0000 5075.0000 6
10125.0000 5175.0000 47
9975.0000 5175.0000 88
10050.0000 5250.0000 29
10050.0000 5350.0000 70
10025.0000 5450.0000 11
10175.0000 5450.0000 52
10325.0000 5450.0000 93
10475.0000 5450.0000 34
10575.0000 5450.0000 75
10675.0000 5450.0000 16
10525.0000 6025.0000 57
10525.0000 6125.0000 98
10675.0000 6125.0000 39
10825.0000 6025.0000 80
11025.0000 6050.0000 21
11224.0000 5908.0000 62
11400.0000 5975.0000 3
11400.0000 6375.0000 44
11400.0000 6575.0000 85
11175.0000 6575.0000 26
11025.0000 6450.0000 67
10975.0000 6675.0000 8
11075.0000 6775.0000 49
10975.0000 6875.0000 90
11175.0000 6975.0000 31
11375.0000 6975.0000 72
11325.0000 7075.0000 13
11400.0000 7150.0000 54
11125.0000 7150.0000 95
10975.0000 7150.0000 36
10875.0000 7325.0000 77
10925.0000 7425.0000 18
11075.0000 7425.0000 59
11175.0000 7475.0000 100
11075.0000 7575.0000 41
11175.0000 7625.0000 82
11175.0000 7725.0000 23
11025.0000 7725.0000 64
11025.0000 7825.0000 5
11175.0000 7825.0000 46
11325.0000 7875.0000 87
11425.0000 7925.0000 28
11425.0000 8075.0000 69
11325.0000 8075.0000 10
11275.0000 8175.0000 51
11425.0000 8225.0000 92
11425.0000 8375.0000 33
11275.0000 8325.0000 74
11175.0000 8325.0000 15
11075.0000 8225.0000 56
10975.0000 8225.0000 97
10925.0000 7975.0000 38
10775.0000 7825.0000 79
10825.0000 7600.0000 20
10725.0000 7575.0000 61
10775.0000 7425.0000 2
10675.0000 7425.0000 43
10525.0000 7425.0000 84
10525.0000 7575.0000 25
10450.0000 7750.0000 66
10300.0000 7750.0000 7
10425.0000 7875.0000 48
10525.0000 7925.0000 89
10575.0000 7825.0000 30
10625.0000 7975.0000 71
10725.0000 7975.0000 12
10725.0000 8075.0000 53
10625.0000 8125.0000 94
10525.0000 8075.0000 35
10425.0000 8025.0000 76
10425.0000 8125.0000 17
10250.0000 8225.0000 58
10150.0000 8225.0000 99
10225.0000 8125.0000 40
10275.0000 7975.0000 81
10125.0000 7975.0000 22
10000.0000 7875.0000 63
10000.0000 7775.0000 4
9825.0000 7825.0000 45
9625.0000 7725.0000 86
9475.0000 7725.0000 27
9425.0000 7625.0000 68
9575.0000 7625.0000 9
9625.0000 7475.0000 50
9725.0000 7575.0000 91
9825.0000 7475.0000 32
10025.0000 7525.0000 73
9975.0000 7425.0000 14
9925.0000 7275.0000 55
9825.0000 7075.0000 96
9625.0000 7075.0000 37
9725.0000 6975.0000 78
9875.0000 6775.0000 19
9725.0000 6775.0000 60
9575.0000 6825.0000 1
9575.0000 6675.0000 42
9725.0000 6425.0000 83
9625.0000 6200.0000 24
9725.0000 6025.0000 65
9625.0000 6000.0000 6
9225.0000 6375.0000 47
9225.0000 6525.0000 88
9375.0000 6525.0000 29
9375.0000 6675.0000 70
9225.0000 6675.0000 11
9225.0000 6875.0000 52
9225.0000 7075.0000 93
9226.0000 7259.0000 34
9225.0000 7260.0000 75
9226.0000 7409.0000 16
9225.0000 7410.0000 57
9225.0000 7560.0000 98
9226.0000 7560.0000 39
9225.0000 7710.0000 80
9225.0000 7711.0000 21
9325.0000 7825.0000 62
9225.0000 7875.0000 3
9225.0000 7975.0000 44
9225.0000 8075.0000 85
9225.0000 8175.0000 26
9225.0000 8275.0000 67
9225.0000 8375.0000 8
9225.0000 8475.0000 49
9275.0000 8825.0000 90
9475.0000 8825.0000 31
9578.0000 8820.0000 72
9847.0000 8703.0000 13
9875.0000 8825.0000 54
10025.0000 8725.0000 95
10075.0000 8825.0000 36
10175.0000 8725.0000 77
10100.0000 8575.0000 18
10250.0000 8375.0000 59
10250.0000 8475.0000 100
10250.0000 8625.0000 41
10475.0000 8775.0000 82
10575.0000 8775.0000 23
10675.0000 8775.0000 64
10775.0000 8775.0000 5
10925.0000 8775.0000 46
10875.0000 8625.0000 87
10875.0000 8525.0000 28
10975.0000 8575.0000 69
11175.0000 8475.0000 10
11275.0000 8425.0000 51
11350.0000 8575.0000 92
11450.0000 8675.0000 33
11350.0000 8775.0000 74
11325.0000 9325.0000 15
11325.0000 9425.0000 56
11325.0000 9525.0000 97
11325.0000 9725.0000 38
11325.0000 9825.0000 79
11125.0000 10075.0000 20
11375.0000 10075.0000 61
11375.0000 10275.0000 2
11400.0000 10375.0000 43
11400.0000 10475.0000 84
11400.0000 10625.0000 25
11400.0000 10775.0000 66
11300.0000 10975.0000 7
11125.0000 10975.0000 48
11125.0000 11075.0000 89
11025.0000 11125.0000 30
10925.0000 11125.0000 71
10925.0000 11025.0000 12
10550.0000 10875.0000 53
10550.0000 11075.0000 94
10275.0000 11325.0000 35
10375.0000 11325.0000 76
10575.0000 11325.0000 17
10675.0000 11425.0000 58
10775.0000 11425.0000 99
10850.0000 11475.0000 40
10850.0000 11575.0000 81
10850.0000 11675.0000 22
10775.0000 11725.0000 63
10675.0000 11725.0000 4
10875.0000 11925.0000 45
11025.0000 11925.0000 86
11175.0000 11875.0000 27
11050.0000 11825.0000 68
10950.0000 11650.0000 9
10950.0000 11550.0000 50
10950.0000 11425.0000 91
10850.0000 11325.0000 32
10950.0000 11275.0000 73
11050.0000 11325.0000 14
11225.0000 11475.0000 55
11375.0000 11475.0000 96
11325.0000 11575.0000 37
11325.0000 11725.0000 78
11325.0000 11825.0000 19
11325.0000 11925.0000 60
11325.0000 12075.0000 1
11450.0000 12075.0000 42
11450.0000 12225.0000 83
11422.0000 12354.0000 24
11425.0000 12475.0000 65
11325.0000 12425.0000 6
11325.0000 12525.0000 47
11175.0000 12525.0000 88
11175.0000 12425.0000 29
11125.0000 12325.0000 70
11100.0000 12175.0000 11
10975.0000 12125.0000 52
10925.0000 12225.0000 93
10950.0000 12325.0000 34
10900.0000 12425.0000 75
10900.0000 12525.0000 16
10800.0000 12325.0000 57
10525.0000 12325.0000 98
10425.0000 12225.0000 39
10475.0000 12125.0000 80
10325.0000 12025.0000 21
10175.0000 12125.0000 62
10225.0000 12225.0000 3
10325.0000 12175.0000 44
10325.0000 12325.0000 85
10125.0000 12325.0000 26
9975.0000 12325.0000 67
10050.0000 12400.0000 8
10050.0000 12500.0000 49
10025.0000 12600.0000 90
10175.0000 12600.0000 31
10325.0000 12600.0000 72
10475.0000 12600.0000 13
10575.0000 12600.0000 54
10675.0000 12600.0000 95
10525.0000 13175.0000 36
10525.0000 13275.0000 77
10675.0000 13275.0000 18
10825.0000 13175.0000 59
11025.0000 13200.0000 100
11224.0000 13058.0000 41
11400.0000 13125.0000 82
11400.0000 13525.0000 23
11400.0000 13725.0000 64
11175.0000 13725.0000 5
11025.0000 13600.0000 46
10975.0000 13825.0000 87
11075.0000 13925.0000 28
10975.0000 14025.0000 69
11175.0000 14125.0000 10
11375.0000 14125.0000 51
11325.0000 14225.0000 92
11400.0000 14300.0000 33
11125.0000 14300.0000 74
10975.0000 14300.0000 15
10875.0000 14475.0000 56
10925.0000 14575.0000 97
10825.0000 14750.0000 38
10725.0000 14725.0000 79
10775.0000 14575.0000 20
10675.0000 14575.0000 61
10525.0000 14575.0000 2
10525.0000 14725.0000 43
10450.0000 14900.0000 84
10300.0000 14900.0000 25
10425.0000 15025.0000 66
10425.0000 15175.0000 7
10425.0000 15275.0000 48
10525.0000 15225.0000 89
10625.0000 15275.0000 30
10725.0000 15225.0000 71
10725.0000 15125.0000 12
10625.0000 15125.0000 53
10525.0000 15075.0000 94
10575.0000 14975.0000 35
10775.0000 14975.0000 76
10925.0000 15125.0000 17
11025.0000 14975.0000 58
11025.0000 14875.0000 99
11075.0000 14725.0000 40
11075.0000 14575.0000 81
11175.0000 14625.0000 22
11175.0000 14775.0000 63
11175.0000 14875.0000 4
11175.0000 14975.0000 45
11325.0000 15025.0000 86
11425.0000 15075.0000 27
11425.0000 15225.0000 68
11325.0000 15225.0000 9
11275.0000 15325.0000 50
11425.0000 15375.0000 91
11425.0000 15525.0000 32
11350.0000 15725.0000 73
11450.0000 15825.0000 14
11350.0000 15925.0000 55
11175.0000 15625.0000 96
11275.0000 15575.0000 37
11275.0000 15475.0000 78
11175.0000 15475.0000 19
11075.0000 15375.0000 60
10975.0000 15375.0000 1
10875.0000 15675.0000 42
10975.0000 15725.0000 83
10875.0000 15775.0000 24
10925.0000 15925.0000 65
10775.0000 15925.0000 6
10675.0000 15925.0000 47
10575.0000 15925.0000 88
10475.0000 15925.0000 29
10250.0000 15775.0000 70
10175.0000 15875.0000 11
10075.0000 15975.0000 52
9875.0000 15975.0000 93
9847.0000 15853.0000 34
10025.0000 15875.0000 75
10100.0000 15725.0000 16
10250.0000 15625.0000 57
10250.0000 15525.0000 98
10250.0000 15375.0000 39
10150.0000 15375.0000 80
10225.0000 15275.0000 21
10275.0000 15125.0000 62
10125.0000 15125.0000 3
10000.0000 15025.0000 44
10000.0000 14925.0000 85
9825.0000 14975.0000 26
9625.0000 14875.0000 67
9475.0000 14875.0000 8
9425.0000 14775.0000 49
9575.0000 14775.0000 90
9625.0000 14625.0000 31
9725.0000 14725.0000 72
9825.0000 14625.0000 13
10025.0000 14675.0000 54
9975.0000 14575.0000 95
9925.0000 14425.0000 36
9825.0000 14225.0000 77
9625.0000 14225.0000 18
9725.0000 14125.0000 59
9875.0000 13925.0000 100
9725.0000 13925.0000 41
9575.0000 13975.0000 82
9575.0000 13825.0000 23
9725.0000 13575.0000 64
9625.0000 13350.0000 5
9725.0000 13175.0000 46
9625.0000 13150.0000 87
9225.0000 13525.0000 28
9225.0000 13675.0000 69
9375.0000 13675.0000 10
9375.0000 13825.0000 51
9225.0000 13825.0000 92
9225.0000 14025.0000 33
9225.0000 14225.0000 74
9226.0000 14409.0000 15
9225.0000 14410.0000 56
9226.0000 14559.0000 97
9225.0000 14560.0000 38
9225.0000 14710.0000 79
9226.0000 14710.0000 20
9225.0000 14860.0000 61
9225.0000 14861.0000 2
9325.0000 14975.0000 43
9225.0000 15025.0000 84
9225.0000 15125.0000 25
9225.0000 15225.0000 66
9225.0000 15325.0000 7
9225.0000 15425.0000 48
9225.0000 15525.0000 89
9225.0000 15625.0000 30
9578.0000 15970.0000 71
9475.0000 15975.0000 12
9275.0000 15975.0000 53
8900.0000 15825.0000 94
8800.0000 15925.0000 35
8800.0000 15725.0000 76
8725.0000 15575.0000 17
8625.0000 15625.0000 58
8425.0000 15725.0000 99
8325.0000 15675.0000 40
8325.0000 15775.0000 81
8375.0000 15925.0000 22
8225.0000 15925.0000 63
8125.0000 15925.0000 4
8025.0000 15925.0000 45
7925.0000 15925.0000 86
7700.0000 15775.0000 27
7700.0000 15625.0000 68
7700.0000 15525.0000 9
7550.0000 15725.0000 50
7625.0000 15875.0000 91
7525.0000 15975.0000 32
7475.0000 15875.0000 73
7325.0000 15975.0000 14
7297.0000 15853.0000 55
7028.0000 15970.0000 96
6925.0000 15975.0000 37
6725.0000 15975.0000 78
6675.0000 15625.0000 19
6675.0000 15525.0000 60
6675.0000 15425.0000 1
6675.0000 15325.0000 42
6675.0000 15225.0000 83
6675.0000 15125.0000 24
6675.0000 15025.0000 65
6775.0000 14975.0000 6
6675.0000 14861.0000 47
6675.0000 14860.0000 88
6676.0000 14710.0000 29
6675.0000 14710.0000 70
6675.0000 14560.0000 11
6676.0000 14559.0000 52
6675.0000 14410.0000 93
6676.0000 14409.0000 34
6675.0000 14225.0000 75
6675.0000 14025.0000 16
6675.0000 13825.0000 57
6825.0000 13825.0000 98
6825.0000 13675.0000 39
6675.0000 13675.0000 80
6675.0000 13525.0000 21
7075.0000 13150.0000 62
7175.0000 13175.0000 3
7075.0000 13350.0000 44
7175.0000 13575.0000 85
7025.0000 13825.0000 26
7025.0000 13975.0000 67
7175.0000 13925.0000 8
7325.0000 13925.0000 49
7175.0000 14125.0000 90
7075.0000 14225.0000 31
7275.0000 14225.0000 72
7375.0000 14425.0000 13
7425.0000 14575.0000 54
7475.0000 14675.0000 95
7275.0000 14625.0000 36
7175.0000 14725.0000 77
7075.0000 14625.0000 18
7025.0000 14775.0000 59
6875.0000 14775.0000 100
6925.0000 14875.0000 41
7075.0000 14875.0000 82
7275.0000 14975.0000 23
7450.0000 14925.0000 64
7450.0000 15025.0000 5
7575.0000 15125.0000 46
7725.0000 15125.0000 87
7675.0000 15275.0000 28
7600.0000 15375.0000 69
7700.0000 15375.0000 10
7875.0000 15275.0000 51
7875.0000 15175.0000 92
7975.0000 15225.0000 33
8075.0000 15275.0000 74
8175.0000 15225.0000 15
8175.0000 15125.0000 56
8075.0000 15125.0000 97
8025.0000 14975.0000 38
7975.0000 15075.0000 79
7875.0000 15025.0000 20
7750.0000 14900.0000 61
7900.0000 14900.0000 2
7975.0000 14725.0000 43
7975.0000 14575.0000 84
8125.0000 14575.0000 25
8225.0000 14575.0000 66
8175.0000 14725.0000 7
8275.0000 14750.0000 48
8225.0000 14975.0000 89
8375.0000 15125.0000 30
8425.0000 15375.0000 71
8525.0000 15375.0000 12
8625.0000 15475.0000 53
8725.0000 15475.0000 94
8875.0000 15525.0000 35
8875.0000 15375.0000 76
8725.0000 15325.0000 17
8775.0000 15225.0000 58
8875.0000 15225.0000 99
8875.0000 15075.0000 40
8775.0000 15025.0000 81
8625.0000 14975.0000 22
8475.0000 14975.0000 63
8475.0000 14875.0000 4
8625.0000 14875.0000 45
8625.0000 14775.0000 86
8525.0000 14725.0000 27
8625.0000 14625.0000 68
8525.0000 14575.0000 9
8375.0000 14575.0000 50
8325.0000 14475.0000 91
8425.0000 14300.0000 32
8575.0000 14300.0000 73
8850.0000 14300.0000 14
8775.0000 14225.0000 55
8825.0000 14125.0000 96
8625.0000 14125.0000 37
8425.0000 14025.0000 78
8525.0000 13925.0000 19
8425.0000 13825.0000 60
8475.0000 13600.0000 1
8625.0000 13725.0000 42
8850.0000 13725.0000 83
8850.0000 13525.0000 24
8850.0000 13125.0000 65
8674.0000 13058.0000 6
8475.0000 13200.0000 47
8275.0000 13175.0000 88
8125.0000 13275.0000 29
7975.0000 13275.0000 70
7975.0000 13175.0000 11
8125.0000 12600.0000 52
8025.0000 12600.0000 93
7925.0000 12600.0000 34
7775.0000 12600.0000 75
7625.0000 12600.0000 16
7475.0000 12600.0000 57
7500.0000 12500.0000 98
7500.0000 12400.0000 39
7425.0000 12325.0000 80
7575.0000 12325.0000 21
7675.0000 12225.0000 62
7625.0000 12125.0000 3
7775.0000 12025.0000 44
7925.0000 12125.0000 85
7875.0000 12225.0000 26
7775.0000 12175.0000 67
7775.0000 12325.0000 8
7975.0000 12325.0000 49
8250.0000 12325.0000 90
8350.0000 12525.0000 31
8350.0000 12425.0000 72
8400.0000 12325.0000 13
8375.0000 12225.0000 54
8425.0000 12125.0000 95
8550.0000 12175.0000 36
8575.0000 12325.0000 77
8625.0000 12425.0000 18
8625.0000 12525.0000 59
8775.0000 12525.0000 100
8775.0000 12425.0000 41
8875.0000 12475.0000 82
8872.0000 12354.0000 23
8900.0000 12225.0000 64
8900.0000 12075.0000 5
8775.0000 12075.0000 46
8775.0000 11925.0000 87
8775.0000 11825.0000 28
8775.0000 11725.0000 69
8775.0000 11575.0000 10
8825.0000 11475.0000 51
8675.0000 11475.0000 92
8500.0000 11325.0000 33
8400.0000 11275.0000 74
8300.0000 11325.0000 15
8400.0000 11425.0000 56
8400.0000 11550.0000 97
8400.0000 11650.0000 38
8500.0000 11825.0000 79
8625.0000 11875.0000 20
8475.0000 11925.0000 61
8325.0000 11925.0000 2
8125.0000 11725.0000 43
8225.0000 11725.0000 84
8300.0000 11675.0000 25
8300.0000 11575.0000 66
8300.0000 11475.0000 7
8225.0000 11425.0000 48
8125.0000 11425.0000 89
8025.0000 11325.0000 30
7825.0000 11325.0000 71
7725.0000 11325.0000 12
7525.0000 11325.0000 53
7425.0000 11425.0000 94
7325.0000 11425.0000 35
7250.0000 11325.0000 76
7150.0000 11275.0000 17
7050.0000 11325.0000 58
7150.0000 11425.0000 99
7250.0000 11475.0000 40
7250.0000 11575.0000 81
7150.0000 11575.0000 22
7150.0000 11675.0000 63
7250.0000 11675.0000 4
7325.0000 11750.0000 45
7425.0000 11750.0000 86
7225.0000 11925.0000 27
7075.0000 11925.0000 68
7050.0000 11825.0000 9
6975.0000 11925.0000 50
7025.0000 12075.0000 91
7125.0000 12125.0000 32
7175.0000 12225.0000 73
7025.0000 12225.0000 14
6925.0000 12175.0000 55
6925.0000 12425.0000 96
6925.0000 12575.0000 37
6925.0000 12675.0000 78
6925.0000 12825.0000 19
6665.0000 12760.0000 60
6665.0000 12610.0000 1
6665.0000 12460.0000 42
6665.0000 12310.0000 83
6665.0000 12160.0000 24
6665.0000 12010.0000 65
6825.0000 11925.0000 6
6665.0000 11860.0000 47
6665.0000 11710.0000 88
6775.0000 11650.0000 29
6850.0000 11700.0000 70
6850.0000 11600.0000 11
6775.0000 11525.0000 52
6825.0000 11425.0000 93
6725.0000 11425.0000 34
6275.0000 11475.0000 75
6225.0000 11575.0000 16
6125.0000 11475.0000 57
5950.0000 11325.0000 98
5850.0000 11425.0000 39
5750.0000 11325.0000 80
5850.0000 11275.0000 21
5825.0000 11125.0000 62
5825.0000 11025.0000 3
5925.0000 11125.0000 44
6025.0000 11075.0000 85
6025.0000 10975.0000 26
6200.0000 10975.0000 67
6300.0000 10775.0000 8
6300.0000 10625.0000 49
6300.0000 10475.0000 90
6300.0000 10375.0000 31
6275.0000 10275.0000 72
6700.0000 10425.0000 13
6700.0000 10525.0000 54
6700.0000 10625.0000 95
6700.0000 10725.0000 36
6700.0000 10850.0000 77
6725.0000 11050.0000 18
6875.0000 11025.0000 59
7000.0000 11025.0000 100
7075.0000 11125.0000 41
7175.0000 11125.0000 82
7175.0000 11025.0000 23
7550.0000 11075.0000 64
7550.0000 10875.0000 5
7550.0000 10475.0000 46
8000.0000 10475.0000 87
8000.0000 10875.0000 28
8000.0000 11075.0000 69
8375.0000 11025.0000 10
8375.0000 11125.0000 51
8475.0000 11125.0000 92
8575.0000 11075.0000 33
8575.0000 10975.0000 74
8750.0000 10975.0000 15
8850.0000 10775.0000 56
8850.0000 10625.0000 97
8850.0000 10475.0000 38
8850.0000 10375.0000 79
8825.0000 10275.0000 20
9250.0000 10425.0000 61
9250.0000 10525.0000 2
9250.0000 10625.0000 43
9250.0000 10725.0000 84
9250.0000 10850.0000 25
9275.0000 11050.0000 66
9425.0000 11025.0000 7
9550.0000 11025.0000 48
9625.0000 11125.0000 89
9725.0000 11025.0000 30
9725.0000 11125.0000 71
9700.0000 11275.0000 12
9800.0000 11325.0000 53
9700.0000 11425.0000 94
9600.0000 11325.0000 35
9375.0000 11425.0000 76
9275.0000 11425.0000 17
9325.0000 11525.0000 58
9400.0000 11600.0000 99
9400.0000 11700.0000 40
9325.0000 11650.0000 81
9215.0000 11710.0000 22
9215.0000 11860.0000 63
9375.0000 11925.0000 4
9215.0000 12010.0000 45
9215.0000 12160.0000 86
9215.0000 12310.0000 27
9215.0000 12460.0000 68
9215.0000 12610.0000 9
9215.0000 12760.0000 50
9475.0000 12825.0000 91
9475.0000 12675.0000 32
9475.0000 12575.0000 73
9475.0000 12425.0000 14
9475.0000 12175.0000 55
9575.0000 12225.0000 96
9725.0000 12225.0000 37
9675.0000 12125.0000 78
9575.0000 12075.0000 19
9525.0000 11925.0000 60
9600.0000 11825.0000 1
9625.0000 11925.0000 42
9775.0000 11925.0000 83
9975.0000 11750.0000 24
9875.0000 11750.0000 65
9800.0000 11675.0000 6
9700.0000 11675.0000 47
9700.0000 11575.0000 88
9800.0000 11575.0000 29
9800.0000 11475.0000 70
9875.0000 11425.0000 11
9975.0000 11425.0000 52
10075.0000 11325.0000 93
10100.0000 11075.0000 34
10100.0000 10875.0000 75
10100.0000 10475.0000 16
10550.0000 10475.0000 57
10848.0000 10075.0000 98
10575.0000 10075.0000 39
10437.0000 9801.0000 80
10435.0000 9702.0000 21
10435.0000 9601.0000 62
10436.0000 9502.0000 3
10436.0000 9399.0000 44
10436.0000 9298.0000 85
10175.0000 9325.0000 26
10175.0000 9425.0000 67
10175.0000 9525.0000 8
10175.0000 9725.0000 49
10175.0000 9825.0000 90
10075.0000 10075.0000 31
9800.0000 10075.0000 72
9525.0000 10075.0000 13
9375.0000 10125.0000 54
9290.0000 9806.0000 95
9289.0000 9706.0000 36
9289.0000 9606.0000 77
9290.0000 9505.0000 18
9290.0000 9406.0000 59
9289.0000 9306.0000 100
8775.0000 9325.0000 41
8775.0000 9425.0000 82
8775.0000 9525.0000 23
8775.0000 9725.0000 64
8775.0000 9825.0000 5
8825.0000 10075.0000 46
8575.0000 10075.0000 87
8298.0000 10075.0000 28
8025.0000 10075.0000 69
7887.0000 9801.0000 10
7885.0000 9702.0000 51
7885.0000 9601.0000 92
7886.0000 9502.0000 33
7886.0000 9399.0000 74
7886.0000 9298.0000 15
7625.0000 9325.0000 56
7625.0000 9425.0000 97
7625.0000 9525.0000 38
7625.0000 9725.0000 79
7625.0000 9825.0000 20
7525.0000 10075.0000 61
7250.0000 10075.0000 2
6975.0000 10075.0000 43
6825.0000 10125.0000 84
6740.0000 9806.0000 25
6739.0000 9706.0000 66
6739.0000 9606.0000 7
6740.0000 9505.0000 48
6740.0000 9406.0000 89
6739.0000 9306.0000 30
7028.0000 8820.0000 71
6925.0000 8825.0000 12
6725.0000 8825.0000 53
6675.0000 8475.0000 94
6675.0000 8375.0000 35
6675.0000 8275.0000 76
6675.0000 8175.0000 17
6675.0000 8075.0000 58
6675.0000 7975.0000 99
6675.0000 7875.0000 40
6775.0000 7825.0000 81
6675.0000 7711.0000 22
6675.0000 7710.0000 63
6676.0000 7560.0000 4
6675.0000 7560.0000 45
6675.0000 7410.0000 86
6676.0000 7409.0000 27
6675.0000 7260.0000 68
6676.0000 7259.0000 9
6675.0000 7075.0000 50
6675.0000 6875.0000 91
6675.0000 6675.0000 32
6825.0000 6675.0000 73
6825.0000 6525.0000 14
6675.0000 6525.0000 55
6675.0000 6375.0000 96
7075.0000 6000.0000 37
7175.0000 6025.0000 78
7075.0000 6200.0000 19
7175.0000 6425.0000 60
7025.0000 6675.0000 1
7025.0000 6825.0000 42
7175.0000 6775.0000 83
7325.0000 6775.0000 24
7175.0000 6975.0000 65
7075.0000 7075.0000 6
7275.0000 7075.0000 47
7375.0000 7275.0000 88
7425.0000 7425.0000 29
7475.0000 7525.0000 70
7275.0000 7475.0000 11
7175.0000 7575.0000 52
7075.0000 7475.0000 93
7025.0000 7625.0000 34
6875.0000 7625.0000 75
6925.0000 7725.0000 16
7075.0000 7725.0000 57
7275.0000 7825.0000 98
7450.0000 7775.0000 39
7450.0000 7875.0000 80
7575.0000 7975.0000 21
7725.0000 7975.0000 62
7675.0000 8125.0000 3
7600.0000 8225.0000 44
7700.0000 8225.0000 85
7700.0000 8375.0000 26
7700.0000 8475.0000 67
7550.0000 8575.0000 8
7475.0000 8725.0000 49
7297.0000 8703.0000 90
7325.0000 8825.0000 31
7525.0000 8825.0000 72
7625.0000 8725.0000 13
7700.0000 8625.0000 54
7925.0000 8775.0000 95
8025.0000 8775.0000 36
8125.0000 8775.0000 77
8225.0000 8775.0000 18
8375.0000 8775.0000 59
8325.0000 8625.0000 100
8425.0000 8575.0000 41
8325.0000 8525.0000 82
8425.0000 8225.0000 23
8525.0000 8225.0000 64
8625.0000 8325.0000 5
8725.0000 8325.0000 46
8725.0000 8425.0000 87
8625.0000 8475.0000 28
8800.0000 8775.0000 69
8900.0000 8675.0000 10
8800.0000 8575.0000 51
8875.0000 8375.0000 92
8875.0000 8225.0000 33
8725.0000 8175.0000 74
8775.0000 8075.0000 15
8875.0000 8075.0000 56
8875.0000 7925.0000 97
8775.0000 7875.0000 38
8625.0000 7825.0000 79
8625.0000 7725.0000 20
8625.0000 7625.0000 61
8625.0000 7475.0000 2
8525.0000 7425.0000 43
8525.0000 7575.0000 84
8475.0000 7725.0000 25
8475.0000 7825.0000 66
8375.0000 7975.0000 7
8225.0000 7825.0000 48
8025.0000 7825.0000 89
7975.0000 7925.0000 30
8075.0000 7975.0000 71
8175.0000 7975.0000 12
8175.0000 8075.0000 53
8075.0000 8125.0000 94
7975.0000 8075.0000 35
7875.0000 8125.0000 76
7875.0000 8025.0000 17
7875.0000 7875.0000 58
7750.0000 7750.0000 99
7900.0000 7750.0000 40
7975.0000 7575.0000 81
7975.0000 7425.0000 22
8125.0000 7425.0000 63
8225.0000 7425.0000 4
8175.0000 7575.0000 45
8275.0000 7600.0000 86
8375.0000 7425.0000 27
8325.0000 7325.0000 68
8425.0000 7150.0000 9
8575.0000 7150.0000 50
8850.0000 7150.0000 91
8775.0000 7075.0000 32
8825.0000 6975.0000 73
8625.0000 6975.0000 14
8425.0000 6875.0000 55
8525.0000 6775.0000 96
8425.0000 6675.0000 37
8475.0000 6450.0000 78
8625.0000 6575.0000 19
8850.0000 6575.0000 60
8850.0000 6375.0000 1
8850.0000 5975.0000 42
8674.0000 5908.0000 83
8475.0000 6050.0000 24
8275.0000 6025.0000 65
8125.0000 6125.0000 6
7975.0000 6125.0000 47
7975.0000 6025.0000 88
8125.0000 5450.0000 29
8025.0000 5450.0000 70
7925.0000 5450.0000 11
7775.0000 5450.0000 52
7625.0000 5450.0000 93
7475.0000 5450.0000 34
7500.0000 5350.0000 75
7500.0000 5250.0000 16
7425.0000 5175.0000 57
7575.0000 5175.0000 98
7675.0000 5075.0000 39
7625.0000 4975.0000 80
7775.0000 4875.0000 21
7925.0000 4975.0000 62
7875.0000 5075.0000 3
7775.0000 5025.0000 44
7775.0000 5175.0000 85
7975.0000 5175.0000 26
8250.0000 5175.0000 67
8350.0000 5375.0000 8
8350.0000 5275.0000 49
8400.0000 5175.0000 90
8375.0000 5075.0000 31
8425.0000 4975.0000 72
8550.0000 5025.0000 13
8575.0000 5175.0000 54
8625.0000 5275.0000 95
8625.0000 5375.0000 36
8775.0000 5375.0000 77
8775.0000 5275.0000 18
8875.0000 5325.0000 59
8872.0000 5204.0000 100
8900.0000 5075.0000 41
8900.0000 4925.0000 82
8775.0000 4925.0000 23
8775.0000 4775.0000 64
8775.0000 4675.0000 5
8775.0000 4575.0000 46
8625.0000 4725.0000 87
8500.0000 4675.0000 28
8475.0000 4775.0000 69
8325.0000 4775.0000 10
8125.0000 4575.0000 51
8225.0000 4575.0000 92
8300.0000 4525.0000 33
8400.0000 4500.0000 74
8400.0000 4400.0000 15
8300.0000 4425.0000 56
8300.0000 4325.0000 97
8225.0000 4275.0000 38
8125.0000 4275.0000 79
8025.0000 4175.0000 20
8000.0000 3925.0000 61
8000.0000 3725.0000 2
8000.0000 3325.0000 43
7550.0000 3325.0000 84
7550.0000 3725.0000 25
7550.0000 3925.0000 66
7825.0000 4175.0000 7
7725.0000 4175.0000 48
7525.0000 4175.0000 89
7425.0000 4275.0000 30
7325.0000 4275.0000 71
7250.0000 4325.0000 12
7250.0000 4425.0000 53
7150.0000 4425.0000 94
7150.0000 4525.0000 35
7250.0000 4525.0000 76
7325.0000 4600.0000 17
7425.0000 4600.0000 58
7225.0000 4775.0000 99
7075.0000 4775.0000 40
7050.0000 4675.0000 81
6975.0000 4775.0000 22
7025.0000 4925.0000 63
7125.0000 4975.0000 4
7175.0000 5075.0000 45
7025.0000 5075.0000 86
6925.0000 5025.0000 27
6925.0000 5275.0000 68
6925.0000 5425.0000 9
6925.0000 5525.0000 50
6925.0000 5675.0000 91
6665.0000 5610.0000 32
6665.0000 5460.0000 73
6665.0000 5310.0000 14
6665.0000 5160.0000 55
6665.0000 5010.0000 96
6665.0000 4860.0000 37
6825.0000 4775.0000 78
6665.0000 4710.0000 19
6665.0000 4560.0000 60
6775.0000 4500.0000 1
6850.0000 4550.0000 42
6850.0000 4450.0000 83
6775.0000 4375.0000 24
6725.0000 4275.0000 65
6825.0000 4275.0000 6
7050.0000 4175.0000 47
7150.0000 4275.0000 88
7250.0000 4175.0000 29
7150.0000 4125.0000 70
7175.0000 3975.0000 11
7175.0000 3875.0000 52
7075.0000 3975.0000 93
7000.0000 3875.0000 34
6875.0000 3875.0000 75
6725.0000 3900.0000 16
6700.0000 3700.0000 57
6700.0000 3575.0000 98
6700.0000 3475.0000 39
6700.0000 3375.0000 80
6700.0000 3275.0000 21
6275.0000 3125.0000 62
6300.0000 3225.0000 3
6300.0000 3325.0000 44
6300.0000 3475.0000 85
6300.0000 3625.0000 26
6200.0000 3825.0000 67
6025.0000 3825.0000 8
6025.0000 3925.0000 49
5925.0000 3975.0000 90
5825.0000 3975.0000 31
5825.0000 3875.0000 72
5450.0000 3925.0000 13
5450.0000 3725.0000 54
5450.0000 3325.0000 95
5000.0000 3325.0000 36
5000.0000 3725.0000 77
5000.0000 3925.0000 18
4625.0000 3875.0000 59
4625.0000 3975.0000 100
4525.0000 3975.0000 41
4450.0000 3875.0000 82
4325.0000 3875.0000 23
4175.0000 3900.0000 64
4150.0000 3700.0000 5
4150.0000 3575.0000 46
4150.0000 3475.0000 87
4150.0000 3375.0000 28
4150.0000 3275.0000 69
3725.0000 3125.0000 10
3750.0000 3225.0000 51
3750.0000 3325.0000 92
3750.0000 3475.0000 33
3750.0000 3625.0000 74
3650.0000 3825.0000 15
3475.0000 3825.0000 56
3475.0000 3925.0000 97
3375.0000 3975.0000 38
3275.0000 3875.0000 79
3275.0000 3975.0000 20
3300.0000 4125.0000 61
3200.0000 4175.0000 2
3300.0000 4275.0000 43
3400.0000 4175.0000 84
3575.0000 4325.0000 25
3675.0000 4425.0000 66
3725.0000 4325.0000 7
4175.0000 4275.0000 48
4275.0000 4275.0000 89
4225.0000 4375.0000 30
4300.0000 4450.0000 71
4300.0000 4550.0000 12
4225.0000 4500.0000 53
4115.0000 4560.0000 94
4115.0000 4710.0000 35
4275.0000 4775.0000 76
4115.0000 4860.0000 17
4115.0000 5010.0000 58
4115.0000 5160.0000 99
4115.0000 5310.0000 40
4115.0000 5460.0000 81
4115.0000 5610.0000 22
4375.0000 5675.0000 63
4375.0000 5525.0000 4
4375.0000 5425.0000 45
4375.0000 5275.0000 86
4375.0000 5025.0000 27
4475.0000 5075.0000 68
4625.0000 5075.0000 9
4575.0000 4975.0000 50
4475.0000 4925.0000 91
4425.0000 4775.0000 32
4500.0000 4675.0000 73
4525.0000 4775.0000 14
4675.0000 4775.0000 55
4875.0000 4600.0000 96
4775.0000 4600.0000 37
4700.0000 4525.0000 78
4600.0000 4525.0000 19
4600.0000 4425.0000 60
4700.0000 4425.0000 1
4700.0000 4325.0000 42
4600.0000 4275.0000 83
4500.0000 4175.0000 24
4600.0000 4125.0000 65
4700.0000 4175.0000 6
4775.0000 4275.0000 47
4875.0000 4275.0000 88
4975.0000 4175.0000 29
5175.0000 4175.0000 70
5275.0000 4175.0000 11
5475.0000 4175.0000 52
5575.0000 4275.0000 93
5675.0000 4275.0000 34
5750.0000 4325.0000 75
5750.0000 4425.0000 16
5750.0000 4525.0000 57
5675.0000 4575.0000 98
5575.0000 4575.0000 39
5775.0000 4775.0000 80
5925.0000 4775.0000 21
6075.0000 4725.0000 62
5950.0000 4675.0000 3
5850.0000 4500.0000 44
5850.0000 4400.0000 85
5850.0000 4275.0000 26
5750.0000 4175.0000 67
5850.0000 4125.0000 8
5950.0000 4175.0000 49
6125.0000 4325.0000 90
6275.0000 4325.0000 31
6225.0000 4425.0000 72
6225.0000 4575.0000 13
6225.0000 4675.0000 54
6225.0000 4775.0000 95
6225.0000 4925.0000 36
6350.0000 4925.0000 77
6350.0000 5075.0000 18
6322.0000 5204.0000 59
6325.0000 5325.0000 100
6225.0000 5275.0000 41
6225.0000 5375.0000 82
6075.0000 5375.0000 23
6075.0000 5275.0000 64
6025.0000 5175.0000 5
6000.0000 5025.0000 46
5875.0000 4975.0000 87
5825.0000 5075.0000 28
5850.0000 5175.0000 69
5800.0000 5275.0000 10
5800.0000 5375.0000 51
5700.0000 5175.0000 92
5425.0000 5175.0000 33
5325.0000 5075.0000 74
5375.0000 4975.0000 15
5225.0000 4875.0000 56
5075.0000 4975.0000 97
5125.0000 5075.0000 38
5225.0000 5025.0000 79
5225.0000 5175.0000 20
5025.0000 5175.0000 61
4875.0000 5175.0000 2
4950.0000 5250.0000 43
4950.0000 5350.0000 84
4925.0000 5450.0000 25
5075.0000 5450.0000 66
5225.0000 5450.0000 7
5375.0000 5450.0000 48
5475.0000 5450.0000 89
5575.0000 5450.0000 30
5425.0000 6025.0000 71
5425.0000 6125.0000 12
5575.0000 6125.0000 53
5725.0000 6025.0000 94
5925.0000 6050.0000 35
6124.0000 5908.0000 76
6300.0000 5975.0000 17
6300.0000 6375.0000 58
6300.0000 6575.0000 99
6075.0000 6575.0000 40
5925.0000 6450.0000 81
5875.0000 6675.0000 22
5975.0000 6775.0000 63
5875.0000 6875.0000 4
6075.0000 6975.0000 45
6275.0000 6975.0000 86
6225.0000 7075.0000 27
6300.0000 7150.0000 68
6025.0000 7150.0000 9
5875.0000 7150.0000 50
5775.0000 7325.0000 91
5825.0000 7425.0000 32
5975.0000 7425.0000 73
6075.0000 7475.0000 14
5975.0000 7575.0000 55
6075.0000 7625.0000 96
6075.0000 7725.0000 37
5925.0000 7725.0000 78
5925.0000 7825.0000 19
6075.0000 7825.0000 60
6225.0000 7875.0000 1
6325.0000 7925.0000 42
6325.0000 8075.0000 83
6225.0000 8075.0000 24
6175.0000 8175.0000 65
6325.0000 8225.0000 6
6325.0000 8375.0000 47
6175.0000 8325.0000 88
6075.0000 8325.0000 29
5975.0000 8225.0000 70
5875.0000 8225.0000 11
5825.0000 7975.0000 52
5675.0000 7825.0000 93
5725.0000 7600.0000 34
5625.0000 7575.0000 75
5675.0000 7425.0000 16
5575.0000 7425.0000 57
5425.0000 7425.0000 98
5425.0000 7575.0000 39
5350.0000 7750.0000 80
5200.0000 7750.0000 21
5325.0000 7875.0000 62
5475.0000 7825.0000 3
5425.0000 7925.0000 44
5525.0000 7975.0000 85
5625.0000 7975.0000 26
5625.0000 8075.0000 67
5525.0000 8125.0000 8
5425.0000 8075.0000 49
5325.0000 8025.0000 90
5325.0000 8125.0000 31
5150.0000 8225.0000 72
5050.0000 8225.0000 13
5125.0000 8125.0000 54
5175.0000 7975.0000 95
5025.0000 7975.0000 36
4900.0000 7875.0000 77
4900.0000 7775.0000 18
4725.0000 7825.0000 59
4525.0000 7725.0000 100
4375.0000 7725.0000 41
4325.0000 7625.0000 82
4475.0000 7625.0000 23
4525.0000 7475.0000 64
4625.0000 7575.0000 5
4725.0000 7475.0000 46
4925.0000 7525.0000 87
4875.0000 7425.0000 28
4825.0000 7275.0000 69
4725.0000 7075.0000 10
4525.0000 7075.0000 51
4625.0000 6975.0000 92
4775.0000 6775.0000 33
4625.0000 6775.0000 74
4475.0000 6825.0000 15
4475.0000 6675.0000 56
4625.0000 6425.0000 97
4525.0000 6200.0000 38
4625.0000 6025.0000 79
4525.0000 6000.0000 20
4125.0000 6375.0000 61
4125.0000 6525.0000 2
4275.0000 6525.0000 43
4275.0000 6675.0000 84
4125.0000 6675.0000 25
4125.0000 6875.0000 66
4125.0000 7075.0000 7
4126.0000 7259.0000 48
4125.0000 7260.0000 89
4126.0000 7409.0000 30
4125.0000 7410.0000 71
4125.0000 7560.0000 12
4126.0000 7560.0000 53
4125.0000 7710.0000 94
4125.0000 7711.0000 35
4225.0000 7825.0000 76
4125.0000 7875.0000 17
4125.0000 7975.0000 58
4125.0000 8075.0000 99
4125.0000 8175.0000 40
4125.0000 8275.0000 81
4125.0000 8375.0000 22
4125.0000 8475.0000 63
4175.0000 8825.0000 4
4375.0000 8825.0000 45
4478.0000 8820.0000 86
4747.0000 8703.0000 27
4775.0000 8825.0000 68
4925.0000 8725.0000 9
4975.0000 8825.0000 50
5075.0000 8725.0000 91
5000.0000 8575.0000 32
5150.0000 8375.0000 73
5150.0000 8475.0000 14
5150.0000 8625.0000 55
5375.0000 8775.0000 96
5475.0000 8775.0000 37
5575.0000 8775.0000 78
5675.0000 8775.0000 19
5825.0000 8775.0000 60
5775.0000 8625.0000 1
5775.0000 8525.0000 42
5875.0000 8575.0000 83
6075.0000 8475.0000 24
6175.0000 8425.0000 65
6250.0000 8575.0000 6
6350.0000 8675.0000 47
6250.0000 8775.0000 88
6225.0000 9325.0000 29
6225.0000 9425.0000 70
6225.0000 9525.0000 11
6225.0000 9725.0000 52
6225.0000 9825.0000 93
6275.0000 10075.0000 34
6025.0000 10075.0000 75
5748.0000 10075.0000 16
5475.0000 10075.0000 57
5337.0000 9801.0000 98
5335.0000 9702.0000 39
5335.0000 9601.0000 80
5336.0000 9502.0000 21
5336.0000 9399.0000 62
5336.0000 9298.0000 3
5075.0000 9325.0000 44
5075.0000 9425.0000 85
5075.0000 9525.0000 26
5075.0000 9725.0000 67
5075.0000 9825.0000 8
4975.0000 10075.0000 49
4700.0000 10075.0000 90
4425.0000 10075.0000 31
4275.0000 10125.0000 72
4190.0000 9806.0000 13
4189.0000 9706.0000 54
4189.0000 9606.0000 95
4190.0000 9505.0000 36
4190.0000 9406.0000 77
4189.0000 9306.0000 18
3675.0000 9325.0000 59
3675.0000 9425.0000 100
3675.0000 9525.0000 41
3675.0000 9725.0000 82
3675.0000 9825.0000 23
3725.0000 10075.0000 64
3475.0000 10075.0000 5
3198.0000 10075.0000 46
2925.0000 10075.0000 87
2787.0000 9801.0000 28
2785.0000 9702.0000 69
2785.0000 9601.0000 10
2786.0000 9502.0000 51
2786.0000 9399.0000 92
2786.0000 9298.0000 33
2525.0000 9325.0000 74
2525.0000 9425.0000 15
2525.0000 9525.0000 56
2525.0000 9725.0000 97
2525.0000 9825.0000 38
2425.0000 10075.0000 79
2150.0000 10075.0000 20
2450.0000 10475.0000 61
2900.0000 10475.0000 2
2900.0000 10875.0000 43
2900.0000 11075.0000 84
3275.0000 11025.0000 25
3275.0000 11125.0000 66
3375.0000 11125.0000 7
3475.0000 11075.0000 48
3475.0000 10975.0000 89
3650.0000 10975.0000 30
3750.0000 10775.0000 71
3750.0000 10625.0000 12
3750.0000 10475.0000 53
3750.0000 10375.0000 94
3725.0000 10275.0000 35
4150.0000 10425.0000 76
4150.0000 10525.0000 17
4150.0000 10625.0000 58
4150.0000 10725.0000 99
4150.0000 10850.0000 40
4175.0000 11050.0000 81
4325.0000 11025.0000 22
4450.0000 11025.0000 63
4525.0000 11125.0000 4
4625.0000 11025.0000 45
4625.0000 11125.0000 86
4600.0000 11275.0000 27
4700.0000 11325.0000 68
4600.0000 11425.0000 9
4500.0000 11325.0000 50
4275.0000 11425.0000 91
4175.0000 11425.0000 32
4225.0000 11525.0000 73
4300.0000 11600.0000 14
4300.0000 11700.0000 55
4225.0000 11650.0000 96
4115.0000 11710.0000 37
4115.0000 11860.0000 78
4275.0000 11925.0000 19
4115.0000 12010.0000 60
4115.0000 12160.0000 1
4115.0000 12310.0000 42
4115.0000 12460.0000 83
4115.0000 12610.0000 24
4115.0000 12760.0000 65
4375.0000 12825.0000 6
4375.0000 12675.0000 47
4375.0000 12575.0000 88
4375.0000 12425.0000 29
4375.0000 12175.0000 70
4475.0000 12225.0000 11
4625.0000 12225.0000 52
4575.0000 12125.0000 93
4475.0000 12075.0000 34
4425.0000 11925.0000 75
4500.0000 11825.0000 16
4525.0000 11925.0000 57
4675.0000 11925.0000 98
4875.0000 11750.0000 39
4775.0000 11750.0000 80
4700.0000 11675.0000 21
4600.0000 11675.0000 62
4600.0000 11575.0000 3
4700.0000 11575.0000 44
4700.0000 11475.0000 85
4775.0000 11425.0000 26
4875.0000 11425.0000 67
4975.0000 11325.0000 8
5175.0000 11325.0000 49
5275.0000 11325.0000 90
5000.0000 11075.0000 31
5000.0000 10875.0000 72
5000.0000 10475.0000 13
5450.0000 10475.0000 54
5450.0000 10875.0000 95
5450.0000 11075.0000 36
5475.0000 11325.0000 77
5575.0000 11425.0000 18
5675.0000 11425.0000 59
5750.0000 11475.0000 100
5750.0000 11575.0000 41
5850.0000 11550.0000 82
5850.0000 11650.0000 23
5750.0000 11675.0000 64
5675.0000 11725.0000 5
5575.0000 11725.0000 46
5775.0000 11925.0000 87
5925.0000 11925.0000 28
5950.0000 11825.0000 69
6075.0000 11875.0000 10
6225.0000 11725.0000 51
6225.0000 11825.0000 92
6225.0000 11925.0000 33
6225.0000 12075.0000 74
6350.0000 12075.0000 15
6350.0000 12225.0000 56
6322.0000 12354.0000 97
6325.0000 12475.0000 38
6225.0000 12425.0000 79
6225.0000 12525.0000 20
6075.0000 12525.0000 61
6075.0000 12425.0000 2
6025.0000 12325.0000 43
6000.0000 12175.0000 84
5875.0000 12125.0000 25
5825.0000 12225.0000 66
5850.0000 12325.0000 7
5800.0000 12425.0000 48
5800.0000 12525.0000 89
5700.0000 12325.0000 30
5425.0000 12325.0000 71
5325.0000 12225.0000 12
5375.0000 12125.0000 53
5225.0000 12025.0000 94
5075.0000 12125.0000 35
5125.0000 12225.0000 76
5225.0000 12175.0000 17
5225.0000 12325.0000 58
5025.0000 12325.0000 99
4875.0000 12325.0000 40
4950.0000 12400.0000 81
4950.0000 12500.0000 22
4925.0000 12600.0000 63
5075.0000 12600.0000 4
5225.0000 12600.0000 45
5375.0000 12600.0000 86
5475.0000 12600.0000 27
5575.0000 12600.0000 68
5425.0000 13175.0000 9
5425.0000 13275.0000 50
5575.0000 13275.0000 91
5725.0000 13175.0000 32
5925.0000 13200.0000 73
6124.0000 13058.0000 14
6300.0000 13125.0000 55
6300.0000 13525.0000 96
6300.0000 13725.0000 37
6075.0000 13725.0000 78
5925.0000 13600.0000 19
5875.0000 13825.0000 60
5975.0000 13925.0000 1
5875.0000 14025.0000 42
6075.0000 14125.0000 83
6275.0000 14125.0000 24
6225.0000 14225.0000 65
6300.0000 14300.0000 6
6025.0000 14300.0000 47
5875.0000 14300.0000 88
5775.0000 14475.0000 29
5825.0000 14575.0000 70
5725.0000 14750.0000 11
5625.0000 14725.0000 52
5675.0000 14575.0000 93
5575.0000 14575.0000 34
5425.0000 14575.0000 75
5425.0000 14725.0000 16
5350.0000 14900.0000 57
5200.0000 14900.0000 98
5325.0000 15025.0000 39
5325.0000 15175.0000 80
5325.0000 15275.0000 21
5425.0000 15225.0000 62
5525.0000 15275.0000 3
5625.0000 15225.0000 44
5625.0000 15125.0000 85
5525.0000 15125.0000 26
5425.0000 15075.0000 67
5475.0000 14975.0000 8
5675.0000 14975.0000 49
5825.0000 15125.0000 90
5925.0000 14975.0000 31
5925.0000 14875.0000 72
5975.0000 14725.0000 13
5975.0000 14575.0000 54
6075.0000 14625.0000 95
6075.0000 14775.0000 36
6075.0000 14875.0000 77
6075.0000 14975.0000 18
6225.0000 15025.0000 59
6325.0000 15075.0000 100
6325.0000 15225.0000 41
6225.0000 15225.0000 82
6175.0000 15325.0000 23
6325.0000 15375.0000 64
6325.0000 15525.0000 5
6250.0000 15725.0000 46
6350.0000 15825.0000 87
6250.0000 15925.0000 28
6075.0000 15625.0000 69
6175.0000 15575.0000 10
6175.0000 15475.0000 51
6075.0000 15475.0000 92
5975.0000 15375.0000 33
5875.0000 15375.0000 74
5775.0000 15675.0000 15
5875.0000 15725.0000 56
5775.0000 15775.0000 97
5825.0000 15925.0000 38
5675.0000 15925.0000 79
5575.0000 15925.0000 20
5475.0000 15925.0000 61
5375.0000 15925.0000 2
5150.0000 15775.0000 43
5075.0000 15875.0000 84
4975.0000 15975.0000 25
4775.0000 15975.0000 66
4747.0000 15853.0000 7
4925.0000 15875.0000 48
5000.0000 15725.0000 89
5150.0000 15625.0000 30
5150.0000 15525.0000 71
5150.0000 15375.0000 12
5050.0000 15375.0000 53
5125.0000 15275.0000 94
5175.0000 15125.0000 35
5025.0000 15125.0000 76
4900.0000 15025.0000 17
4900.0000 14925.0000 58
4725.0000 14975.0000 99
4525.0000 14875.0000 40
4375.0000 14875.0000 81
4325.0000 14775.0000 22
4475.0000 14775.0000 63
4525.0000 14625.0000 4
4625.0000 14725.0000 45
4725.0000 14625.0000 86
4925.0000 14675.0000 27
4875.0000 14575.0000 68
4825.0000 14425.0000 9
4725.0000 14225.0000 50
4525.0000 14225.0000 91
4625.0000 14125.0000 32
4775.0000 13925.0000 73
4625.0000 13925.0000 14
4475.0000 13975.0000 55
4475.0000 13825.0000 96
4625.0000 13575.0000 37
4525.0000 13350.0000 78
4625.0000 13175.0000 19
4525.0000 13150.0000 60
4125.0000 13525.0000 1
4125.0000 13675.0000 42
4275.0000 13675.0000 83
4275.0000 13825.0000 24
4125.0000 13825.0000 65
4125.0000 14025.0000 6
4125.0000 14225.0000 47
4126.0000 14409.0000 88
4125.0000 14410.0000 29
4126.0000 14559.0000 70
4125.0000 14560.0000 11
4125.0000 14710.0000 52
4126.0000 14710.0000 93
4125.0000 14860.0000 34
4125.0000 14861.0000 75
4225.0000 14975.0000 16
4125.0000 15025.0000 57
4125.0000 15125.0000 98
4125.0000 15225.0000 39
4125.0000 15325.0000 80
4125.0000 15425.0000 21
4125.0000 15525.0000 62
4125.0000 15625.0000 3
4478.0000 15970.0000 44
4375.0000 15975.0000 85
4175.0000 15975.0000 26
3800.0000 15825.0000 67
3700.0000 15925.0000 8
3700.0000 15725.0000 49
3625.0000 15575.0000 90
3525.0000 15625.0000 31
3325.0000 15725.0000 72
3225.0000 15675.0000 13
3225.0000 15775.0000 54
3275.0000 15925.0000 95
3125.0000 15925.0000 36
3025.0000 15925.0000 77
2925.0000 15925.0000 18
2825.0000 15925.0000 59
2600.0000 15775.0000 100
2600.0000 15625.0000 41
2600.0000 15525.0000 82
2450.0000 15725.0000 23
2525.0000 15875.0000 64
2425.0000 15975.0000 5
2375.0000 15875.0000 46
2225.0000 15975.0000 87
2197.0000 15853.0000 28
1928.0000 15970.0000 69
1825.0000 15975.0000 10
1625.0000 15975.0000 51
1575.0000 15625.0000 92
1575.0000 15525.0000 33
1575.0000 15425.0000 74
1575.0000 15325.0000 15
1575.0000 15225.0000 56
1575.0000 15125.0000 97
1575.0000 15025.0000 38
1675.0000 14975.0000 79
1575.0000 14861.0000 20
1575.0000 14860.0000 61
1575.0000 14710.0000 2
1576.0000 14710.0000 43
1575.0000 14560.0000 84
1576.0000 14559.0000 25
1575.0000 14410.0000 66
1576.0000 14409.0000 7
1575.0000 14225.0000 48
1575.0000 14025.0000 89
1575.0000 13825.0000 30
1725.0000 13825.0000 71
1725.0000 13675.0000 12
1575.0000 13675.0000 53
1575.0000 13525.0000 94
1975.0000 13150.0000 35
2075.0000 13175.0000 76
1975.0000 13350.0000 17
2075.0000 13575.0000 58
1925.0000 13825.0000 99
1925.0000 13975.0000 40
2075.0000 13925.0000 81
2225.0000 13925.0000 22
2075.0000 14125.0000 63
1975.0000 14225.0000 4
2175.0000 14225.0000 45
2275.0000 14425.0000 86
2325.0000 14575.0000 27
2375.0000 14675.0000 68
2175.0000 14625.0000 9
2075.0000 14725.0000 50
1975.0000 14625.0000 91
1925.0000 14775.0000 32
1775.0000 14775.0000 73
1825.0000 14875.0000 14
1975.0000 14875.0000 55
2175.0000 14975.0000 96
2350.0000 14925.0000 37
2350.0000 15025.0000 78
2475.0000 15125.0000 19
2625.0000 15125.0000 60
2575.0000 15275.0000 1
2500.0000 15375.0000 42
2600.0000 15375.0000 83
2775.0000 15275.0000 24
2775.0000 15175.0000 65
2875.0000 15225.0000 6
2975.0000 15275.0000 47
3075.0000 15225.0000 88
3075.0000 15125.0000 29
2975.0000 15125.0000 70
2925.0000 14975.0000 11
2875.0000 15075.0000 52
2775.0000 15025.0000 93
2650.0000 14900.0000 34
2800.0000 14900.0000 75
2875.0000 14725.0000 16
2875.0000 14575.0000 57
3025.0000 14575.0000 98
3125.0000 14575.0000 39
3075.0000 14725.0000 80
3175.0000 14750.0000 21
3125.0000 14975.0000 62
3275.0000 15125.0000 3
3325.0000 15375.0000 44
3425.0000 15375.0000 85
3525.0000 15475.0000 26
3625.0000 15475.0000 67
3775.0000 15525.0000 8
3775.0000 15375.0000 49
3625.0000 15325.0000 90
3675.0000 15225.0000 31
3775.0000 15225.0000 72
3775.0000 15075.0000 13
3675.0000 15025.0000 54
3525.0000 14975.0000 95
3375.0000 14975.0000 36
3375.0000 14875.0000 77
3525.0000 14875.0000 18
3525.0000 14775.0000 59
3425.0000 14725.0000 100
3525.0000 14625.0000 41
3425.0000 14575.0000 82
3275.0000 14575.0000 23
3225.0000 14475.0000 64
3325.0000 14300.0000 5
3475.0000 14300.0000 46
3750.0000 14300.0000 87
3675.0000 14225.0000 28
3725.0000 14125.0000 69
3525.0000 14125.0000 10
3325.0000 14025.0000 51
3425.0000 13925.0000 92
3325.0000 13825.0000 33
3375.0000 13600.0000 74
3525.0000 13725.0000 15
3750.0000 13725.0000 56
3750.0000 13525.0000 97
3750.0000 13125.0000 38
3574.0000 13058.0000 79
3375.0000 13200.0000 20
3175.0000 13175.0000 61
3025.0000 13275.0000 2
2875.0000 13275.0000 43
2875.0000 13175.0000 84
3025.0000 12600.0000 25
2925.0000 12600.0000 66
2825.0000 12600.0000 7
2675.0000 12600.0000 48
2525.0000 12600.0000 89
2375.0000 12600.0000 30
2400.0000 12500.0000 71
2400.0000 12400.0000 12
2325.0000 12325.0000 53
2475.0000 12325.0000 94
2575.0000 12225.0000 35
2525.0000 12125.0000 76
2675.0000 12025.0000 17
2825.0000 12125.0000 58
2775.0000 12225.0000 99
2675.0000 12175.0000 40
2675.0000 12325.0000 81
2875.0000 12325.0000 22
3150.0000 12325.0000 63
3250.0000 12525.0000 4
3250.0000 12425.0000 45
3300.0000 12325.0000 86
3275.0000 12225.0000 27
3325.0000 12125.0000 68
3450.0000 12175.0000 9
3475.0000 12325.0000 50
3525.0000 12425.0000 91
3525.0000 12525.0000 32
3675.0000 12525.0000 73
3675.0000 12425.0000 14
3775.0000 12475.0000 55
3772.0000 12354.0000 96
3800.0000 12225.0000 37
3800.0000 12075.0000 78
3675.0000 12075.0000 19
3675.0000 11925.0000 60
3675.0000 11825.0000 1
3675.0000 11725.0000 42
3675.0000 11575.0000 83
3725.0000 11475.0000 24
3575.0000 11475.0000 65
3400.0000 11325.0000 6
3300.0000 11275.0000 47
3200.0000 11325.0000 88
3300.0000 11425.0000 29
3300.0000 11550.0000 70
3300.0000 11650.0000 11
3400.0000 11825.0000 52
3525.0000 11875.0000 93
3375.0000 11925.0000 34
3225.0000 11925.0000 75
3025.0000 11725.0000 16
3125.0000 11725.0000 57
3200.0000 11675.0000 98
3200.0000 11575.0000 39
3200.0000 11475.0000 80
3125.0000 11425.0000 21
3025.0000 11425.0000 62
2925.0000 11325.0000 3
2725.0000 11325.0000 44
2625.0000 11325.0000 85
2450.0000 10875.0000 26
2450.0000 11075.0000 67
2425.0000 11325.0000 8
2325.0000 11425.0000 49
2225.0000 11425.0000 90
2150.0000 11475.0000 31
2150.0000 11575.0000 72
2050.0000 11575.0000 13
2050.0000 11675.0000 54
2150.0000 11675.0000 95
2225.0000 11750.0000 36
2325.0000 11750.0000 77
2125.0000 11925.0000 18
1975.0000 11925.0000 59
1950.0000 11825.0000 100
1875.0000 11925.0000 41
1925.0000 12075.0000 82
2025.0000 12125.0000 23
2075.0000 12225.0000 64
1925.0000 12225.0000 5
1825.0000 12175.0000 46
1825.0000 12425.0000 87
1825.0000 12575.0000 28
1825.0000 12675.0000 69
1825.0000 12825.0000 10
1565.0000 12760.0000 51
1565.0000 12610.0000 92
1565.0000 12460.0000 33
1565.0000 12310.0000 74
1565.0000 12160.0000 15
1565.0000 12010.0000 56
1725.0000 11925.0000 97
1565.0000 11860.0000 38
1565.0000 11710.0000 79
1675.0000 11650.0000 20
1750.0000 11700.0000 61
1750.0000 11600.0000 2
1675.0000 11525.0000 43
1625.0000 11425.0000 84
1725.0000 11425.0000 25
1950.0000 11325.0000 66
2050.0000 11425.0000 7
2150.0000 11325.0000 48
2050.0000 11275.0000 89
2075.0000 11125.0000 30
2075.0000 11025.0000 71
1975.0000 11125.0000 12
1900.0000 11025.0000 53
1775.0000 11025.0000 94
1625.0000 11050.0000 35
1600.0000 10850.0000 76
1600.0000 10725.0000 17
1600.0000 10625.0000 58
1600.0000 10525.0000 99
1600.0000 10425.0000 40
1725.0000 10125.0000 81
1875.0000 10075.0000 22
1640.0000 9806.0000 63
1639.0000 9706.0000 4
1639.0000 9606.0000 45
1640.0000 9505.0000 86
1640.0000 9406.0000 27
1639.0000 9306.0000 68
1928.0000 8820.0000 9
1825.0000 8825.0000 50
1625.0000 8825.0000 91
1575.0000 8475.0000 32
1575.0000 8375.0000 73
1575.0000 8275.0000 14
1575.0000 8175.0000 55
1575.0000 8075.0000 96
1575.0000 7975.0000 37
1575.0000 7875.0000 78
1675.0000 7825.0000 19
1575.0000 7711.0000 60
1575.0000 7710.0000 1
1576.0000 7560.0000 42
1575.0000 7560.0000 83
1575.0000 7410.0000 24
1576.0000 7409.0000 65
1575.0000 7260.0000 6
1576.0000 7259.0000 47
1575.0000 7075.0000 88
1575.0000 6875.0000 29
1575.0000 6675.0000 70
1725.0000 6675.0000 11
1725.0000 6525.0000 52
1575.0000 6525.0000 93
1575.0000 6375.0000 34
1975.0000 6000.0000 75
2075.0000 6025.0000 16
1975.0000 6200.0000 57
2075.0000 6425.0000 98
1925.0000 6675.0000 39
1925.0000 6825.0000 80
2075.0000 6775.0000 21
2225.0000 6775.0000 62
2075.0000 6975.0000 3
1975.0000 7075.0000 44
2175.0000 7075.0000 85
2275.0000 7275.0000 26
2325.0000 7425.0000 67
2375.0000 7525.0000 8
2175.0000 7475.0000 49
2075.0000 7575.0000 90
1975.0000 7475.0000 31
1925.0000 7625.0000 72
1775.0000 7625.0000 13
1825.0000 7725.0000 54
1975.0000 7725.0000 95
2175.0000 7825.0000 36
2350.0000 7775.0000 77
2350.0000 7875.0000 18
2475.0000 7975.0000 59
2625.0000 7975.0000 100
2575.0000 8125.0000 41
2500.0000 8225.0000 82
2600.0000 8225.0000 23
2600.0000 8375.0000 64
2600.0000 8475.0000 5
2450.0000 8575.0000 46
2375.0000 8725.0000 87
2197.0000 8703.0000 28
2225.0000 8825.0000 69
2425.0000 8825.0000 10
2525.0000 8725.0000 51
2600.0000 8625.0000 92
2825.0000 8775.0000 33
2925.0000 8775.0000 74
3025.0000 8775.0000 15
3125.0000 8775.0000 56
3275.0000 8775.0000 97
3225.0000 8625.0000 38
3325.0000 8575.0000 79
3225.0000 8525.0000 20
3325.0000 8225.0000 61
3425.0000 8225.0000 2
3525.0000 8325.0000 43
3625.0000 8325.0000 84
3625.0000 8425.0000 25
3525.0000 8475.0000 66
3700.0000 8775.0000 7
3800.0000 8675.0000 48
3700.0000 8575.0000 89
3775.0000 8375.0000 30
3775.0000 8225.0000 71
3625.0000 8175.0000 12
3675.0000 8075.0000 53
3775.0000 8075.0000 94
3775.0000 7925.0000 35
3675.0000 7875.0000 76
3525.0000 7825.0000 17
3525.0000 7725.0000 58
3525.0000 7625.0000 99
3525.0000 7475.0000 40
3425.0000 7425.0000 81
3425.0000 7575.0000 22
3375.0000 7725.0000 63
3375.0000 7825.0000 4
3275.0000 7975.0000 45
3125.0000 7825.0000 86
2925.0000 7825.0000 27
2875.0000 7925.0000 68
2975.0000 7975.0000 9
3075.0000 7975.0000 50
3075.0000 8075.0000 91
2975.0000 8125.0000 32
2875.0000 8075.0000 73
2775.0000 8125.0000 14
2775.0000 8025.0000 55
2775.0000 7875.0000 96
2650.0000 7750.0000 37
2800.0000 7750.0000 78
2875.0000 7575.0000 19
2875.0000 7425.0000 60
3025.0000 7425.0000 1
3125.0000 7425.0000 42
3075.0000 7575.0000 83
3175.0000 7600.0000 24
3275.0000 7425.0000 65
3225.0000 7325.0000 6
3325.0000 7150.0000 47
3475.0000 7150.0000 88
3750.0000 7150.0000 29
3675.0000 7075.0000 70
3725.0000 6975.0000 11
3525.0000 6975.0000 52
3325.0000 6875.0000 93
3425.0000 6775.0000 34
3325.0000 6675.0000 75
3375.0000 6450.0000 16
3525.0000 6575.0000 57
3750.0000 6575.0000 98
3750.0000 6375.0000 39
3750.0000 5975.0000 80
3574.0000 5908.0000 21
3375.0000 6050.0000 62
3175.0000 6025.0000 3
3025.0000 6125.0000 44
2875.0000 6125.0000 85
2875.0000 6025.0000 26
3025.0000 5450.0000 67
2925.0000 5450.0000 8
2825.0000 5450.0000 49
2675.0000 5450.0000 90
2525.0000 5450.0000 31
2375.0000 5450.0000 72
2400.0000 5350.0000 13
2400.0000 5250.0000 54
2325.0000 5175.0000 95
2475.0000 5175.0000 36
2575.0000 5075.0000 77
2525.0000 4975.0000 18
2675.0000 4875.0000 59
2825.0000 4975.0000 100
2775.0000 5075.0000 41
2675.0000 5025.0000 82
2675.0000 5175.0000 23
2875.0000 5175.0000 64
3150.0000 5175.0000 5
3250.0000 5375.0000 46
3250.0000 5275.0000 87
3300.0000 5175.0000 28
3275.0000 5075.0000 69
3325.0000 4975.0000 10
3450.0000 5025.0000 51
3475.0000 5175.0000 92
3525.0000 5275.0000 33
3525.0000 5375.0000 74
3675.0000 5375.0000 15
3675.0000 5275.0000 56
3775.0000 5325.0000 97
3772.0000 5204.0000 38
3800.0000 5075.0000 79
3800.0000 4925.0000 20
3675.0000 4925.0000 61
3675.0000 4775.0000 2
3675.0000 4675.0000 43
3675.0000 4575.0000 84
3525.0000 4725.0000 25
3400.0000 4675.0000 66
3375.0000 4775.0000 7
3225.0000 4775.0000 48
3025.0000 4575.0000 89
3125.0000 4575.0000 30
3200.0000 4525.0000 71
3300.0000 4500.0000 12
3300.0000 4400.0000 53
3200.0000 4425.0000 94
3200.0000 4325.0000 35
3125.0000 4275.0000 76
3025.0000 4275.0000 17
2925.0000 4175.0000 58
2900.0000 3925.0000 99
2900.0000 3725.0000 40
2900.0000 3325.0000 81
2450.0000 3325.0000 22
2450.0000 3725.0000 63
2450.0000 3925.0000 4
2725.0000 4175.0000 45
2625.0000 4175.0000 86
2425.0000 4175.0000 27
2325.0000 4275.0000 68
2225.0000 4275.0000 9
2150.0000 4325.0000 50
2150.0000 4425.0000 91
2050.0000 4425.0000 32
2050.0000 4525.0000 73
2150.0000 4525.0000 14
2225.0000 4600.0000 55
2325.0000 4600.0000 96
2125.0000 4775.0000 37
1975.0000 4775.0000 78
1950.0000 4675.0000 19
1875.0000 4775.0000 60
1925.0000 4925.0000 1
2025.0000 4975.0000 42
2075.0000 5075.0000 83
1925.0000 5075.0000 24
1825.0000 5025.0000 65
1825.0000 5275.0000 6
1825.0000 5425.0000 47
1825.0000 5525.0000 88
1825.0000 5675.0000 29
1565.0000 5610.0000 70
1565.0000 5460.0000 11
1565.0000 5310.0000 52
1565.0000 5160.0000 93
1565.0000 5010.0000 34
1565.0000 4860.0000 75
1725.0000 4775.0000 16
1565.0000 4710.0000 57
1565.0000 4560.0000 98
1675.0000 4500.0000 39
1750.0000 4550.0000 80
1750.0000 4450.0000 21
1675.0000 4375.0000 62
1625.0000 4275.0000 3
1725.0000 4275.0000 44
1950.0000 4175.0000 85
2050.0000 4275.0000 26
2150.0000 4175.0000 67
2050.0000 4125.0000 8
2075.0000 3975.0000 49
2075.0000 3875.0000 90
1975.0000 3975.0000 31
1900.0000 3875.0000 72
1775.0000 3875.0000 13
1625.0000 3900.0000 54
1600.0000 3700.0000 95
1600.0000 3575.0000 36
1600.0000 3475.0000 77
1600.0000 3375.0000 18
1600.0000 3275.0000 59
1725.0000 2975.0000 100
1640.0000 2656.0000 41
1639.0000 2556.0000 82
1639.0000 2456.0000 23
1640.0000 2355.0000 64
1640.0000 2256.0000 5
1639.0000 2156.0000 0