n 1292 
m 3
tmax 8467
0.0000 0.0000 0
837.0000 958.3000 15
862.4000 958.3000 56
887.8000 958.3000 97
913.2000 958.3000 38
938.6000 958.3000 79
964.0000 958.3000 20
989.4000 958.3000 61
1014.8000 958.3000 2
1040.2000 958.3000 43
1065.6000 958.3000 84
1091.0000 958.3000 25
1116.4000 958.3000 66
1141.8000 958.3000 7
1167.2000 958.3000 48
1167.2000 1110.7000 89
1141.8000 1110.7000 30
1116.4000 1110.7000 71
1091.0000 1110.7000 12
1065.6000 1110.7000 53
1040.2000 1110.7000 94
1014.8000 1110.7000 35
989.4000 1110.7000 76
964.0000 1110.7000 17
938.6000 1110.7000 58
913.2000 1110.7000 99
887.8000 1110.7000 40
862.4000 1110.7000 81
837.0000 1110.7000 22
837.0000 1186.9000 63
862.4000 1186.9000 4
887.8000 1186.9000 45
913.2000 1186.9000 86
938.6000 1186.9000 27
964.0000 1186.9000 68
989.4000 1186.9000 9
1014.8000 1186.9000 50
1040.2000 1186.9000 91
1065.6000 1186.9000 32
1091.0000 1186.9000 73
1116.4000 1186.9000 14
1141.8000 1186.9000 55
1167.2000 1186.9000 96
1167.2000 1339.3000 37
1141.8000 1339.3000 78
1116.4000 1339.3000 19
1091.0000 1339.3000 60
1065.6000 1339.3000 1
1040.2000 1339.3000 42
1014.8000 1339.3000 83
989.4000 1339.3000 24
964.0000 1339.3000 65
938.6000 1339.3000 6
913.2000 1339.3000 47
887.8000 1339.3000 88
862.4000 1339.3000 29
837.0000 1339.3000 70
837.0000 1415.5000 11
862.4000 1415.5000 52
887.8000 1415.5000 93
913.2000 1415.5000 34
938.6000 1415.5000 75
964.0000 1415.5000 16
989.4000 1415.5000 57
1014.8000 1415.5000 98
1040.2000 1415.5000 39
1065.6000 1415.5000 80
1091.0000 1415.5000 21
1116.4000 1415.5000 62
1141.8000 1415.5000 3
1167.2000 1415.5000 44
1167.2000 1567.9000 85
1141.8000 1567.9000 26
1116.4000 1567.9000 67
1091.0000 1567.9000 8
1065.6000 1567.9000 49
1040.2000 1567.9000 90
1014.8000 1567.9000 31
989.4000 1567.9000 72
964.0000 1567.9000 13
938.6000 1567.9000 54
913.2000 1567.9000 95
887.8000 1567.9000 36
862.4000 1567.9000 77
837.0000 1567.9000 18
837.0000 1644.1000 59
862.4000 1644.1000 100
887.8000 1644.1000 41
913.2000 1644.1000 82
938.6000 1644.1000 23
964.0000 1644.1000 64
989.4000 1644.1000 5
1014.8000 1644.1000 46
1040.2000 1644.1000 87
1065.6000 1644.1000 28
1091.0000 1644.1000 69
1116.4000 1644.1000 10
1141.8000 1644.1000 51
1167.2000 1644.1000 92
1167.2000 1796.5000 33
1141.8000 1796.5000 74
1116.4000 1796.5000 15
1091.0000 1796.5000 56
1065.6000 1796.5000 97
1040.2000 1796.5000 38
1014.8000 1796.5000 79
989.4000 1796.5000 20
964.0000 1796.5000 61
938.6000 1796.5000 2
913.2000 1796.5000 43
887.8000 1796.5000 84
862.4000 1796.5000 25
837.0000 1796.5000 66
837.0000 1898.1000 7
862.4000 1898.1000 48
887.8000 1898.1000 89
913.2000 1898.1000 30
938.6000 1898.1000 71
964.0000 1898.1000 12
989.4000 1898.1000 53
1014.8000 1898.1000 94
1040.2000 1898.1000 35
1065.6000 1898.1000 76
1091.0000 1898.1000 17
1116.4000 1898.1000 58
1141.8000 1898.1000 99
1167.2000 1898.1000 40
1167.2000 2050.5000 81
1141.8000 2050.5000 22
1116.4000 2050.5000 63
1091.0000 2050.5000 4
1065.6000 2050.5000 45
1040.2000 2050.5000 86
1014.8000 2050.5000 27
989.4000 2050.5000 68
964.0000 2050.5000 9
938.6000 2050.5000 50
913.2000 2050.5000 91
887.8000 2050.5000 32
862.4000 2050.5000 73
837.0000 2050.5000 14
837.0000 2126.7000 55
862.4000 2126.7000 96
887.8000 2126.7000 37
913.2000 2126.7000 78
938.6000 2126.7000 19
964.0000 2126.7000 60
989.4000 2126.7000 1
1014.8000 2126.7000 42
1040.2000 2126.7000 83
1065.6000 2126.7000 24
1091.0000 2126.7000 65
1116.4000 2126.7000 6
1141.8000 2126.7000 47
1167.2000 2126.7000 88
1167.2000 2279.1000 29
1141.8000 2279.1000 70
1116.4000 2279.1000 11
1091.0000 2279.1000 52
1065.6000 2279.1000 93
1040.2000 2279.1000 34
1014.8000 2279.1000 75
989.4000 2279.1000 16
964.0000 2279.1000 57
938.6000 2279.1000 98
913.2000 2279.1000 39
887.8000 2279.1000 80
862.4000 2279.1000 21
837.0000 2279.1000 62
837.0000 2355.3000 3
862.4000 2355.3000 44
887.8000 2355.3000 85
913.2000 2355.3000 26
938.6000 2355.3000 67
964.0000 2355.3000 8
989.4000 2355.3000 49
1014.8000 2355.3000 90
1040.2000 2355.3000 31
1065.6000 2355.3000 72
1091.0000 2355.3000 13
1116.4000 2355.3000 54
1141.8000 2355.3000 95
1167.2000 2355.3000 36
1167.2000 2507.7000 77
1141.8000 2507.7000 18
1116.4000 2507.7000 59
1091.0000 2507.7000 100
1065.6000 2507.7000 41
1040.2000 2507.7000 82
1014.8000 2507.7000 23
989.4000 2507.7000 64
964.0000 2507.7000 5
938.6000 2507.7000 46
913.2000 2507.7000 87
887.8000 2507.7000 28
862.4000 2507.7000 69
837.0000 2507.7000 10
837.0000 2583.9000 51
862.4000 2583.9000 92
887.8000 2583.9000 33
913.2000 2583.9000 74
938.6000 2583.9000 15
964.0000 2583.9000 56
989.4000 2583.9000 97
1014.8000 2583.9000 38
1040.2000 2583.9000 79
1065.6000 2583.9000 20
1091.0000 2583.9000 61
1116.4000 2583.9000 2
1141.8000 2583.9000 43
1167.2000 2583.9000 84
1243.4000 2583.9000 25
1167.2000 2736.3000 66
1141.8000 2736.3000 7
1116.4000 2736.3000 48
1091.0000 2736.3000 89
1065.6000 2736.3000 30
1040.2000 2736.3000 71
1014.8000 2736.3000 12
989.4000 2736.3000 53
964.0000 2736.3000 94
938.6000 2736.3000 35
913.2000 2736.3000 76
887.8000 2736.3000 17
862.4000 2736.3000 58
837.0000 2736.3000 99
964.0000 2888.7000 40
1040.2000 2888.7000 81
1141.8000 2888.7000 22
1218.0000 2888.7000 63
1218.0000 2914.1000 4
1141.8000 2914.1000 45
1040.2000 2914.1000 86
964.0000 2914.1000 27
913.2000 2914.1000 68
964.0000 2939.5000 9
1040.2000 2939.5000 50
1141.8000 2939.5000 91
1218.0000 2939.5000 32
1218.0000 2964.9000 73
1141.8000 2964.9000 14
1040.2000 2964.9000 55
964.0000 2964.9000 96
913.2000 2964.9000 37
964.0000 2990.3000 78
1040.2000 2990.3000 19
1141.8000 2990.3000 60
1218.0000 2990.3000 1
1218.0000 3015.7000 42
1141.8000 3015.7000 83
1040.2000 3015.7000 24
964.0000 3015.7000 65
964.0000 3041.1000 6
1040.2000 3041.1000 47
1141.8000 3041.1000 88
1218.0000 3041.1000 29
1218.0000 3066.5000 70
1141.8000 3066.5000 11
1040.2000 3066.5000 52
964.0000 3066.5000 93
1298.7000 874.5000 34
1323.7000 874.5000 75
1348.7000 874.5000 16
1373.7000 874.5000 57
1398.7000 874.5000 98
1423.7000 874.5000 39
1448.7000 874.5000 80
1473.7000 874.5000 21
1498.7000 874.5000 62
1523.7000 874.5000 3
1548.7000 874.5000 44
1573.7000 874.5000 85
1598.7000 874.5000 26
1623.7000 874.5000 67
1648.7000 874.5000 8
1673.7000 874.5000 49
1698.7000 874.5000 90
1723.7000 874.5000 31
1748.7000 874.5000 72
1773.7000 874.5000 13
1798.7000 874.5000 54
1823.7000 874.5000 95
1848.7000 874.5000 36
1873.7000 874.5000 77
1898.7000 874.5000 18
1923.7000 874.5000 59
1948.7000 874.5000 100
1973.7000 874.5000 41
1998.7000 874.5000 82
2023.7000 874.5000 23
2048.7000 874.5000 64
2073.7000 874.5000 5
2098.7000 874.5000 46
2123.7000 874.5000 87
2148.7000 874.5000 28
2173.7000 874.5000 69
2198.7000 874.5000 10
2248.7000 874.5000 51
1298.7000 899.5000 92
1348.7000 899.5000 33
1398.7000 899.5000 74
1448.7000 899.5000 15
1498.7000 899.5000 56
1548.7000 899.5000 97
1598.7000 899.5000 38
1648.7000 899.5000 79
1698.7000 899.5000 20
1748.7000 899.5000 61
1798.7000 899.5000 2
1848.7000 899.5000 43
1898.7000 899.5000 84
1948.7000 899.5000 25
1998.7000 899.5000 66
2048.7000 899.5000 7
2098.7000 899.5000 48
2148.7000 899.5000 89
2198.7000 899.5000 30
2248.7000 899.5000 71
2298.7000 899.5000 12
2348.7000 899.5000 53
2398.7000 899.5000 94
2448.7000 899.5000 35
2498.7000 899.5000 76
2548.7000 899.5000 17
2598.7000 899.5000 58
2648.7000 899.5000 99
2698.7000 899.5000 40
2748.7000 899.5000 81
2798.7000 899.5000 22
2848.7000 899.5000 63
2898.7000 899.5000 4
2948.7000 899.5000 45
2998.7000 899.5000 86
3048.7000 899.5000 27
3098.7000 899.5000 68
3148.7000 899.5000 9
3198.7000 899.5000 50
3248.7000 899.5000 91
3298.7000 899.5000 32
3348.7000 899.5000 73
3398.7000 899.5000 14
3448.7000 899.5000 55
3423.7000 924.5000 96
3373.7000 924.5000 37
3323.7000 924.5000 78
3273.7000 924.5000 19
3223.7000 924.5000 60
3173.7000 924.5000 1
3123.7000 924.5000 42
3073.7000 924.5000 83
3023.7000 924.5000 24
2973.7000 924.5000 65
2923.7000 924.5000 6
2873.7000 924.5000 47
2823.7000 924.5000 88
2773.7000 924.5000 29
2723.7000 924.5000 70
2673.7000 924.5000 11
2623.7000 924.5000 52
2573.7000 924.5000 93
2448.7000 924.5000 34
2398.7000 924.5000 75
2348.7000 924.5000 16
2298.7000 924.5000 57
2173.7000 924.5000 98
2123.7000 924.5000 39
2073.7000 924.5000 80
2023.7000 924.5000 21
1973.7000 924.5000 62
1923.7000 924.5000 3
1873.7000 924.5000 44
1823.7000 924.5000 85
1773.7000 924.5000 26
1723.7000 924.5000 67
1673.7000 924.5000 8
1623.7000 924.5000 49
1573.7000 924.5000 90
1523.7000 924.5000 31
1473.7000 924.5000 72
1423.7000 924.5000 13
1373.7000 924.5000 54
1323.7000 924.5000 95
2298.7000 949.5000 36
2348.7000 949.5000 77
2398.7000 949.5000 18
2448.7000 949.5000 59
2678.5000 996.4000 100
2202.2000 996.4000 41
1522.8000 1085.3000 82
1395.8000 1110.7000 23
1472.0000 1110.7000 64
1573.6000 1110.7000 5
1649.8000 1110.7000 46
2107.0000 1110.7000 87
2183.2000 1110.7000 28
2284.8000 1110.7000 69
2361.0000 1110.7000 10
2361.0000 1136.1000 51
2284.8000 1136.1000 92
2183.2000 1136.1000 33
2107.0000 1136.1000 74
2005.4000 1136.1000 15
1929.2000 1136.1000 56
1827.6000 1136.1000 97
1751.4000 1136.1000 38
1649.8000 1136.1000 79
1573.6000 1136.1000 20
1522.8000 1136.1000 61
1472.0000 1136.1000 2
1395.8000 1136.1000 43
1395.8000 1161.5000 84
1472.0000 1161.5000 25
1573.6000 1161.5000 66
1649.8000 1161.5000 7
1751.4000 1161.5000 48
1827.6000 1161.5000 89
1929.2000 1161.5000 30
2005.4000 1161.5000 71
2107.0000 1161.5000 12
2183.2000 1161.5000 53
2284.8000 1161.5000 94
2361.0000 1161.5000 35
2869.0000 1186.9000 76
2818.2000 1186.9000 17
2767.4000 1186.9000 58
2716.6000 1186.9000 99
2361.0000 1186.9000 40
2284.8000 1186.9000 81
2183.2000 1186.9000 22
2107.0000 1186.9000 63
2005.4000 1186.9000 4
1929.2000 1186.9000 45
1827.6000 1186.9000 86
1751.4000 1186.9000 27
1649.8000 1186.9000 68
1573.6000 1186.9000 9
1472.0000 1186.9000 50
1395.8000 1186.9000 91
1395.8000 1212.3000 32
1472.0000 1212.3000 73
1573.6000 1212.3000 14
1649.8000 1212.3000 55
1751.4000 1212.3000 96
1827.6000 1212.3000 37
1929.2000 1212.3000 78
2005.4000 1212.3000 19
2107.0000 1212.3000 60
2183.2000 1212.3000 1
2284.8000 1212.3000 42
2361.0000 1212.3000 83
2361.0000 1237.7000 24
2284.8000 1237.7000 65
2183.2000 1237.7000 6
2107.0000 1237.7000 47
2005.4000 1237.7000 88
1929.2000 1237.7000 29
1827.6000 1237.7000 70
1751.4000 1237.7000 11
1649.8000 1237.7000 52
1573.6000 1237.7000 93
1472.0000 1237.7000 34
1395.8000 1237.7000 75
1395.8000 1263.1000 16
1472.0000 1263.1000 57
1573.6000 1263.1000 98
1649.8000 1263.1000 39
1751.4000 1263.1000 80
1827.6000 1263.1000 21
1929.2000 1263.1000 62
2005.4000 1263.1000 3
2107.0000 1263.1000 44
2183.2000 1263.1000 85
2284.8000 1263.1000 26
2361.0000 1263.1000 67
2437.2000 1263.1000 8
2513.4000 1263.1000 49
2361.0000 1288.5000 90
2284.8000 1288.5000 31
2183.2000 1288.5000 72
2107.0000 1288.5000 13
2005.4000 1288.5000 54
1929.2000 1288.5000 95
1827.6000 1288.5000 36
1751.4000 1288.5000 77
1649.8000 1288.5000 18
1573.6000 1288.5000 59
1472.0000 1288.5000 100
1395.8000 1288.5000 41
2437.2000 1313.9000 82
2513.4000 1313.9000 23
2742.0000 1313.9000 64
2767.4000 1313.9000 5
2843.6000 1313.9000 46
2869.0000 1313.9000 87
2869.0000 1364.7000 28
2818.2000 1364.7000 69
2767.4000 1364.7000 10
2716.6000 1364.7000 51
1853.0000 1364.7000 92
1751.4000 1364.7000 33
1853.0000 1390.1000 74
1751.4000 1390.1000 15
1649.8000 1390.1000 56
1573.6000 1390.1000 97
1472.0000 1390.1000 38
1395.8000 1390.1000 79
1395.8000 1415.5000 20
1472.0000 1415.5000 61
1573.6000 1415.5000 2
1649.8000 1415.5000 43
1751.4000 1415.5000 84
1853.0000 1415.5000 25
1929.2000 1415.5000 66
2005.4000 1415.5000 7
2107.0000 1415.5000 48
2183.2000 1415.5000 89
2284.8000 1415.5000 30
2361.0000 1415.5000 71
2462.6000 1415.5000 12
2538.8000 1415.5000 53
2538.8000 1440.9000 94
2462.6000 1440.9000 35
2361.0000 1440.9000 76
2284.8000 1440.9000 17
2183.2000 1440.9000 58
2107.0000 1440.9000 99
2005.4000 1440.9000 40
1929.2000 1440.9000 81
1853.0000 1440.9000 22
1751.4000 1440.9000 63
1649.8000 1440.9000 4
1573.6000 1440.9000 45
1472.0000 1440.9000 86
1395.8000 1440.9000 27
1395.8000 1466.3000 68
1472.0000 1466.3000 9
1573.6000 1466.3000 50
1649.8000 1466.3000 91
1751.4000 1466.3000 32
1853.0000 1466.3000 73
1929.2000 1466.3000 14
2005.4000 1466.3000 55
2107.0000 1466.3000 96
2183.2000 1466.3000 37
2284.8000 1466.3000 78
2361.0000 1466.3000 19
2462.6000 1466.3000 60
2538.8000 1466.3000 1
2869.0000 1491.7000 42
2843.6000 1491.7000 83
2767.4000 1491.7000 24
2742.0000 1491.7000 65
2538.8000 1491.7000 6
2462.6000 1491.7000 47
2361.0000 1491.7000 88
2284.8000 1491.7000 29
2183.2000 1491.7000 70
2107.0000 1491.7000 11
2005.4000 1491.7000 52
1929.2000 1491.7000 93
1853.0000 1491.7000 34
1751.4000 1491.7000 75
1649.8000 1491.7000 16
1573.6000 1491.7000 57
1472.0000 1491.7000 98
1395.8000 1491.7000 39
1395.8000 1517.1000 80
1472.0000 1517.1000 21
1573.6000 1517.1000 62
1649.8000 1517.1000 3
1929.2000 1517.1000 44
2005.4000 1517.1000 85
2107.0000 1517.1000 26
2183.2000 1517.1000 67
2284.8000 1517.1000 8
2361.0000 1517.1000 49
2462.6000 1517.1000 90
2538.8000 1517.1000 31
2538.8000 1542.5000 72
2462.6000 1542.5000 13
2361.0000 1542.5000 54
2284.8000 1542.5000 95
2183.2000 1542.5000 36
2107.0000 1542.5000 77
2005.4000 1542.5000 18
1929.2000 1542.5000 59
1649.8000 1542.5000 100
1573.6000 1542.5000 41
1472.0000 1542.5000 82
1395.8000 1542.5000 23
1395.8000 1567.9000 64
1472.0000 1567.9000 5
1573.6000 1567.9000 46
1649.8000 1567.9000 87
1929.2000 1567.9000 28
2005.4000 1567.9000 69
2107.0000 1567.9000 10
2183.2000 1567.9000 51
2284.8000 1567.9000 92
2361.0000 1567.9000 33
2462.6000 1567.9000 74
2538.8000 1567.9000 15
2538.8000 1694.9000 56
2462.6000 1694.9000 97
2183.2000 1694.9000 38
2107.0000 1694.9000 79
1649.8000 1694.9000 20
1573.6000 1694.9000 61
1472.0000 1694.9000 2
1395.8000 1694.9000 43
1395.8000 1720.3000 84
1472.0000 1720.3000 25
1573.6000 1720.3000 66
1649.8000 1720.3000 7
1929.2000 1720.3000 48
2005.4000 1720.3000 89
2107.0000 1720.3000 30
2183.2000 1720.3000 71
2284.8000 1720.3000 12
2361.0000 1720.3000 53
2462.6000 1720.3000 94
2538.8000 1720.3000 35
2640.4000 1720.3000 76
2716.6000 1720.3000 17
3961.2000 1745.7000 58
3885.0000 1745.7000 99
3834.2000 1745.7000 40
3758.0000 1745.7000 81
3707.2000 1745.7000 22
3631.0000 1745.7000 63
3580.2000 1745.7000 4
3504.0000 1745.7000 45
3453.2000 1745.7000 86
3377.0000 1745.7000 27
3326.2000 1745.7000 68
3250.0000 1745.7000 9
3199.2000 1745.7000 50
3123.0000 1745.7000 91
3072.2000 1745.7000 32
2996.0000 1745.7000 73
2894.4000 1745.7000 14
2716.6000 1745.7000 55
2640.4000 1745.7000 96
2538.8000 1745.7000 37
2462.6000 1745.7000 78
2361.0000 1745.7000 19
2284.8000 1745.7000 60
2183.2000 1745.7000 1
2107.0000 1745.7000 42
2005.4000 1745.7000 83
1929.2000 1745.7000 24
1649.8000 1745.7000 65
1573.6000 1745.7000 6
1472.0000 1745.7000 47
1395.8000 1745.7000 88
1395.8000 1771.1000 29
1472.0000 1771.1000 70
1573.6000 1771.1000 11
1649.8000 1771.1000 52
1929.2000 1771.1000 93
2005.4000 1771.1000 34
2107.0000 1771.1000 75
2183.2000 1771.1000 16
2284.8000 1771.1000 57
2361.0000 1771.1000 98
2462.6000 1771.1000 39
2538.8000 1771.1000 80
2640.4000 1771.1000 21
2716.6000 1771.1000 62
3961.2000 1796.5000 3
3885.0000 1796.5000 44
3834.2000 1796.5000 85
3758.0000 1796.5000 26
3707.2000 1796.5000 67
3631.0000 1796.5000 8
3580.2000 1796.5000 49
3504.0000 1796.5000 90
3453.2000 1796.5000 31
3377.0000 1796.5000 72
3326.2000 1796.5000 13
3250.0000 1796.5000 54
3199.2000 1796.5000 95
3123.0000 1796.5000 36
3072.2000 1796.5000 77
2996.0000 1796.5000 18
2894.4000 1796.5000 59
2716.6000 1796.5000 100
2640.4000 1796.5000 41
2538.8000 1796.5000 82
2462.6000 1796.5000 23
2361.0000 1796.5000 64
2284.8000 1796.5000 5
2183.2000 1796.5000 46
2107.0000 1796.5000 87
2005.4000 1796.5000 28
1929.2000 1796.5000 69
1649.8000 1796.5000 10
1573.6000 1796.5000 51
1472.0000 1796.5000 92
1395.8000 1796.5000 33
1395.8000 1821.9000 74
1472.0000 1821.9000 15
1573.6000 1821.9000 56
1649.8000 1821.9000 97
1929.2000 1821.9000 38
2005.4000 1821.9000 79
2107.0000 1821.9000 20
2183.2000 1821.9000 61
2284.8000 1821.9000 2
2361.0000 1821.9000 43
2462.6000 1821.9000 84
2538.8000 1821.9000 25
2640.4000 1821.9000 66
2716.6000 1821.9000 7
2957.9000 1821.9000 48
3961.2000 1847.3000 89
3885.0000 1847.3000 30
3834.2000 1847.3000 71
3758.0000 1847.3000 12
3707.2000 1847.3000 53
3631.0000 1847.3000 94
3580.2000 1847.3000 35
3504.0000 1847.3000 76
3453.2000 1847.3000 17
3377.0000 1847.3000 58
3326.2000 1847.3000 99
3250.0000 1847.3000 40
3199.2000 1847.3000 81
3123.0000 1847.3000 22
3072.2000 1847.3000 63
2996.0000 1847.3000 4
2818.2000 1847.3000 45
2716.6000 1847.3000 86
2640.4000 1847.3000 27
2538.8000 1847.3000 68
2462.6000 1847.3000 9
2361.0000 1847.3000 50
2284.8000 1847.3000 91
2183.2000 1847.3000 32
2107.0000 1847.3000 73
2005.4000 1847.3000 14
1929.2000 1847.3000 55
1649.8000 1847.3000 96
1573.6000 1847.3000 37
1472.0000 1847.3000 78
1395.8000 1847.3000 19
1395.8000 1872.7000 60
1472.0000 1872.7000 1
1573.6000 1872.7000 42
1649.8000 1872.7000 83
1929.2000 1872.7000 24
2005.4000 1872.7000 65
2107.0000 1872.7000 6
2183.2000 1872.7000 47
2284.8000 1872.7000 88
2361.0000 1872.7000 29
2462.6000 1872.7000 70
2538.8000 1872.7000 11
2640.4000 1872.7000 52
2716.6000 1872.7000 93
2894.4000 1910.8000 34
2869.0000 1923.5000 75
2957.9000 1923.5000 16
2996.0000 1923.5000 57
3072.2000 1923.5000 98
3123.0000 1923.5000 39
3199.2000 1923.5000 80
3250.0000 1923.5000 21
3326.2000 1923.5000 62
3377.0000 1923.5000 3
3453.2000 1923.5000 44
3504.0000 1923.5000 85
3580.2000 1923.5000 26
3631.0000 1923.5000 67
3707.2000 1923.5000 8
3758.0000 1923.5000 49
3834.2000 1923.5000 90
3885.0000 1923.5000 31
3961.2000 1923.5000 72
2894.4000 1936.2000 13
2818.2000 1948.9000 54
3072.2000 1961.6000 95
2538.8000 1974.3000 36
2640.4000 1974.3000 77
2716.6000 1974.3000 18
3758.0000 1974.3000 59
3148.4000 1999.7000 100
2996.0000 1999.7000 41
2919.8000 1999.7000 82
2843.6000 1999.7000 23
2716.6000 1999.7000 64
2640.4000 1999.7000 5
2284.8000 1999.7000 46
2132.4000 1999.7000 87
2030.8000 1999.7000 28
1878.4000 1999.7000 69
1764.1000 1999.7000 10
1687.9000 1999.7000 51
1548.2000 1999.7000 92
1395.8000 1999.7000 33
1395.8000 2025.1000 74
1548.2000 2025.1000 15
1687.9000 2025.1000 56
1764.1000 2025.1000 97
1878.4000 2025.1000 38
2030.8000 2025.1000 79
2132.4000 2025.1000 20
2284.8000 2025.1000 61
2538.8000 2025.1000 2
2640.4000 2025.1000 43
2716.6000 2025.1000 84
2843.6000 2025.1000 25
2919.8000 2025.1000 66
3148.4000 2050.5000 7
2996.0000 2050.5000 48
2919.8000 2050.5000 89
2843.6000 2050.5000 30
2716.6000 2050.5000 71
2640.4000 2050.5000 12
2284.8000 2050.5000 53
2132.4000 2050.5000 94
2030.8000 2050.5000 35
1878.4000 2050.5000 76
1764.1000 2050.5000 17
1687.9000 2050.5000 58
1548.2000 2050.5000 99
1395.8000 2050.5000 40
1395.8000 2075.9000 81
1548.2000 2075.9000 22
1687.9000 2075.9000 63
1764.1000 2075.9000 4
1878.4000 2075.9000 45
2030.8000 2075.9000 86
2132.4000 2075.9000 27
2284.8000 2075.9000 68
3758.0000 2075.9000 9
3072.2000 2088.6000 50
2538.8000 2101.3000 91
2462.6000 2101.3000 32
2284.8000 2101.3000 73
2132.4000 2101.3000 14
2030.8000 2101.3000 55
1878.4000 2101.3000 96
1764.1000 2101.3000 37
1687.9000 2101.3000 78
1548.2000 2101.3000 19
1395.8000 2101.3000 60
1395.8000 2126.7000 1
1548.2000 2126.7000 42
1687.9000 2126.7000 83
1764.1000 2126.7000 24
1878.4000 2126.7000 65
2030.8000 2126.7000 6
2132.4000 2126.7000 47
2284.8000 2126.7000 88
2462.6000 2126.7000 29
2538.8000 2126.7000 70
2640.4000 2126.7000 11
2716.6000 2126.7000 52
3072.2000 2126.7000 93
3123.0000 2126.7000 34
3758.0000 2126.7000 75
3681.8000 2152.1000 16
3631.0000 2152.1000 57
2716.6000 2152.1000 98
2640.4000 2152.1000 39
2538.8000 2152.1000 80
2462.6000 2152.1000 21
2284.8000 2152.1000 62
2132.4000 2152.1000 3
2030.8000 2152.1000 44
1878.4000 2152.1000 85
1764.1000 2152.1000 26
1687.9000 2152.1000 67
1548.2000 2152.1000 8
1395.8000 2152.1000 49
1395.8000 2177.5000 90
1548.2000 2177.5000 31
1878.4000 2177.5000 72
2030.8000 2177.5000 13
2132.4000 2177.5000 54
2284.8000 2177.5000 95
2462.6000 2177.5000 36
2538.8000 2177.5000 77
2640.4000 2177.5000 18
2716.6000 2177.5000 59
2716.6000 2202.9000 100
2640.4000 2202.9000 41
2538.8000 2202.9000 82
2462.6000 2202.9000 23
2284.8000 2202.9000 64
2132.4000 2202.9000 5
2030.8000 2202.9000 46
1878.4000 2202.9000 87
1548.2000 2202.9000 28
1395.8000 2202.9000 69
1395.8000 2228.3000 10
1548.2000 2228.3000 51
1878.4000 2228.3000 92
2030.8000 2228.3000 33
2132.4000 2228.3000 74
2284.8000 2228.3000 15
2462.6000 2228.3000 56
2538.8000 2228.3000 97
2640.4000 2228.3000 38
2716.6000 2228.3000 79
3758.0000 2253.7000 20
3123.0000 2253.7000 61
3072.2000 2253.7000 2
2716.6000 2253.7000 43
2640.4000 2253.7000 84
2538.8000 2253.7000 25
2462.6000 2253.7000 66
2284.8000 2253.7000 7
2132.4000 2253.7000 48
2030.8000 2253.7000 89
1878.4000 2253.7000 30
1548.2000 2253.7000 71
1395.8000 2253.7000 12
1395.8000 2279.1000 53
1548.2000 2279.1000 94
1878.4000 2279.1000 35
2030.8000 2279.1000 76
2132.4000 2279.1000 17
2284.8000 2279.1000 58
2462.6000 2279.1000 99
2538.8000 2279.1000 40
2640.4000 2279.1000 81
2716.6000 2279.1000 22
3656.4000 2279.1000 63
3681.8000 2279.1000 4
2716.6000 2304.5000 45
2640.4000 2304.5000 86
2538.8000 2304.5000 27
2462.6000 2304.5000 68
2284.8000 2304.5000 9
2132.4000 2304.5000 50
2030.8000 2304.5000 91
1878.4000 2304.5000 32
1751.4000 2304.5000 73
1675.2000 2304.5000 14
1548.2000 2304.5000 55
1395.8000 2304.5000 96
1395.8000 2329.9000 37
1548.2000 2329.9000 78
1675.2000 2329.9000 19
1751.4000 2329.9000 60
1878.4000 2329.9000 1
2030.8000 2329.9000 42
2132.4000 2329.9000 83
2284.8000 2329.9000 24
2462.6000 2329.9000 65
2538.8000 2329.9000 6
2640.4000 2329.9000 47
2716.6000 2329.9000 88
3758.0000 2355.3000 29
2284.8000 2355.3000 70
2132.4000 2355.3000 11
2030.8000 2355.3000 52
1878.4000 2355.3000 93
1751.4000 2355.3000 34
1675.2000 2355.3000 75
1548.2000 2355.3000 16
1395.8000 2355.3000 57
1395.8000 2380.7000 98
1548.2000 2380.7000 39
1675.2000 2380.7000 80
1751.4000 2380.7000 21
1878.4000 2380.7000 62
2030.8000 2380.7000 3
2132.4000 2380.7000 44
2284.8000 2380.7000 85
2284.8000 2406.1000 26
2132.4000 2406.1000 67
2030.8000 2406.1000 8
1878.4000 2406.1000 49
1751.4000 2406.1000 90
1675.2000 2406.1000 31
1548.2000 2406.1000 72
1395.8000 2406.1000 13
1319.6000 2418.8000 54
1395.8000 2431.5000 95
1548.2000 2431.5000 36
1675.2000 2431.5000 77
1751.4000 2431.5000 18
1878.4000 2431.5000 59
2030.8000 2431.5000 100
2132.4000 2431.5000 41
2284.8000 2431.5000 82
2640.4000 2431.5000 23
2716.6000 2431.5000 64
3758.0000 2456.9000 5
2716.6000 2456.9000 46
2640.4000 2456.9000 87
2284.8000 2456.9000 28
2132.4000 2456.9000 69
2030.8000 2456.9000 10
1878.4000 2456.9000 51
1751.4000 2456.9000 92
1675.2000 2456.9000 33
1548.2000 2456.9000 74
1395.8000 2456.9000 15
1319.6000 2469.6000 56
1395.8000 2482.3000 97
1548.2000 2482.3000 38
1675.2000 2482.3000 79
1751.4000 2482.3000 20
1878.4000 2482.3000 61
2030.8000 2482.3000 2
2132.4000 2482.3000 43
2284.8000 2482.3000 84
2640.4000 2482.3000 25
2716.6000 2482.3000 66
2640.4000 2507.7000 7
2716.6000 2507.7000 48
3758.0000 2507.7000 89
2716.6000 2533.1000 30
2640.4000 2533.1000 71
2640.4000 2558.5000 12
2716.6000 2558.5000 53
2640.4000 2583.9000 94
2716.6000 2583.9000 35
3631.0000 2583.9000 76
3681.8000 2583.9000 17
2716.6000 2609.3000 58
2640.4000 2609.3000 99
3758.0000 2634.7000 40
2869.0000 2634.7000 81
2716.6000 2634.7000 22
2640.4000 2634.7000 63
2284.8000 2634.7000 4
2132.4000 2634.7000 45
2030.8000 2634.7000 86
1878.4000 2634.7000 27
1802.2000 2634.7000 68
1649.8000 2634.7000 9
1548.2000 2634.7000 50
1395.8000 2634.7000 91
1395.8000 2660.1000 32
1548.2000 2660.1000 73
1649.8000 2660.1000 14
1802.2000 2660.1000 55
1878.4000 2660.1000 96
2030.8000 2660.1000 37
2132.4000 2660.1000 78
2284.8000 2660.1000 19
2640.4000 2660.1000 60
2716.6000 2660.1000 1
2284.8000 2685.5000 42
2132.4000 2685.5000 83
2030.8000 2685.5000 24
1878.4000 2685.5000 65
1802.2000 2685.5000 6
1649.8000 2685.5000 47
1548.2000 2685.5000 88
1395.8000 2685.5000 29
1243.4000 2685.5000 70
1395.8000 2710.9000 11
1548.2000 2710.9000 52
1649.8000 2710.9000 93
1802.2000 2710.9000 34
1878.4000 2710.9000 75
2030.8000 2710.9000 16
2132.4000 2710.9000 57
2284.8000 2710.9000 98
3656.4000 2710.9000 39
3681.8000 2710.9000 80
2869.0000 2736.3000 21
2538.8000 2736.3000 62
2462.6000 2736.3000 3
2284.8000 2736.3000 44
2132.4000 2736.3000 85
2030.8000 2736.3000 26
1878.4000 2736.3000 67
1802.2000 2736.3000 8
1649.8000 2736.3000 49
1548.2000 2736.3000 90
1395.8000 2736.3000 31
1395.8000 2761.7000 72
1548.2000 2761.7000 13
1649.8000 2761.7000 54
1802.2000 2761.7000 95
1878.4000 2761.7000 36
2030.8000 2761.7000 77
2132.4000 2761.7000 18
2284.8000 2761.7000 59
2462.6000 2761.7000 100
2538.8000 2761.7000 41
2716.6000 2787.1000 82
2640.4000 2787.1000 23
2538.8000 2787.1000 64
2462.6000 2787.1000 5
2284.8000 2787.1000 46
2132.4000 2787.1000 87
2030.8000 2787.1000 28
1878.4000 2787.1000 69
1802.2000 2787.1000 10
1649.8000 2787.1000 51
1548.2000 2787.1000 92
1395.8000 2787.1000 33
1395.8000 2812.5000 74
1548.2000 2812.5000 15
1649.8000 2812.5000 56
1802.2000 2812.5000 97
1878.4000 2812.5000 38
2030.8000 2812.5000 79
2132.4000 2812.5000 20
2284.8000 2812.5000 61
2462.6000 2812.5000 2
2538.8000 2812.5000 43
2640.4000 2812.5000 84
2716.6000 2812.5000 25
3453.2000 2837.9000 66
3351.6000 2837.9000 7
2716.6000 2837.9000 48
2640.4000 2837.9000 89
2538.8000 2837.9000 30
2462.6000 2837.9000 71
2284.8000 2837.9000 12
2132.4000 2837.9000 53
2030.8000 2837.9000 94
1878.4000 2837.9000 35
1802.2000 2837.9000 76
1649.8000 2837.9000 17
1548.2000 2837.9000 58
1395.8000 2837.9000 99
1395.8000 2863.3000 40
1548.2000 2863.3000 81
1649.8000 2863.3000 22
1802.2000 2863.3000 63
1878.4000 2863.3000 4
2030.8000 2863.3000 45
2132.4000 2863.3000 86
2284.8000 2863.3000 27
2462.6000 2863.3000 68
2538.8000 2863.3000 9
2640.4000 2863.3000 50
2716.6000 2863.3000 91
2869.0000 2888.7000 32
2818.2000 2888.7000 73
2716.6000 2888.7000 14
2640.4000 2888.7000 55
2538.8000 2888.7000 96
2462.6000 2888.7000 37
2284.8000 2888.7000 78
2132.4000 2888.7000 19
2030.8000 2888.7000 60
1878.4000 2888.7000 1
1802.2000 2888.7000 42
1649.8000 2888.7000 83
1548.2000 2888.7000 24
1395.8000 2888.7000 65
1319.6000 2901.4000 6
1294.2000 2901.4000 47
1268.8000 2901.4000 88
1395.8000 2914.1000 29
1548.2000 2914.1000 70
1649.8000 2914.1000 11
1802.2000 2914.1000 52
1878.4000 2914.1000 93
2030.8000 2914.1000 34
2132.4000 2914.1000 75
2284.8000 2914.1000 16
2462.6000 2914.1000 57
2538.8000 2914.1000 98
2640.4000 2914.1000 39
2716.6000 2914.1000 80
2716.6000 2939.5000 21
2640.4000 2939.5000 62
2538.8000 2939.5000 3
2462.6000 2939.5000 44
2284.8000 2939.5000 85
2132.4000 2939.5000 26
2030.8000 2939.5000 67
1878.4000 2939.5000 8
1802.2000 2939.5000 49
1649.8000 2939.5000 90
1548.2000 2939.5000 31
1395.8000 2939.5000 72
1395.8000 2964.9000 13
1548.2000 2964.9000 54
1649.8000 2964.9000 95
1802.2000 2964.9000 36
1878.4000 2964.9000 77
2030.8000 2964.9000 18
2132.4000 2964.9000 59
2284.8000 2964.9000 100
2462.6000 2964.9000 41
2538.8000 2964.9000 82
2640.4000 2964.9000 23
2716.6000 2964.9000 64
3351.6000 2964.9000 5
3453.2000 2964.9000 46
2869.0000 2990.3000 87
2818.2000 2990.3000 28
3554.8000 3015.7000 69
3580.2000 3015.7000 10
3605.6000 3015.7000 51
3631.0000 3015.7000 92
3656.4000 3015.7000 33
3681.8000 3015.7000 74
3707.2000 3015.7000 15
3732.6000 3015.7000 56
3758.0000 3015.7000 97
3783.4000 3015.7000 38
3808.8000 3015.7000 79
3834.2000 3015.7000 20
3859.6000 3015.7000 61
3453.2000 3041.1000 2
3402.4000 3041.1000 43
3326.2000 3041.1000 84
3275.4000 3041.1000 25
1522.8000 3041.1000 66
1472.0000 3041.1000 7
3554.8000 3066.5000 48
3580.2000 3066.5000 89
3605.6000 3066.5000 30
3631.0000 3066.5000 71
3656.4000 3066.5000 12
3681.8000 3066.5000 53
3707.2000 3066.5000 94
3732.6000 3066.5000 35
3758.0000 3066.5000 76
3783.4000 3066.5000 17
3808.8000 3066.5000 58
3834.2000 3066.5000 99
3859.6000 3066.5000 40
2498.7000 874.5000 81
2548.7000 874.5000 22
2573.7000 874.5000 63
2598.7000 874.5000 4
2623.7000 874.5000 45
2648.7000 874.5000 86
2673.7000 874.5000 27
2698.7000 874.5000 68
2723.7000 874.5000 9
2748.7000 874.5000 50
2773.7000 874.5000 91
2798.7000 874.5000 32
2823.7000 874.5000 73
2848.7000 874.5000 14
2873.7000 874.5000 55
2898.7000 874.5000 96
2923.7000 874.5000 37
2948.7000 874.5000 78
2973.7000 874.5000 19
2998.7000 874.5000 60
3023.7000 874.5000 1
3048.7000 874.5000 42
3073.7000 874.5000 83
3098.7000 874.5000 24
3123.7000 874.5000 65
3148.7000 874.5000 6
3173.7000 874.5000 47
3198.7000 874.5000 88
3223.7000 874.5000 29
3248.7000 874.5000 70
3273.7000 874.5000 11
3298.7000 874.5000 52
3323.7000 874.5000 93
3348.7000 874.5000 34
3373.7000 874.5000 75
3398.7000 874.5000 16
3423.7000 874.5000 57
3448.7000 874.5000 98
3554.8000 907.5000 39
3580.2000 907.5000 80
3605.6000 907.5000 21
3631.0000 907.5000 62
3656.4000 907.5000 3
3681.8000 907.5000 44
3707.2000 907.5000 85
3732.6000 907.5000 26
3758.0000 907.5000 67
3783.4000 907.5000 8
3808.8000 907.5000 49
3834.2000 907.5000 90
3859.6000 907.5000 31
3859.6000 958.3000 72
3834.2000 958.3000 13
3808.8000 958.3000 54
3783.4000 958.3000 95
3758.0000 958.3000 36
3732.6000 958.3000 77
3707.2000 958.3000 18
3681.8000 958.3000 59
3656.4000 958.3000 100
3631.0000 958.3000 41
3605.6000 958.3000 82
3580.2000 958.3000 23
3554.8000 958.3000 64
0.0000 0.0000 0