n 1305 
m 3 
tmax 42158
15440.0000 8888.0000 0
15440.0000 9328.0000 15
15440.0000 9768.0000 56
15440.0000 11264.0000 97
15440.0000 13288.0000 38
15440.0000 14058.0000 79
15536.0000 8228.0000 20
15616.0000 8228.0000 61
15824.0000 8228.0000 2
16048.0000 8228.0000 43
16176.0000 8228.0000 84
16384.0000 8228.0000 25
16512.0000 8228.0000 66
16624.0000 8228.0000 7
16704.0000 8228.0000 48
16784.0000 8228.0000 89
16880.0000 8228.0000 30
17024.0000 8228.0000 71
17312.0000 8228.0000 12
17440.0000 8228.0000 53
17600.0000 8228.0000 94
17872.0000 8228.0000 35
17936.0000 4400.0000 76
6320.0000 10626.0000 17
6320.0000 12012.0000 58
6432.0000 9680.0000 99
6480.0000 4180.0000 40
6480.0000 4796.0000 81
6480.0000 5544.0000 22
6480.0000 6732.0000 63
1232.0000 5918.0000 4
1232.0000 7304.0000 45
1232.0000 12012.0000 86
1232.0000 14432.0000 27
1456.0000 5588.0000 68
1520.0000 4730.0000 9
4272.0000 11154.0000 50
4272.0000 11858.0000 91
4304.0000 10296.0000 32
4416.0000 10296.0000 73
4496.0000 10296.0000 14
4528.0000 5544.0000 55
4528.0000 7040.0000 96
4592.0000 10296.0000 37
4704.0000 10296.0000 78
4784.0000 10296.0000 19
4880.0000 10296.0000 60
4944.0000 10296.0000 1
5120.0000 10296.0000 42
5200.0000 10296.0000 83
5360.0000 10296.0000 24
5504.0000 10296.0000 65
5616.0000 10296.0000 6
5648.0000 7942.0000 47
5648.0000 9020.0000 88
5680.0000 6952.0000 29
5808.0000 6952.0000 70
5952.0000 6952.0000 11
6096.0000 6952.0000 52
6160.0000 6952.0000 93
6240.0000 6952.0000 34
5648.0000 14322.0000 75
6288.0000 4180.0000 16
6288.0000 4796.0000 57
6288.0000 5544.0000 98
6288.0000 8052.0000 39
6688.0000 9020.0000 80
6800.0000 9020.0000 21
6912.0000 9020.0000 62
7072.0000 9020.0000 3
7120.0000 5280.0000 44
7120.0000 6732.0000 85
7120.0000 7172.0000 26
7120.0000 7942.0000 67
18432.0000 4422.0000 8
18720.0000 4422.0000 49
18912.0000 4422.0000 90
19040.0000 4422.0000 31
14128.0000 5610.0000 72
14128.0000 7480.0000 13
14128.0000 8888.0000 54
14128.0000 9328.0000 95
14320.0000 9548.0000 36
14464.0000 9548.0000 77
14608.0000 9548.0000 18
14672.0000 9548.0000 59
14736.0000 9548.0000 100
14800.0000 9548.0000 41
14896.0000 9548.0000 82
15024.0000 9548.0000 23
15280.0000 9768.0000 64
15280.0000 11264.0000 5
15280.0000 13288.0000 46
15280.0000 14058.0000 87
3504.0000 9240.0000 28
3504.0000 10142.0000 69
3504.0000 12012.0000 10
3648.0000 9020.0000 51
3760.0000 9020.0000 92
3872.0000 9020.0000 33
4096.0000 9020.0000 74
4304.0000 9020.0000 15
4784.0000 9020.0000 56
4880.0000 9020.0000 97
4960.0000 9020.0000 38
5136.0000 9020.0000 79
5216.0000 9020.0000 20
5344.0000 9020.0000 61
5776.0000 9020.0000 2
5808.0000 4488.0000 43
5808.0000 5544.0000 84
5808.0000 8052.0000 25
784.0000 4400.0000 66
784.0000 5500.0000 7
816.0000 6776.0000 48
912.0000 6776.0000 89
1056.0000 7524.0000 30
1104.0000 12012.0000 71
1104.0000 14432.0000 12
9104.0000 10472.0000 53
9104.0000 11704.0000 94
9104.0000 12540.0000 35
9104.0000 13508.0000 76
9104.0000 14058.0000 17
9216.0000 9548.0000 58
9296.0000 9548.0000 99
9456.0000 9548.0000 40
9568.0000 9548.0000 81
9664.0000 9548.0000 22
9776.0000 9548.0000 63
9840.0000 9548.0000 4
9904.0000 9548.0000 45
10080.0000 9548.0000 86
10336.0000 9548.0000 27
10448.0000 9548.0000 68
10544.0000 9548.0000 9
10640.0000 9548.0000 50
10768.0000 9548.0000 91
10864.0000 9548.0000 32
10960.0000 9548.0000 73
11088.0000 9548.0000 14
11168.0000 9548.0000 55
11344.0000 9548.0000 96
11568.0000 9548.0000 37
11696.0000 9548.0000 78
11792.0000 9548.0000 19
11824.0000 5324.0000 60
11824.0000 6512.0000 1
11824.0000 7172.0000 42
11824.0000 7612.0000 83
11824.0000 8492.0000 24
10768.0000 11484.0000 65
10768.0000 12540.0000 6
10768.0000 13068.0000 47
10768.0000 13970.0000 88
11024.0000 8932.0000 29
11088.0000 8932.0000 70
11184.0000 8932.0000 11
11280.0000 8932.0000 52
11584.0000 8932.0000 93
11760.0000 5324.0000 34
11760.0000 6512.0000 75
11760.0000 7172.0000 16
11760.0000 7612.0000 57
11760.0000 8382.0000 98
10064.0000 11704.0000 39
10064.0000 12540.0000 80
10064.0000 13068.0000 21
10064.0000 13508.0000 62
10064.0000 14190.0000 3
10128.0000 11484.0000 44
10192.0000 11484.0000 85
10336.0000 11484.0000 26
10448.0000 11484.0000 67
10640.0000 11484.0000 8
10864.0000 11484.0000 49
10960.0000 11484.0000 90
11024.0000 11484.0000 31
11088.0000 5324.0000 72
11088.0000 6842.0000 13
9072.0000 8976.0000 54
10480.0000 8492.0000 95
10544.0000 8492.0000 36
10640.0000 8492.0000 77
10736.0000 8492.0000 18
11216.0000 8492.0000 59
11280.0000 8492.0000 100
11408.0000 8492.0000 41
11536.0000 8492.0000 82
11936.0000 8492.0000 23
12064.0000 8492.0000 64
12112.0000 5104.0000 5
12112.0000 5764.0000 46
12112.0000 6512.0000 87
12112.0000 7172.0000 28
12112.0000 7612.0000 69
8688.0000 11594.0000 10
8688.0000 12540.0000 51
8688.0000 13508.0000 92
8688.0000 14058.0000 33
8720.0000 10956.0000 74
8800.0000 10956.0000 15
8944.0000 10956.0000 56
9488.0000 10956.0000 97
9712.0000 10956.0000 38
9904.0000 10956.0000 79
9968.0000 10956.0000 20
10112.0000 10956.0000 61
10192.0000 10956.0000 2
10544.0000 10956.0000 43
10640.0000 10956.0000 84
11600.0000 10956.0000 25
11728.0000 10956.0000 66
11968.0000 10956.0000 7
12048.0000 9284.0000 48
12048.0000 10362.0000 89
12192.0000 10736.0000 30
12288.0000 10736.0000 71
12368.0000 10736.0000 12
12400.0000 4796.0000 53
12400.0000 5874.0000 94
12400.0000 6512.0000 35
12400.0000 7172.0000 76
12400.0000 7612.0000 17
12400.0000 8272.0000 58
8528.0000 10362.0000 99
8528.0000 11594.0000 40
8528.0000 12540.0000 81
8528.0000 13508.0000 22
8528.0000 14058.0000 63
8560.0000 9988.0000 4
8720.0000 9988.0000 45
8800.0000 9988.0000 86
12336.0000 4796.0000 27
12336.0000 6512.0000 68
12336.0000 7172.0000 9
12336.0000 7612.0000 50
12336.0000 8272.0000 91
8464.0000 10516.0000 32
8464.0000 11594.0000 73
8464.0000 12540.0000 14
8560.0000 5170.0000 55
8560.0000 6732.0000 96
8560.0000 7282.0000 37
8560.0000 7832.0000 78
8560.0000 8866.0000 19
7216.0000 9350.0000 60
7216.0000 9988.0000 1
7216.0000 10516.0000 42
7216.0000 11374.0000 83
7216.0000 12430.0000 24
7216.0000 14432.0000 65
7408.0000 8932.0000 6
7504.0000 8932.0000 47
7568.0000 8932.0000 88
7664.0000 8932.0000 29
7728.0000 8932.0000 70
7760.0000 4906.0000 11
7760.0000 5544.0000 52
7760.0000 6732.0000 93
7760.0000 7172.0000 34
7760.0000 7722.0000 75
12560.0000 10516.0000 16
12560.0000 11264.0000 57
12560.0000 11814.0000 98
12560.0000 13288.0000 39
12560.0000 14058.0000 80
12640.0000 9768.0000 21
12752.0000 9768.0000 62
12848.0000 9768.0000 3
13056.0000 9768.0000 44
13152.0000 9768.0000 85
13232.0000 9768.0000 26
13328.0000 9768.0000 67
13392.0000 9768.0000 8
13584.0000 9768.0000 49
13696.0000 9768.0000 90
13808.0000 9768.0000 31
14032.0000 9768.0000 72
13680.0000 8888.0000 13
13680.0000 9328.0000 54
13680.0000 10516.0000 95
13680.0000 11264.0000 36
13680.0000 11814.0000 77
13680.0000 13288.0000 18
13680.0000 14058.0000 59
13712.0000 7480.0000 100
13808.0000 7480.0000 41
14064.0000 7480.0000 82
14320.0000 7480.0000 23
14448.0000 7480.0000 64
14512.0000 7480.0000 5
14608.0000 7480.0000 46
14672.0000 7480.0000 87
14736.0000 7480.0000 28
14800.0000 7480.0000 69
14896.0000 7480.0000 10
15024.0000 7480.0000 51
15408.0000 7480.0000 92
15536.0000 7480.0000 33
15616.0000 7480.0000 74
15824.0000 7480.0000 15
16048.0000 7480.0000 56
16176.0000 7480.0000 97
16384.0000 7480.0000 38
16512.0000 7480.0000 79
16672.0000 7480.0000 20
16768.0000 7480.0000 61
17072.0000 7480.0000 2
17168.0000 7480.0000 43
17312.0000 7480.0000 84
17440.0000 7480.0000 25
17536.0000 7480.0000 66
18128.0000 7480.0000 7
17712.0000 10626.0000 48
17712.0000 14058.0000 89
17968.0000 8448.0000 30
18112.0000 8448.0000 71
12784.0000 10406.0000 12
12784.0000 11264.0000 53
12784.0000 11814.0000 94
12784.0000 13288.0000 35
12784.0000 14058.0000 76
14192.0000 9988.0000 17
14896.0000 4906.0000 58
14896.0000 5874.0000 99
14896.0000 8888.0000 40
13712.0000 5390.0000 81
4208.0000 4290.0000 22
4208.0000 7040.0000 63
4208.0000 8052.0000 4
4592.0000 11264.0000 45
4704.0000 11264.0000 86
4784.0000 11264.0000 27
5792.0000 11264.0000 68
5968.0000 11264.0000 9
6080.0000 11264.0000 50
6224.0000 11264.0000 91
6528.0000 11264.0000 32
6608.0000 11264.0000 73
6800.0000 11264.0000 14
6912.0000 11264.0000 55
6992.0000 11264.0000 96
7056.0000 11264.0000 37
7136.0000 11264.0000 78
7376.0000 11264.0000 19
7440.0000 11264.0000 60
7568.0000 11264.0000 1
7712.0000 11264.0000 42
7792.0000 11264.0000 83
7856.0000 11264.0000 24
7920.0000 11264.0000 65
8000.0000 11264.0000 6
8112.0000 11264.0000 47
8272.0000 11264.0000 88
8368.0000 11264.0000 29
8400.0000 12540.0000 70
8400.0000 14058.0000 11
10480.0000 4796.0000 52
10544.0000 5104.0000 93
10640.0000 5104.0000 34
10752.0000 5104.0000 75
10832.0000 5104.0000 16
10912.0000 5104.0000 57
11008.0000 5104.0000 98
11200.0000 5104.0000 39
11280.0000 5104.0000 80
11408.0000 5104.0000 21
12304.0000 11814.0000 62
12304.0000 13288.0000 3
12304.0000 14058.0000 44
12656.0000 4906.0000 85
12656.0000 5874.0000 26
12656.0000 7172.0000 67
12656.0000 7612.0000 8
12656.0000 8272.0000 49
12656.0000 8888.0000 90
14864.0000 11264.0000 31
14864.0000 13288.0000 72
14864.0000 14058.0000 13
15024.0000 4906.0000 54
15024.0000 5874.0000 95
15024.0000 8888.0000 36
4592.0000 7612.0000 77
4656.0000 7612.0000 18
4768.0000 7612.0000 59
4880.0000 7612.0000 100
4976.0000 7612.0000 41
5056.0000 7612.0000 82
5488.0000 7612.0000 23
5952.0000 7612.0000 64
6096.0000 7612.0000 5
6160.0000 7612.0000 46
6560.0000 7612.0000 87
7664.0000 7612.0000 28
7792.0000 9350.0000 69
7792.0000 9988.0000 10
7792.0000 10516.0000 51
7792.0000 12430.0000 92
7792.0000 14168.0000 33
16496.0000 4906.0000 74
16496.0000 9922.0000 15
16624.0000 10736.0000 56
16704.0000 10736.0000 97
16784.0000 10736.0000 38
16880.0000 10736.0000 79
16944.0000 10736.0000 20
17008.0000 10736.0000 61
17104.0000 10736.0000 2
17296.0000 10736.0000 43
17424.0000 10736.0000 84
17616.0000 10736.0000 25
17952.0000 10736.0000 66
18080.0000 10736.0000 7
18208.0000 10736.0000 48
18368.0000 10736.0000 89
18416.0000 11176.0000 30
18416.0000 14168.0000 71
1264.0000 4620.0000 12
16400.0000 4906.0000 53
17904.0000 14058.0000 94
3984.0000 4180.0000 35
3984.0000 7150.0000 76
3984.0000 10076.0000 17
8272.0000 12540.0000 58
8272.0000 14058.0000 99
16336.0000 10296.0000 40
16336.0000 11264.0000 81
16336.0000 13288.0000 22
16976.0000 5126.0000 63
1008.0000 4840.0000 4
5808.0000 9768.0000 45
5808.0000 12320.0000 86
5808.0000 14322.0000 27
5936.0000 4488.0000 68
5936.0000 5544.0000 9
4432.0000 11858.0000 50
4656.0000 4180.0000 91
4656.0000 5544.0000 32
4656.0000 7040.0000 73
4656.0000 8162.0000 14
16848.0000 13288.0000 55
17296.0000 11484.0000 96
17424.0000 11484.0000 37
18208.0000 11484.0000 78
18384.0000 7700.0000 19
18384.0000 8668.0000 60
8240.0000 10516.0000 1
8400.0000 9460.0000 42
8432.0000 5170.0000 83
8432.0000 6732.0000 24
8432.0000 7282.0000 65
8432.0000 7832.0000 6
1584.0000 12012.0000 47
1584.0000 13992.0000 88
1584.0000 14432.0000 29
1616.0000 6556.0000 70
1680.0000 5214.0000 11
2576.0000 4290.0000 52
2576.0000 5170.0000 93
2672.0000 9768.0000 34
2672.0000 10296.0000 75
2672.0000 12012.0000 16
2672.0000 13772.0000 57
2672.0000 14212.0000 98
17008.0000 13288.0000 39
880.0000 5390.0000 80
880.0000 12012.0000 21
1104.0000 5060.0000 62
5520.0000 12210.0000 3
5520.0000 14322.0000 44
5680.0000 4796.0000 85
5680.0000 5544.0000 26
3888.0000 7150.0000 67
3888.0000 8052.0000 8
16592.0000 13288.0000 49
18096.0000 9768.0000 90
8016.0000 10516.0000 31
8016.0000 12430.0000 72
8016.0000 14058.0000 13
8144.0000 5170.0000 54
8144.0000 6732.0000 95
8144.0000 7172.0000 36
8144.0000 7832.0000 77
8144.0000 8866.0000 18
16784.0000 5236.0000 59
16784.0000 13288.0000 100
17072.0000 5016.0000 41
17168.0000 5016.0000 82
17312.0000 5016.0000 23
17440.0000 5016.0000 64
17536.0000 5016.0000 5
17664.0000 5016.0000 46
17776.0000 5016.0000 87
784.0000 12012.0000 28
1104.0000 5808.0000 69
7728.0000 10516.0000 10
7728.0000 12430.0000 51
7728.0000 14168.0000 92
7920.0000 4906.0000 33
7920.0000 5544.0000 74
7920.0000 6732.0000 15
7920.0000 7172.0000 56
7920.0000 7832.0000 97
7920.0000 8602.0000 38
7920.0000 9350.0000 79
5232.0000 12430.0000 20
5232.0000 14322.0000 61
5520.0000 4796.0000 2
5520.0000 5544.0000 43
5520.0000 6732.0000 84
3856.0000 12012.0000 25
4720.0000 11858.0000 66
4976.0000 5544.0000 7
4976.0000 7040.0000 48
4976.0000 8162.0000 89
18496.0000 7700.0000 30
7376.0000 9878.0000 71
7376.0000 10516.0000 12
7376.0000 12430.0000 53
7376.0000 14300.0000 94
7504.0000 4796.0000 35
7504.0000 5390.0000 76
7504.0000 6732.0000 17
7504.0000 7172.0000 58
1808.0000 12012.0000 99
1808.0000 13882.0000 40
1808.0000 14432.0000 81
1840.0000 10296.0000 22
1920.0000 10296.0000 63
1968.0000 5170.0000 4
12528.0000 5874.0000 45
12528.0000 6512.0000 86
12528.0000 7172.0000 27
12528.0000 7612.0000 68
12528.0000 8272.0000 9
12752.0000 8888.0000 50
12848.0000 11264.0000 91
12848.0000 11814.0000 32
12848.0000 13288.0000 73
12848.0000 14058.0000 14
13056.0000 8888.0000 55
13136.0000 8888.0000 96
13328.0000 8888.0000 37
13392.0000 8888.0000 78
13456.0000 8888.0000 19
13584.0000 8888.0000 60
13808.0000 8888.0000 1
14064.0000 8888.0000 42
14320.0000 8888.0000 83
14448.0000 8888.0000 24
14512.0000 8888.0000 65
14608.0000 8888.0000 6
14672.0000 8888.0000 47
14736.0000 8888.0000 88
14800.0000 8888.0000 29
15536.0000 8888.0000 70
15616.0000 8888.0000 11
15824.0000 8888.0000 52
16048.0000 8888.0000 93
16176.0000 8888.0000 34
16304.0000 8888.0000 75
17088.0000 9988.0000 16
17296.0000 9988.0000 57
17456.0000 9988.0000 98
1680.0000 12012.0000 39
1776.0000 6864.0000 80
1808.0000 4840.0000 21
5936.0000 12320.0000 62
5936.0000 14322.0000 3
6160.0000 4180.0000 44
6160.0000 4796.0000 85
6160.0000 5544.0000 26
6160.0000 9240.0000 67
6160.0000 9988.0000 8
18512.0000 8668.0000 49
18512.0000 9768.0000 90
18512.0000 10428.0000 31
10320.0000 5170.0000 72
11280.0000 5852.0000 13
11408.0000 5852.0000 54
11552.0000 5852.0000 95
11600.0000 12540.0000 36
11600.0000 13068.0000 77
11600.0000 13838.0000 18
4880.0000 14432.0000 59
4944.0000 14432.0000 100
5040.0000 14432.0000 41
5120.0000 14432.0000 82
5392.0000 14432.0000 23
6064.0000 14432.0000 64
6160.0000 14432.0000 5
6224.0000 9988.0000 46
6224.0000 12012.0000 87
6256.0000 9460.0000 28
6384.0000 4180.0000 69
6384.0000 4796.0000 10
6384.0000 5544.0000 51
6384.0000 6732.0000 92
6384.0000 7172.0000 33
1936.0000 12012.0000 74
1936.0000 13882.0000 15
1936.0000 14432.0000 56
2064.0000 5720.0000 97
6672.0000 4796.0000 38
6672.0000 5544.0000 79
6672.0000 6732.0000 20
6896.0000 12540.0000 61
6992.0000 12540.0000 2
7056.0000 12540.0000 43
7136.0000 12540.0000 84
7440.0000 12540.0000 25
7568.0000 12540.0000 66
7856.0000 12540.0000 7
7920.0000 12540.0000 48
8128.0000 12540.0000 89
8800.0000 12540.0000 30
8880.0000 12540.0000 71
8944.0000 12540.0000 12
9216.0000 12540.0000 53
9296.0000 12540.0000 94
9488.0000 12540.0000 35
9552.0000 12540.0000 76
9632.0000 12540.0000 17
9712.0000 12540.0000 58
9776.0000 12540.0000 99
9936.0000 12540.0000 40
10128.0000 12540.0000 81
10192.0000 12540.0000 22
10336.0000 12540.0000 63
10448.0000 12540.0000 4
10544.0000 12540.0000 45
10864.0000 12540.0000 86
10960.0000 12540.0000 27
11024.0000 12540.0000 68
11168.0000 12540.0000 9
11280.0000 12540.0000 50
11376.0000 12540.0000 91
11440.0000 12540.0000 32
11728.0000 12540.0000 73
11808.0000 12540.0000 14
11952.0000 12540.0000 55
11984.0000 6512.0000 96
11984.0000 7172.0000 37
11984.0000 7612.0000 78
11984.0000 9284.0000 19
11984.0000 11704.0000 60
12080.0000 12540.0000 1
12224.0000 12540.0000 42
12464.0000 9438.0000 83
8784.0000 11594.0000 24
8784.0000 13508.0000 65
8784.0000 14058.0000 6
8848.0000 9460.0000 47
8976.0000 5170.0000 88
8976.0000 6732.0000 29
8976.0000 7282.0000 70
8976.0000 7832.0000 11
8976.0000 8976.0000 52
3280.0000 4180.0000 93
3280.0000 5170.0000 34
3280.0000 7040.0000 75
3280.0000 7832.0000 16
3344.0000 8052.0000 57
3408.0000 8052.0000 98
3536.0000 8052.0000 39
3648.0000 8052.0000 80
4400.0000 8052.0000 21
4768.0000 8052.0000 62
4880.0000 8052.0000 3
5040.0000 8052.0000 44
7568.0000 10516.0000 85
7568.0000 14168.0000 26
10544.0000 13068.0000 67
10544.0000 13508.0000 8
10544.0000 14190.0000 49
10640.0000 7612.0000 90
7824.0000 4906.0000 31
7824.0000 5544.0000 72
7824.0000 6732.0000 13
7824.0000 7172.0000 54
7920.0000 10516.0000 95
7920.0000 14058.0000 36
10608.0000 14190.0000 77
10864.0000 13728.0000 18
10960.0000 13728.0000 59
11024.0000 13728.0000 100
11168.0000 13728.0000 41
11280.0000 13728.0000 82
11376.0000 13728.0000 23
11440.0000 13728.0000 64
11776.0000 13728.0000 5
11952.0000 13728.0000 46
12048.0000 11704.0000 87
9520.0000 14432.0000 28
9632.0000 14432.0000 69
9712.0000 14432.0000 10
9776.0000 14432.0000 51
9936.0000 14432.0000 92
10128.0000 14432.0000 33
10192.0000 14432.0000 74
10336.0000 14432.0000 15
10448.0000 14432.0000 56
11440.0000 13068.0000 97
11472.0000 7612.0000 38
11536.0000 7612.0000 79
12592.0000 7612.0000 20
12768.0000 7612.0000 61
13056.0000 7612.0000 2
13136.0000 5016.0000 43
13136.0000 5874.0000 84
13136.0000 7172.0000 25
6000.0000 9240.0000 66
6160.0000 11704.0000 7
6432.0000 11704.0000 48
6512.0000 11704.0000 89
8880.0000 11704.0000 30
8944.0000 11704.0000 71
9216.0000 11704.0000 12
9296.0000 11704.0000 53
9488.0000 11704.0000 94
9552.0000 11704.0000 35
9632.0000 11704.0000 76
9712.0000 11704.0000 17
9776.0000 11704.0000 58
9936.0000 11704.0000 99
10352.0000 13068.0000 40
10352.0000 13508.0000 81
10544.0000 7612.0000 22
656.0000 4290.0000 63
656.0000 14212.0000 4
16304.0000 9328.0000 45
17648.0000 4400.0000 86
6608.0000 14432.0000 27
208.0000 4422.0000 68
10864.0000 13068.0000 9
11024.0000 7172.0000 50
11184.0000 7172.0000 91
11280.0000 7172.0000 32
11376.0000 7172.0000 73
12592.0000 7172.0000 14
12768.0000 7172.0000 55
13056.0000 7172.0000 96
13232.0000 7172.0000 37
13328.0000 7172.0000 78
13392.0000 7172.0000 19
13456.0000 7172.0000 60
13584.0000 7172.0000 1
9520.0000 13508.0000 42
9552.0000 13068.0000 83
9632.0000 13068.0000 24
9712.0000 13068.0000 65
9776.0000 13068.0000 6
9936.0000 13068.0000 47
10128.0000 13068.0000 88
10192.0000 13068.0000 29
10448.0000 13068.0000 70
10960.0000 13068.0000 11
11024.0000 13068.0000 52
11168.0000 13068.0000 93
11280.0000 13068.0000 34
11376.0000 13068.0000 75
11728.0000 13068.0000 16
12096.0000 13068.0000 57
12384.0000 11924.0000 98
12480.0000 11924.0000 39
12720.0000 11924.0000 80
13072.0000 11924.0000 21
13152.0000 11924.0000 62
13232.0000 11924.0000 3
13296.0000 11924.0000 44
13392.0000 11924.0000 85
13584.0000 11924.0000 26
13808.0000 4796.0000 67
13808.0000 5610.0000 8
13808.0000 9328.0000 49
13808.0000 10516.0000 90
13808.0000 11264.0000 31
13808.0000 11704.0000 72
3120.0000 4180.0000 13
3120.0000 5170.0000 54
3120.0000 7040.0000 95
3120.0000 7832.0000 36
3120.0000 8272.0000 77
3184.0000 8492.0000 18
3248.0000 8492.0000 59
3280.0000 9350.0000 100
3280.0000 10076.0000 41
3280.0000 10516.0000 82
3280.0000 12012.0000 23
3280.0000 14212.0000 64
11376.0000 6402.0000 5
3152.0000 9240.0000 46
3152.0000 10098.0000 87
3152.0000 12012.0000 28
3152.0000 14212.0000 69
1392.0000 7304.0000 10
1392.0000 12012.0000 51
1392.0000 13992.0000 92
1392.0000 14432.0000 33
1424.0000 6336.0000 74
1520.0000 6336.0000 15
464.0000 13992.0000 56
528.0000 14212.0000 97
7664.0000 5390.0000 38
7664.0000 6732.0000 79
7664.0000 7172.0000 20
5360.0000 4796.0000 61
5360.0000 5544.0000 2
5360.0000 7040.0000 43
5360.0000 9658.0000 84
5392.0000 12100.0000 25
10032.0000 6732.0000 66
10192.0000 5170.0000 7
10192.0000 6292.0000 48
3184.0000 7040.0000 89
3344.0000 7040.0000 30
3408.0000 7040.0000 71
3536.0000 7040.0000 12
3648.0000 7040.0000 53
3744.0000 7040.0000 94
4080.0000 7040.0000 35
4592.0000 7040.0000 76
4768.0000 7040.0000 17
4880.0000 7040.0000 58
5056.0000 7040.0000 99
5136.0000 7040.0000 40
5216.0000 7040.0000 81
9936.0000 13508.0000 22
10096.0000 5170.0000 63
1328.0000 12012.0000 4
1504.0000 12012.0000 45
2144.0000 12012.0000 86
2224.0000 12012.0000 27
2384.0000 12012.0000 68
2480.0000 12012.0000 9
2544.0000 12012.0000 50
2816.0000 12012.0000 91
2976.0000 12012.0000 32
3088.0000 12012.0000 73
3360.0000 12012.0000 14
3440.0000 12012.0000 55
3664.0000 12012.0000 96
3744.0000 12012.0000 37
4016.0000 12012.0000 78
4592.0000 12012.0000 19
4784.0000 12012.0000 60
4880.0000 12012.0000 1
6992.0000 10516.0000 42
7056.0000 14432.0000 83
7136.0000 14432.0000 24
7312.0000 14432.0000 65
9232.0000 13508.0000 6
9232.0000 14058.0000 47
9296.0000 8052.0000 88
9328.0000 5170.0000 29
9328.0000 6732.0000 70
4880.0000 5544.0000 11
4048.0000 4180.0000 52
8304.0000 10516.0000 93
9776.0000 13508.0000 34
12592.0000 8272.0000 75
12752.0000 8272.0000 16
12784.0000 4906.0000 57
12784.0000 5874.0000 98
7056.0000 10516.0000 39
14320.0000 4796.0000 80
14320.0000 5236.0000 21
14320.0000 5874.0000 62
14512.0000 11264.0000 3
14512.0000 13288.0000 44
14512.0000 14058.0000 85
14704.0000 11264.0000 26
14704.0000 13288.0000 67
14704.0000 14058.0000 8
14736.0000 4906.0000 49
14736.0000 5874.0000 90
2928.0000 4290.0000 31
2928.0000 5060.0000 72
3184.0000 7832.0000 13
4592.0000 4180.0000 54
4592.0000 5544.0000 95
13072.0000 5016.0000 36
13072.0000 5874.0000 77
13072.0000 10516.0000 18
13072.0000 11264.0000 59
13072.0000 13288.0000 100
13072.0000 14058.0000 41
10480.0000 6842.0000 82
10480.0000 7612.0000 23
10480.0000 13508.0000 64
11200.0000 6512.0000 5
11280.0000 6512.0000 46
11536.0000 6512.0000 87
12592.0000 6512.0000 28
6896.0000 5170.0000 69
6896.0000 6732.0000 10
7120.0000 9988.0000 51
7120.0000 10516.0000 92
3408.0000 4180.0000 33
3408.0000 5280.0000 74
3408.0000 8712.0000 15
3408.0000 9240.0000 56
3408.0000 9922.0000 97
3728.0000 10516.0000 38
7408.0000 4796.0000 79
7408.0000 5390.0000 20
7408.0000 6732.0000 61
7408.0000 7172.0000 2
3568.0000 5280.0000 43
2896.0000 8272.0000 84
2896.0000 9240.0000 25
2976.0000 10076.0000 66
4752.0000 4180.0000 7
4752.0000 5544.0000 48
12720.0000 10406.0000 89
12720.0000 11264.0000 30
12720.0000 13288.0000 71
12720.0000 14058.0000 12
2800.0000 9768.0000 53
2800.0000 10296.0000 94
2800.0000 13772.0000 35
2800.0000 14212.0000 76
2832.0000 4290.0000 17
2832.0000 5060.0000 58
2832.0000 8272.0000 99
2832.0000 9240.0000 40
8112.0000 10516.0000 81
8112.0000 14058.0000 22
8208.0000 7832.0000 63
8208.0000 8866.0000 4
1328.0000 7304.0000 45
1328.0000 13992.0000 86
1328.0000 14432.0000 27
12464.0000 11044.0000 68
12496.0000 13288.0000 9
12496.0000 14058.0000 50
9296.0000 13508.0000 91
9296.0000 14058.0000 32
9456.0000 7612.0000 73
9584.0000 7612.0000 14
9680.0000 7612.0000 55
9744.0000 7612.0000 96
9856.0000 7612.0000 37
10336.0000 7612.0000 78
10416.0000 7612.0000 19
10752.0000 7612.0000 60
5072.0000 5544.0000 1
6512.0000 14432.0000 42
7440.0000 10516.0000 83
7440.0000 14168.0000 24
12368.0000 13288.0000 65
12368.0000 14058.0000 6
13456.0000 9328.0000 47
13584.0000 9328.0000 88
14064.0000 9328.0000 29
15536.0000 9328.0000 70
15616.0000 9328.0000 11
15824.0000 9328.0000 52
16048.0000 9328.0000 93
16176.0000 9328.0000 34
14512.0000 4906.0000 75
14512.0000 5874.0000 16
17520.0000 4290.0000 57
14032.0000 11704.0000 98
14192.0000 10516.0000 39
14192.0000 11264.0000 80
12080.0000 14058.0000 21
12496.0000 10516.0000 62
16656.0000 4796.0000 3
13232.0000 10516.0000 44
13232.0000 11264.0000 85
13232.0000 13288.0000 26
13232.0000 14058.0000 67
13456.0000 5390.0000 8
10192.0000 13508.0000 49
14320.0000 10516.0000 90
14320.0000 11264.0000 31
14320.0000 13288.0000 72
14320.0000 14058.0000 13
14448.0000 4906.0000 54
14448.0000 5874.0000 95
14768.0000 11264.0000 36
14768.0000 13288.0000 77
14768.0000 14058.0000 18
14800.0000 5874.0000 59
9872.0000 5170.0000 100
9872.0000 6732.0000 41
10128.0000 13508.0000 82
16496.0000 11264.0000 23
16496.0000 13288.0000 64
15376.0000 9768.0000 5
15376.0000 11264.0000 46
15376.0000 13288.0000 87
15376.0000 14058.0000 28
15408.0000 6138.0000 69
6096.0000 4796.0000 10
6096.0000 5544.0000 51
6096.0000 9240.0000 92
6672.0000 12320.0000 33
6672.0000 14432.0000 74
7248.0000 4796.0000 15
7248.0000 5390.0000 56
7248.0000 6732.0000 97
7248.0000 7172.0000 38
8880.0000 14168.0000 79
8944.0000 14168.0000 20
13152.0000 14168.0000 61
13296.0000 14168.0000 2
13392.0000 14168.0000 43
13584.0000 14168.0000 84
14032.0000 14168.0000 25
14608.0000 14168.0000 66
15520.0000 14168.0000 7
15648.0000 14168.0000 48
15760.0000 14168.0000 89
15824.0000 14168.0000 30
15920.0000 14168.0000 71
15664.0000 9768.0000 12
15664.0000 11264.0000 53
15664.0000 13288.0000 94
16144.0000 6358.0000 35
14608.0000 4906.0000 76
14608.0000 5874.0000 17
15504.0000 9768.0000 58
16192.0000 9768.0000 99
5328.0000 12320.0000 40
6064.0000 12320.0000 81
9616.0000 13508.0000 22
9680.0000 5170.0000 63
9680.0000 6732.0000 4
8368.0000 10516.0000 45
10416.0000 6292.0000 86
4336.0000 4620.0000 27
5136.0000 5544.0000 68
5216.0000 5544.0000 9
5600.0000 5544.0000 50
6560.0000 5544.0000 91
6784.0000 5544.0000 32
8848.0000 5544.0000 73
9456.0000 5544.0000 14
9584.0000 5544.0000 55
9744.0000 5544.0000 96
9968.0000 5544.0000 37
13168.0000 10516.0000 78
13168.0000 11264.0000 19
13168.0000 13288.0000 60
3344.0000 10516.0000 1
3344.0000 14212.0000 42
6544.0000 4180.0000 83
6576.0000 4796.0000 24
6576.0000 6732.0000 65
6736.0000 14432.0000 6
8720.0000 8976.0000 47
8944.0000 13508.0000 88
9456.0000 6732.0000 29
3632.0000 5280.0000 70
15536.0000 11264.0000 11
15536.0000 13288.0000 52
15600.0000 6138.0000 93
6448.0000 14432.0000 34
1504.0000 14432.0000 75
2000.0000 14432.0000 16
2128.0000 14432.0000 57
2224.0000 10604.0000 98
2256.0000 4840.0000 39
2256.0000 6160.0000 80
2256.0000 9768.0000 21
5600.0000 6732.0000 62
6784.0000 6732.0000 3
8848.0000 6732.0000 44
9200.0000 6732.0000 85
9584.0000 6732.0000 26
9744.0000 6732.0000 67
13584.0000 5456.0000 8
14064.0000 5456.0000 49
14960.0000 4796.0000 90
15248.0000 4796.0000 31
15536.0000 6204.0000 72
15824.0000 6204.0000 13
16048.0000 6204.0000 54
16208.0000 4796.0000 95
16304.0000 4796.0000 36
16592.0000 4796.0000 77
16752.0000 4796.0000 18
12880.0000 4906.0000 59
13232.0000 5236.0000 100
13296.0000 4906.0000 41
15248.0000 5874.0000 82
16176.0000 10296.0000 23
16176.0000 11264.0000 64
16176.0000 13288.0000 5
16208.0000 6512.0000 46
13296.0000 11264.0000 87
13392.0000 11264.0000 28
13584.0000 11264.0000 69
14032.0000 11264.0000 10
14608.0000 11264.0000 51
15760.0000 11264.0000 92
15824.0000 11264.0000 33
15920.0000 11264.0000 74
16032.0000 11264.0000 15
2384.0000 6160.0000 56
2384.0000 9768.0000 97
2384.0000 10296.0000 38
2384.0000 13992.0000 79
2224.0000 13772.0000 20
2480.0000 13772.0000 61
2544.0000 13772.0000 2
2960.0000 14212.0000 43
3088.0000 9240.0000 84
1504.0000 13992.0000 25
2544.0000 9768.0000 66
2544.0000 10296.0000 7
2544.0000 14212.0000 48
2672.0000 4290.0000 89
2672.0000 5060.0000 30
8848.0000 7282.0000 71
8848.0000 7832.0000 12
3088.0000 14212.0000 53
3344.0000 5170.0000 94
3184.0000 4180.0000 35
3184.0000 5170.0000 76
2352.0000 4730.0000 17
8880.0000 13508.0000 58
13296.0000 10516.0000 99
13296.0000 13288.0000 40
13328.0000 5874.0000 81
17232.0000 14168.0000 22
17312.0000 14168.0000 63
17424.0000 14168.0000 4
18080.0000 14168.0000 45
18160.0000 14168.0000 86
18240.0000 14168.0000 27
18336.0000 14168.0000 68
18640.0000 14168.0000 9
13392.0000 13288.0000 50
13584.0000 13288.0000 91
14032.0000 13288.0000 32
14608.0000 13288.0000 73
15760.0000 13288.0000 14
15824.0000 13288.0000 55
15920.0000 13288.0000 96
16032.0000 13288.0000 37
16704.0000 13288.0000 78
16944.0000 13288.0000 19
17072.0000 13288.0000 60
17232.0000 13288.0000 1
17264.0000 4290.0000 42
15920.0000 10296.0000 83
16064.0000 10296.0000 24
9712.0000 13508.0000 65
17328.0000 8976.0000 6
17968.0000 9768.0000 47
18192.0000 9768.0000 88
18704.0000 9768.0000 29
18928.0000 8668.0000 70
13232.0000 5874.0000 11
14032.0000 10516.0000 52
13584.0000 10516.0000 93
14672.0000 5874.0000 34
13392.0000 5874.0000 75
13392.0000 10516.0000 16
5600.0000 4796.0000 57
17440.0000 4400.0000 98
1888.0000 5500.0000 39
2128.0000 6160.0000 80
2128.0000 9768.0000 21
2064.0000 6160.0000 62
2480.0000 9768.0000 3
2480.0000 10296.0000 44
2160.0000 4840.0000 85
2064.0000 9768.0000 26
3744.0000 5280.0000 67
18640.0000 10428.0000 8
18704.0000 8668.0000 49
15696.0000 5764.0000 90
9200.0000 7392.0000 31
15824.0000 5764.0000 72
8016.0000 4906.0000 13
9040.0000 4796.0000 54
9104.0000 4796.0000 95
18192.0000 8668.0000 36
19024.0000 8668.0000 77
9200.0000 7832.0000 18
6320.0000 9020.0000 59
18224.0000 4213.0000 100
14944.0000 10208.0000 41
1024.0000 5808.0000 82
5872.0000 9328.0000 23
2624.0000 5808.0000 64
8080.0000 9460.0000 5
4848.0000 14520.0000 46
6224.0000 14520.0000 87
6800.0000 13750.0000 28
6800.0000 12694.0000 69
10592.0000 11704.0000 10
12016.0000 12848.0000 51
9360.0000 14520.0000 92
11440.0000 14520.0000 33
6624.0000 9680.0000 74
6048.0000 4400.0000 15
304.0000 4213.0000 56
688.0000 14410.0000 97
7632.0000 9680.0000 38
560.0000 4092.0000 79
752.0000 4092.0000 20
6992.0000 14520.0000 61
7408.0000 14520.0000 2
8352.0000 9680.0000 43
14720.0000 10208.0000 84
12736.0000 9988.0000 25
2816.0000 9460.0000 66
8160.0000 9680.0000 7
12608.0000 8492.0000 48
11664.0000 9768.0000 89
14496.0000 9108.0000 30
608.0000 4708.0000 71
12480.0000 10736.0000 12
16640.0000 7700.0000 53
14384.0000 10208.0000 94
7712.0000 9680.0000 35
14784.0000 10208.0000 76
16512.0000 11044.0000 17
15392.0000 9548.0000 58
5712.0000 4092.0000 99
5840.0000 4092.0000 40
6096.0000 4092.0000 81
6688.0000 11924.0000 22
15952.0000 14256.0000 63
4560.0000 4092.0000 4
4784.0000 4092.0000 45
8416.0000 9900.0000 86
6128.0000 4092.0000 27
6576.0000 4092.0000 68
15568.0000 9988.0000 9
944.0000 14520.0000 50
2160.0000 14520.0000 91
15984.0000 14146.0000 32
14224.0000 4708.0000 73
14832.0000 4708.0000 14
14992.0000 4708.0000 55
15376.0000 4708.0000 96
16176.0000 4708.0000 37
16176.0000 5478.0000 78
16560.0000 4708.0000 19
16720.0000 4708.0000 60
16848.0000 4708.0000 1
12944.0000 5236.0000 42
14352.0000 5104.0000 83
16304.0000 5742.0000 24
2448.0000 5500.0000 65
3024.0000 9460.0000 6
8832.0000 9680.0000 47
10992.0000 9152.0000 88
3376.0000 14410.0000 29
13312.0000 10208.0000 70
17136.0000 14256.0000 11
17264.0000 13596.0000 52
13184.0000 7920.0000 93
16736.0000 7700.0000 34
15968.0000 9988.0000 75
15520.0000 9548.0000 16
205.0000 13992.0000 57
16032.0000 10516.0000 98
16064.0000 10824.0000 39
14048.0000 9548.0000 80
14640.0000 10208.0000 21
5232.0000 4224.0000 62
5232.0000 4642.0000 3
6992.0000 4708.0000 44
12304.0000 4224.0000 85
12304.0000 4620.0000 26
13904.0000 4708.0000 67
336.0000 4213.0000 8
336.0000 4598.0000 49
3792.0000 4466.0000 90
3792.0000 5104.0000 31
880.0000 4092.0000 72
2224.0000 4092.0000 13
2608.0000 4092.0000 54
3440.0000 4092.0000 95
17888.0000 8888.0000 36
11232.0000 9152.0000 77
18144.0000 9988.0000 18
15856.0000 5016.0000 59
15856.0000 5588.0000 100
7152.0000 4708.0000 41
7152.0000 4884.0000 82
7280.0000 4708.0000 23
7296.0000 4796.0000 64
7312.0000 4708.0000 5
7568.0000 4708.0000 46
8624.0000 4708.0000 87
8912.0000 4708.0000 28
9232.0000 4708.0000 69
9520.0000 4708.0000 10
10576.0000 4708.0000 51
10864.0000 4708.0000 92
7696.0000 5104.0000 33
9072.0000 5016.0000 74
9184.0000 5016.0000 15
10992.0000 4708.0000 56
11120.0000 4708.0000 97
15440.0000 8888.0000 0