Route 1 : 
[1,13,14,15,36,35,37,95,96,98,97,104,124,125,166,128,130,131,132,134,135,162,161,160,159,156,157,158,201,203,202,221,220,213,214,215,216,219,222,223,200,199,176,175,168,170,169,167,38,34,33,30,27,26,2,230]


Route 2 : 
[1,28,29,31,32,39,40,41,42,46,184,50,48,47,45,44,49,188,189,190,191,193,192,194,195,196,198,197,187,186,185,183,182,178,180,181,179,177,174,173,165,164,163,172,133,171,127,111,114,117,116,113,112,106,101,102,103,74,75,76,77,78,79,88,80,87,81,82,83,57,56,55,53,52,51,9,7,8,3,230]


Route 3 : 
[1,12,16,17,18,20,21,22,23,24,84,25,85,86,89,90,91,92,93,94,100,99,107,105,108,109,110,126,129,138,137,136,152,153,154,151,155,150,204,212,211,210,209,207,206,205,149,148,147,146,145,144,143,141,140,139,142,123,122,121,120,119,118,115,73,72,70,71,69,68,67,63,66,65,64,62,61,60,59,58,54,19,11,10,230]


Route 4 : 
[1,224,225,227,226,6,5,4,230]
