Route 1 : 
[1,28,30,31,32,39,40,41,42,46,184,50,48,47,45,43,44,49,188,189,190,191,193,192,194,195,196,198,197,187,186,185,183,182,178,180,181,179,177,170,169,171,166,125,124,105,107,106,101,102,103,73,72,70,71,69,68,67,63,66,65,64,62,61,60,59,57,56,55,54,58,53,19,18,17,230]


Route 2 : 
[1,13,14,15,36,35,37,95,96,98,97,104,108,109,110,111,126,127,128,130,131,133,172,163,173,165,164,162,161,160,159,156,157,158,201,203,202,221,220,213,214,215,216,219,222,223,200,199,176,175,174,168,167,38,34,33,27,26,2,230]


Route 3 : 
[1,3,8,7,9,10,11,51,52,229,228,227,226,6,5,4,230]


Route 4 : 
[1,21,22,25,85,86,89,90,91,92,93,94,100,99,112,113,116,117,114,129,138,132,134,135,137,136,152,153,154,151,155,150,204,212,211,210,209,208,207,206,205,149,148,147,146,145,144,143,141,140,139,142,123,122,121,120,119,118,115,74,75,76,77,78,79,88,80,87,81,82,83,84,24,23,20,16,12,230]
