n 2320 
m 8 
tmax 14641
3400.0000 2500.0000 0
3500.0000 2500.0000 15
3600.0000 2400.0000 56
3700.0000 2500.0000 97
3700.0000 2400.0000 38
3600.0000 2500.0000 79
3400.0000 2400.0000 20
3300.0000 2400.0000 61
3300.0000 2300.0000 2
3400.0000 2300.0000 43
3500.0000 2300.0000 84
3400.0000 2200.0000 25
3400.0000 2100.0000 66
3700.0000 1900.0000 7
3500.0000 2100.0000 48
3500.0000 2200.0000 89
3600.0000 2100.0000 30
3700.0000 2100.0000 71
3600.0000 2200.0000 12
3600.0000 2300.0000 53
3700.0000 2200.0000 94
3800.0000 2100.0000 35
3900.0000 2200.0000 76
4000.0000 2100.0000 17
3900.0000 2100.0000 58
3800.0000 2200.0000 99
3800.0000 2300.0000 40
3700.0000 2300.0000 81
3800.0000 2400.0000 22
3900.0000 2400.0000 63
4000.0000 2400.0000 4
3900.0000 2300.0000 45
4000.0000 2300.0000 86
4100.0000 2300.0000 27
4000.0000 2200.0000 68
4100.0000 2100.0000 9
4100.0000 2200.0000 50
4200.0000 2100.0000 91
4300.0000 2200.0000 32
4400.0000 2100.0000 73
4300.0000 2100.0000 14
4200.0000 2200.0000 55
4200.0000 2300.0000 96
4200.0000 2400.0000 37
4300.0000 2300.0000 78
4400.0000 2300.0000 19
4500.0000 2200.0000 60
4400.0000 2200.0000 1
4500.0000 2100.0000 42
4600.0000 2100.0000 83
4600.0000 2200.0000 24
4700.0000 2300.0000 65
4600.0000 2300.0000 6
4700.0000 2200.0000 47
4800.0000 2300.0000 88
4900.0000 2300.0000 29
5000.0000 2300.0000 70
4900.0000 2200.0000 11
4800.0000 2200.0000 52
4800.0000 2100.0000 93
4900.0000 2100.0000 34
5000.0000 2100.0000 75
5000.0000 2200.0000 16
5100.0000 2100.0000 57
5100.0000 2200.0000 98
5200.0000 2100.0000 39
5300.0000 2200.0000 80
5400.0000 2100.0000 21
5300.0000 2100.0000 62
5200.0000 2200.0000 3
5200.0000 2300.0000 44
5100.0000 2300.0000 85
5200.0000 2400.0000 26
5300.0000 2300.0000 67
5400.0000 2300.0000 8
5500.0000 2200.0000 49
5400.0000 2200.0000 90
5500.0000 2100.0000 31
5600.0000 2100.0000 72
5700.0000 2100.0000 13
5600.0000 2200.0000 54
5700.0000 2300.0000 95
5600.0000 2300.0000 36
5700.0000 2200.0000 77
5800.0000 2300.0000 18
5900.0000 2200.0000 59
5800.0000 2200.0000 100
5800.0000 2100.0000 41
5900.0000 2100.0000 82
6000.0000 2100.0000 23
6000.0000 2200.0000 64
6100.0000 2100.0000 5
6100.0000 2200.0000 46
6200.0000 2100.0000 87
6300.0000 2200.0000 28
6400.0000 2100.0000 69
6300.0000 2100.0000 10
6200.0000 2200.0000 51
6200.0000 2300.0000 92
6300.0000 2400.0000 33
6200.0000 2400.0000 74
6400.0000 2200.0000 15
6600.0000 2100.0000 56
6600.0000 2200.0000 97
6500.0000 2100.0000 38
6500.0000 2200.0000 79
6400.0000 2300.0000 20
6400.0000 2400.0000 61
6500.0000 2400.0000 2
6600.0000 2300.0000 43
6600.0000 2400.0000 84
6600.0000 2500.0000 25
6500.0000 2500.0000 66
6600.0000 2600.0000 7
6500.0000 2600.0000 48
6400.0000 2500.0000 89
6300.0000 2600.0000 30
6300.0000 2700.0000 71
6300.0000 2800.0000 12
6400.0000 2800.0000 53
6600.0000 2700.0000 94
6600.0000 2800.0000 35
6500.0000 2800.0000 76
6400.0000 2700.0000 17
6500.0000 2700.0000 58
6400.0000 2600.0000 99
6300.0000 2500.0000 40
6200.0000 2500.0000 81
6100.0000 2500.0000 22
6100.0000 2400.0000 63
6000.0000 2300.0000 4
6000.0000 2400.0000 45
6000.0000 2500.0000 86
5900.0000 2500.0000 27
5900.0000 2400.0000 68
5800.0000 2500.0000 9
5800.0000 2400.0000 50
5700.0000 2500.0000 91
5700.0000 2400.0000 32
5600.0000 2500.0000 73
5600.0000 2400.0000 14
5500.0000 2300.0000 55
5500.0000 2400.0000 96
5400.0000 2400.0000 37
5500.0000 2500.0000 78
5400.0000 2500.0000 19
5300.0000 2500.0000 60
5300.0000 2400.0000 1
5200.0000 2500.0000 42
5100.0000 2500.0000 83
5100.0000 2400.0000 24
5000.0000 2400.0000 65
5000.0000 2500.0000 6
4900.0000 2500.0000 47
4900.0000 2400.0000 88
4800.0000 2500.0000 29
4800.0000 2400.0000 70
4700.0000 2500.0000 11
4700.0000 2400.0000 52
4600.0000 2500.0000 93
4600.0000 2400.0000 34
4500.0000 2300.0000 75
4500.0000 2400.0000 16
4400.0000 2400.0000 57
4500.0000 2500.0000 98
4400.0000 2500.0000 39
4300.0000 2500.0000 80
4300.0000 2400.0000 21
4200.0000 2500.0000 62
4100.0000 2600.0000 3
4100.0000 2500.0000 44
4100.0000 2400.0000 85
4000.0000 2500.0000 26
4000.0000 2600.0000 67
3900.0000 2600.0000 8
4000.0000 2700.0000 49
3900.0000 2700.0000 90
3900.0000 2800.0000 31
3800.0000 2700.0000 72
3800.0000 2800.0000 13
3700.0000 2800.0000 54
3600.0000 2900.0000 95
3700.0000 2900.0000 36
3800.0000 2900.0000 77
3900.0000 2900.0000 18
3800.0000 3000.0000 59
3700.0000 3000.0000 100
3800.0000 3100.0000 41
3700.0000 3100.0000 82
3600.0000 3000.0000 23
3600.0000 3100.0000 64
3600.0000 3200.0000 5
3700.0000 3300.0000 46
3800.0000 3400.0000 87
3800.0000 3300.0000 28
3700.0000 3400.0000 69
3600.0000 3300.0000 10
3600.0000 3400.0000 51
3600.0000 3500.0000 92
3700.0000 3600.0000 33
3800.0000 3600.0000 74
3900.0000 3600.0000 15
3900.0000 3700.0000 56
3800.0000 3700.0000 97
3700.0000 3800.0000 38
3800.0000 3900.0000 79
3900.0000 3900.0000 20
3800.0000 3800.0000 61
3600.0000 3600.0000 2
3600.0000 3700.0000 43
3600.0000 3800.0000 84
3600.0000 3900.0000 25
3600.0000 4000.0000 66
3800.0000 4100.0000 7
3900.0000 4100.0000 48
3800.0000 4200.0000 89
3900.0000 4200.0000 30
4000.0000 4200.0000 71
3900.0000 4300.0000 12
3800.0000 4400.0000 53
3700.0000 4500.0000 94
3800.0000 4600.0000 35
3700.0000 4600.0000 76
3800.0000 4500.0000 17
3600.0000 4300.0000 58
3600.0000 4400.0000 99
3600.0000 4500.0000 40
3600.0000 4600.0000 81
3600.0000 4700.0000 22
3700.0000 4700.0000 63
3800.0000 4700.0000 4
3900.0000 4800.0000 45
4000.0000 4800.0000 86
3900.0000 4700.0000 27
3800.0000 4800.0000 68
3900.0000 4900.0000 9
3900.0000 5000.0000 50
3800.0000 4900.0000 91
3700.0000 4900.0000 32
3700.0000 4800.0000 73
3600.0000 4800.0000 14
3600.0000 4900.0000 55
3600.0000 5000.0000 96
3700.0000 5000.0000 37
3800.0000 5000.0000 78
3900.0000 5100.0000 19
4000.0000 5100.0000 60
3900.0000 5200.0000 1
3800.0000 5100.0000 42
3800.0000 5200.0000 83
3700.0000 5200.0000 24
3600.0000 5300.0000 65
3700.0000 5300.0000 6
3800.0000 5400.0000 47
3800.0000 5300.0000 88
3700.0000 5400.0000 29
3700.0000 5500.0000 70
3800.0000 5600.0000 11
3800.0000 5700.0000 52
3700.0000 5700.0000 93
3700.0000 5600.0000 34
3600.0000 5600.0000 75
3600.0000 5700.0000 16
3600.0000 5800.0000 57
3700.0000 5900.0000 98
3800.0000 5900.0000 39
3700.0000 6000.0000 80
3800.0000 6100.0000 21
3700.0000 6100.0000 62
3800.0000 6000.0000 3
3900.0000 6000.0000 44
4100.0000 6200.0000 85
4200.0000 6100.0000 26
4300.0000 6200.0000 67
4400.0000 6200.0000 8
4300.0000 6100.0000 49
4200.0000 6200.0000 90
4100.0000 6100.0000 31
4000.0000 6100.0000 72
3900.0000 6100.0000 13
4000.0000 6200.0000 54
4000.0000 6300.0000 95
4100.0000 6400.0000 36
4000.0000 6400.0000 77
4100.0000 6300.0000 18
4200.0000 6300.0000 59
4300.0000 6400.0000 100
4200.0000 6400.0000 41
4300.0000 6300.0000 82
4400.0000 6400.0000 23
4500.0000 6400.0000 64
4400.0000 6300.0000 5
4500.0000 6300.0000 46
4600.0000 6200.0000 87
4700.0000 6200.0000 28
4600.0000 6100.0000 69
4500.0000 6200.0000 10
4600.0000 6300.0000 51
4700.0000 6400.0000 92
4600.0000 6400.0000 33
4700.0000 6300.0000 74
4800.0000 6400.0000 15
4900.0000 6400.0000 56
5000.0000 6300.0000 97
5100.0000 6400.0000 38
5000.0000 6400.0000 79
4900.0000 6300.0000 20
4800.0000 6300.0000 61
4900.0000 6200.0000 2
4800.0000 6200.0000 43
4800.0000 6100.0000 84
4900.0000 6000.0000 25
5100.0000 6200.0000 66
5200.0000 6100.0000 7
5300.0000 6200.0000 48
5400.0000 6200.0000 89
5300.0000 6100.0000 30
5200.0000 6200.0000 71
5100.0000 6100.0000 12
5000.0000 6100.0000 53
4900.0000 6100.0000 94
5000.0000 6200.0000 35
5100.0000 6300.0000 76
5200.0000 6300.0000 17
5300.0000 6400.0000 58
5200.0000 6400.0000 99
5300.0000 6300.0000 40
5400.0000 6400.0000 81
5500.0000 6400.0000 22
5400.0000 6300.0000 63
5500.0000 6300.0000 4
5600.0000 6200.0000 45
5700.0000 6200.0000 86
5800.0000 6100.0000 27
5900.0000 6100.0000 68
5800.0000 6200.0000 9
5700.0000 6100.0000 50
5600.0000 6100.0000 91
5500.0000 6200.0000 32
5600.0000 6300.0000 73
5700.0000 6400.0000 14
5600.0000 6400.0000 55
5700.0000 6300.0000 96
5800.0000 6400.0000 37
5900.0000 6400.0000 78
6000.0000 6400.0000 19
5900.0000 6300.0000 60
5800.0000 6300.0000 1
5900.0000 6200.0000 42
6000.0000 6200.0000 83
6100.0000 6200.0000 24
6000.0000 6300.0000 65
6100.0000 6400.0000 6
6200.0000 6300.0000 47
6300.0000 6200.0000 88
6200.0000 6200.0000 29
6100.0000 6300.0000 70
6200.0000 6400.0000 11
6300.0000 6400.0000 52
6300.0000 6300.0000 93
6400.0000 6400.0000 34
6600.0000 6300.0000 75
6700.0000 6400.0000 16
6800.0000 6400.0000 57
6700.0000 6300.0000 98
6600.0000 6400.0000 39
6500.0000 6400.0000 80
6400.0000 6300.0000 21
6400.0000 6200.0000 62
6500.0000 6300.0000 3
6500.0000 6200.0000 44
6600.0000 6100.0000 85
6500.0000 6100.0000 26
6600.0000 6200.0000 67
6700.0000 6100.0000 8
6800.0000 6100.0000 49
6900.0000 6100.0000 90
6800.0000 6200.0000 31
6700.0000 6200.0000 72
6800.0000 6300.0000 13
6900.0000 6400.0000 54
6900.0000 6300.0000 95
6900.0000 6200.0000 36
7000.0000 6100.0000 77
7100.0000 6100.0000 18
7200.0000 6000.0000 59
7200.0000 6100.0000 100
7100.0000 6000.0000 41
7200.0000 5900.0000 82
7100.0000 5900.0000 23
7000.0000 5900.0000 64
7000.0000 6000.0000 5
6900.0000 6000.0000 46
6900.0000 5900.0000 87
6800.0000 5900.0000 28
6800.0000 6000.0000 69
6700.0000 6000.0000 10
6700.0000 5900.0000 51
6600.0000 5900.0000 92
6600.0000 6000.0000 33
6500.0000 5900.0000 74
6500.0000 6000.0000 15
6400.0000 6000.0000 56
6400.0000 5900.0000 97
6300.0000 5900.0000 38
6300.0000 6000.0000 79
6400.0000 6100.0000 20
6300.0000 6100.0000 61
6200.0000 6100.0000 2
6200.0000 6000.0000 43
6200.0000 5900.0000 84
6100.0000 5900.0000 25
6100.0000 6000.0000 66
6000.0000 5900.0000 7
6000.0000 6000.0000 48
6100.0000 6100.0000 89
6000.0000 6100.0000 30
5900.0000 6000.0000 71
5900.0000 5900.0000 12
5800.0000 5900.0000 53
5800.0000 6000.0000 94
5700.0000 6000.0000 35
5700.0000 5900.0000 76
5600.0000 5900.0000 17
5600.0000 6000.0000 58
5500.0000 5900.0000 99
5500.0000 6000.0000 40
5400.0000 6000.0000 81
5500.0000 6100.0000 22
5400.0000 6100.0000 63
5300.0000 6000.0000 4
5400.0000 5900.0000 45
5300.0000 5900.0000 86
5200.0000 5900.0000 27
5200.0000 6000.0000 68
5100.0000 5900.0000 9
5100.0000 6000.0000 50
5000.0000 5900.0000 91
5000.0000 6000.0000 32
4900.0000 5900.0000 73
4800.0000 5900.0000 14
4800.0000 6000.0000 55
4700.0000 6000.0000 96
4700.0000 5900.0000 37
4600.0000 5900.0000 78
4600.0000 6000.0000 19
4500.0000 5900.0000 60
4500.0000 6000.0000 1
4400.0000 6000.0000 42
4500.0000 6100.0000 83
4400.0000 6100.0000 24
4300.0000 6000.0000 65
4400.0000 5900.0000 6
4300.0000 5900.0000 47
4200.0000 5800.0000 88
4200.0000 5900.0000 29
4200.0000 6000.0000 70
4100.0000 5900.0000 11
4100.0000 6000.0000 52
4000.0000 5900.0000 93
4000.0000 6000.0000 34
3900.0000 5900.0000 75
3900.0000 5800.0000 16
4000.0000 5800.0000 57
4100.0000 5800.0000 98
4200.0000 5700.0000 39
4200.0000 5600.0000 80
4100.0000 5700.0000 21
4100.0000 5600.0000 62
4000.0000 5600.0000 3
4000.0000 5700.0000 44
3900.0000 5600.0000 85
3900.0000 5500.0000 26
4000.0000 5500.0000 67
4100.0000 5500.0000 8
4200.0000 5400.0000 49
4200.0000 5500.0000 90
4100.0000 5400.0000 31
4200.0000 5300.0000 72
4200.0000 5200.0000 13
4100.0000 5300.0000 54
4000.0000 5300.0000 95
4000.0000 5400.0000 36
3900.0000 5400.0000 77
3900.0000 5300.0000 18
4000.0000 5200.0000 59
4100.0000 5200.0000 100
4200.0000 5100.0000 41
4300.0000 5100.0000 82
4300.0000 5000.0000 23
4200.0000 4900.0000 64
4200.0000 5000.0000 5
4100.0000 5100.0000 46
4100.0000 5000.0000 87
4000.0000 5000.0000 28
4100.0000 4900.0000 69
4000.0000 4900.0000 10
4100.0000 4800.0000 51
4200.0000 4700.0000 92
4300.0000 4800.0000 33
4200.0000 4800.0000 74
4100.0000 4700.0000 15
4000.0000 4700.0000 56
4100.0000 4600.0000 97
4300.0000 4500.0000 38
4200.0000 4400.0000 79
4200.0000 4500.0000 20
4200.0000 4600.0000 61
4100.0000 4500.0000 2
4000.0000 4500.0000 43
4000.0000 4600.0000 84
3900.0000 4500.0000 25
4000.0000 4400.0000 66
3900.0000 4400.0000 7
4000.0000 4300.0000 48
4100.0000 4300.0000 89
4200.0000 4200.0000 30
4300.0000 4200.0000 71
4200.0000 4300.0000 12
4100.0000 4200.0000 53
4200.0000 4100.0000 94
4200.0000 4000.0000 35
4100.0000 4100.0000 76
4000.0000 4100.0000 17
3900.0000 4000.0000 58
4000.0000 3900.0000 99
4100.0000 4000.0000 40
4000.0000 4000.0000 81
4100.0000 3900.0000 22
4200.0000 3700.0000 63
4200.0000 3800.0000 4
4300.0000 3900.0000 45
4200.0000 3900.0000 86
4100.0000 3800.0000 27
4000.0000 3800.0000 68
4100.0000 3700.0000 9
4000.0000 3700.0000 50
4100.0000 3600.0000 91
4200.0000 3500.0000 32
4300.0000 3600.0000 73
4200.0000 3600.0000 14
4100.0000 3500.0000 55
4000.0000 3500.0000 96
4000.0000 3600.0000 37
3900.0000 3500.0000 78
3900.0000 3400.0000 19
4000.0000 3400.0000 60
4100.0000 3400.0000 1
4200.0000 3300.0000 42
4300.0000 3300.0000 83
4200.0000 3400.0000 24
4100.0000 3300.0000 65
4200.0000 3200.0000 6
4300.0000 3200.0000 47
4400.0000 3100.0000 88
4500.0000 3100.0000 29
4400.0000 3200.0000 70
4300.0000 3100.0000 11
4200.0000 3100.0000 52
4100.0000 3200.0000 93
4000.0000 3200.0000 34
4000.0000 3300.0000 75
3900.0000 3300.0000 16
3900.0000 3200.0000 57
3900.0000 3100.0000 98
4000.0000 3000.0000 39
4100.0000 3100.0000 80
4000.0000 3100.0000 21
4100.0000 3000.0000 62
4200.0000 2900.0000 3
4300.0000 3000.0000 44
4200.0000 3000.0000 85
4100.0000 2900.0000 26
4000.0000 2900.0000 67
4100.0000 2800.0000 8
4000.0000 2800.0000 49
4100.0000 2700.0000 90
4200.0000 2600.0000 31
4300.0000 2700.0000 72
4200.0000 2700.0000 13
4200.0000 2800.0000 54
4300.0000 2800.0000 95
4300.0000 2900.0000 36
4400.0000 3000.0000 77
4500.0000 3000.0000 18
4600.0000 2900.0000 59
4700.0000 3000.0000 100
4600.0000 3000.0000 41
4500.0000 2900.0000 82
4400.0000 2900.0000 23
4500.0000 2800.0000 64
4400.0000 2800.0000 5
4400.0000 2700.0000 46
4400.0000 2600.0000 87
4500.0000 2700.0000 28
4500.0000 2600.0000 69
4600.0000 2600.0000 10
4700.0000 2600.0000 51
4600.0000 2700.0000 92
4700.0000 2800.0000 33
4600.0000 2800.0000 74
4700.0000 2700.0000 15
4800.0000 2800.0000 56
4900.0000 2700.0000 97
4800.0000 2700.0000 38
4800.0000 2600.0000 79
4900.0000 2600.0000 20
5000.0000 2600.0000 61
5100.0000 2600.0000 2
5000.0000 2700.0000 43
5100.0000 2800.0000 84
5000.0000 2800.0000 25
5100.0000 2700.0000 66
5200.0000 2600.0000 7
5300.0000 2600.0000 48
5200.0000 2700.0000 89
5200.0000 2800.0000 30
5300.0000 2700.0000 71
5400.0000 2800.0000 12
5500.0000 2800.0000 53
5400.0000 2700.0000 94
5400.0000 2600.0000 35
5500.0000 2700.0000 76
5500.0000 2600.0000 17
5600.0000 2600.0000 58
5700.0000 2600.0000 99
5600.0000 2700.0000 40
5700.0000 2800.0000 81
5600.0000 2800.0000 22
5700.0000 2700.0000 63
5800.0000 2800.0000 4
5900.0000 2800.0000 45
6000.0000 2800.0000 86
5900.0000 2700.0000 27
5800.0000 2700.0000 68
5800.0000 2600.0000 9
5900.0000 2600.0000 50
6000.0000 2600.0000 91
6100.0000 2600.0000 32
6000.0000 2700.0000 73
6100.0000 2800.0000 14
6200.0000 2700.0000 55
6200.0000 2600.0000 96
6100.0000 2700.0000 37
6200.0000 2800.0000 78
6400.0000 2900.0000 19
6300.0000 3000.0000 60
6400.0000 3100.0000 1
6500.0000 3100.0000 42
6700.0000 3000.0000 83
6600.0000 2900.0000 24
6600.0000 3000.0000 65
6600.0000 3100.0000 6
6500.0000 3000.0000 47
6400.0000 3000.0000 88
6300.0000 3100.0000 29
6400.0000 3200.0000 70
6300.0000 3200.0000 11
6300.0000 3300.0000 52
6300.0000 3400.0000 93
6400.0000 3500.0000 34
6500.0000 3400.0000 75
6400.0000 3400.0000 16
6400.0000 3300.0000 57
6500.0000 3300.0000 98
6600.0000 3200.0000 39
6500.0000 3200.0000 80
6600.0000 3300.0000 21
6800.0000 3400.0000 62
6900.0000 3500.0000 3
6900.0000 3400.0000 44
6800.0000 3500.0000 85
6700.0000 3400.0000 26
6600.0000 3400.0000 67
6700.0000 3300.0000 8
6800.0000 3200.0000 49
6900.0000 3300.0000 90
7000.0000 3300.0000 31
6900.0000 3200.0000 72
6800.0000 3300.0000 13
6700.0000 3200.0000 54
6700.0000 3100.0000 95
6800.0000 3100.0000 36
6900.0000 3100.0000 77
6800.0000 3000.0000 18
6900.0000 3000.0000 59
6800.0000 2900.0000 100
6900.0000 2900.0000 41
7000.0000 2900.0000 82
7200.0000 2900.0000 23
7100.0000 2900.0000 64
7000.0000 3000.0000 5
7100.0000 3100.0000 46
7200.0000 3000.0000 87
7200.0000 3100.0000 28
7100.0000 3000.0000 69
7000.0000 3100.0000 10
7100.0000 3200.0000 51
7000.0000 3200.0000 92
7100.0000 3300.0000 33
7200.0000 3200.0000 74
7200.0000 3300.0000 15
7200.0000 3400.0000 56
7100.0000 3400.0000 97
7200.0000 3500.0000 38
7100.0000 3500.0000 79
7000.0000 3400.0000 20
7000.0000 3500.0000 61
7000.0000 3600.0000 2
7200.0000 3600.0000 43
7200.0000 3700.0000 84
7200.0000 3800.0000 25
7100.0000 3800.0000 66
7100.0000 3700.0000 7
7100.0000 3600.0000 48
7000.0000 3700.0000 89
6900.0000 3600.0000 30
6800.0000 3700.0000 71
6800.0000 3600.0000 12
6900.0000 3700.0000 53
7000.0000 3800.0000 94
6900.0000 3800.0000 35
7000.0000 3900.0000 76
6900.0000 3900.0000 17
6900.0000 4000.0000 58
7000.0000 4000.0000 99
7100.0000 3900.0000 40
7200.0000 3900.0000 81
7200.0000 4000.0000 22
7100.0000 4000.0000 63
7200.0000 4100.0000 4
7100.0000 4100.0000 45
7000.0000 4100.0000 86
7000.0000 4200.0000 27
7100.0000 4300.0000 68
7200.0000 4200.0000 9
7200.0000 4300.0000 50
7100.0000 4200.0000 91
7000.0000 4300.0000 32
7000.0000 4400.0000 73
7100.0000 4400.0000 14
7200.0000 4400.0000 55
7200.0000 4500.0000 96
7100.0000 4500.0000 37
7200.0000 4600.0000 78
7100.0000 4600.0000 19
7200.0000 4700.0000 60
7100.0000 4700.0000 1
7000.0000 4600.0000 42
6900.0000 4700.0000 83
6900.0000 4600.0000 24
7000.0000 4700.0000 65
7000.0000 4800.0000 6
7100.0000 4900.0000 47
7200.0000 4800.0000 88
7200.0000 4900.0000 29
7100.0000 4800.0000 70
7000.0000 4900.0000 11
6900.0000 5000.0000 52
6900.0000 4900.0000 93
7000.0000 5000.0000 34
7100.0000 5000.0000 75
7000.0000 5100.0000 16
7200.0000 5000.0000 57
7200.0000 5100.0000 98
7200.0000 5200.0000 39
7200.0000 5300.0000 80
7100.0000 5200.0000 21
7100.0000 5100.0000 62
7000.0000 5200.0000 3
6900.0000 5300.0000 44
6900.0000 5200.0000 85
7000.0000 5300.0000 26
7100.0000 5300.0000 67
7000.0000 5400.0000 8
7100.0000 5500.0000 49
7200.0000 5400.0000 90
7200.0000 5500.0000 31
7100.0000 5400.0000 72
7000.0000 5500.0000 13
6900.0000 5500.0000 54
6900.0000 5400.0000 95
6800.0000 5500.0000 36
6800.0000 5400.0000 77
6700.0000 5500.0000 18
6700.0000 5400.0000 59
6800.0000 5300.0000 100
6800.0000 5200.0000 41
6700.0000 5300.0000 82
6700.0000 5200.0000 23
6700.0000 5100.0000 64
6800.0000 5000.0000 5
6900.0000 5100.0000 46
6800.0000 5100.0000 87
6700.0000 5000.0000 28
6800.0000 4900.0000 69
6700.0000 4900.0000 10
6700.0000 4800.0000 51
6800.0000 4700.0000 92
6900.0000 4800.0000 33
6800.0000 4800.0000 74
6700.0000 4700.0000 15
6800.0000 4600.0000 56
6700.0000 4600.0000 97
6700.0000 4500.0000 38
6800.0000 4400.0000 79
6900.0000 4500.0000 20
6900.0000 4400.0000 61
6800.0000 4500.0000 2
6700.0000 4400.0000 43
6700.0000 4300.0000 84
6800.0000 4300.0000 25
6900.0000 4300.0000 66
6900.0000 4200.0000 7
6800.0000 4200.0000 48
6700.0000 4200.0000 89
6800.0000 4100.0000 30
6800.0000 4000.0000 71
6700.0000 4000.0000 12
6600.0000 4000.0000 53
6700.0000 3900.0000 94
6800.0000 3800.0000 35
6800.0000 3900.0000 76
6700.0000 3800.0000 17
6700.0000 3700.0000 58
6600.0000 3700.0000 99
6600.0000 3800.0000 40
6600.0000 3900.0000 81
6500.0000 3800.0000 22
6500.0000 3700.0000 63
6600.0000 3600.0000 4
6700.0000 3600.0000 45
6600.0000 3500.0000 86
6500.0000 3600.0000 27
6400.0000 3600.0000 68
6400.0000 3700.0000 9
6300.0000 3800.0000 50
6300.0000 3900.0000 91
6300.0000 4000.0000 32
6400.0000 4000.0000 73
6500.0000 4000.0000 14
6400.0000 3900.0000 55
6500.0000 3900.0000 96
6400.0000 3800.0000 37
6300.0000 3700.0000 78
6200.0000 3700.0000 19
6100.0000 3800.0000 60
6100.0000 3700.0000 1
6200.0000 3600.0000 42
6300.0000 3600.0000 83
6200.0000 3500.0000 24
6100.0000 3600.0000 65
6000.0000 3500.0000 6
6000.0000 3600.0000 47
6000.0000 3700.0000 88
6000.0000 3800.0000 29
5900.0000 3800.0000 70
6000.0000 3900.0000 11
5900.0000 3900.0000 52
5800.0000 3900.0000 93
5800.0000 3800.0000 34
5900.0000 3700.0000 75
5900.0000 3600.0000 16
5800.0000 3700.0000 57
5700.0000 3800.0000 98
5700.0000 3700.0000 39
5800.0000 3600.0000 80
5700.0000 3600.0000 21
5800.0000 3500.0000 62
5700.0000 3500.0000 3
5600.0000 3500.0000 44
5600.0000 3600.0000 85
5600.0000 3700.0000 26
5600.0000 3800.0000 67
5600.0000 3900.0000 8
5500.0000 3800.0000 49
5500.0000 3900.0000 90
5400.0000 3900.0000 31
5600.0000 4000.0000 72
5700.0000 4100.0000 13
5800.0000 4000.0000 54
5900.0000 4000.0000 95
5800.0000 4100.0000 36
5700.0000 4000.0000 77
5600.0000 4100.0000 18
5500.0000 4000.0000 59
5400.0000 4000.0000 100
5300.0000 3900.0000 41
5400.0000 3800.0000 82
5300.0000 3800.0000 23
5400.0000 3700.0000 64
5500.0000 3700.0000 5
5500.0000 3600.0000 46
5400.0000 3600.0000 87
5500.0000 3500.0000 28
5400.0000 3500.0000 69
5300.0000 3600.0000 10
5300.0000 3700.0000 51
5200.0000 3800.0000 92
5200.0000 3900.0000 33
5200.0000 4000.0000 74
5300.0000 4000.0000 15
5400.0000 4100.0000 56
5300.0000 4100.0000 97
5300.0000 4200.0000 38
5400.0000 4300.0000 79
5500.0000 4300.0000 20
5600.0000 4200.0000 61
5700.0000 4200.0000 2
5600.0000 4300.0000 43
5500.0000 4200.0000 84
5400.0000 4200.0000 25
5300.0000 4300.0000 66
5400.0000 4400.0000 7
5400.0000 4500.0000 48
5500.0000 4500.0000 89
5600.0000 4500.0000 30
5700.0000 4600.0000 71
5800.0000 4600.0000 12
5700.0000 4500.0000 53
5600.0000 4600.0000 94
5500.0000 4600.0000 35
5400.0000 4600.0000 76
5300.0000 4600.0000 17
5300.0000 4500.0000 58
5300.0000 4400.0000 99
5200.0000 4300.0000 40
5200.0000 4200.0000 81
5100.0000 4300.0000 22
5200.0000 4400.0000 63
5100.0000 4400.0000 4
5000.0000 4300.0000 45
5000.0000 4400.0000 86
5000.0000 4500.0000 27
5100.0000 4500.0000 68
5200.0000 4600.0000 9
5300.0000 4700.0000 50
5400.0000 4700.0000 91
5300.0000 4800.0000 32
5200.0000 4700.0000 73
5100.0000 4600.0000 14
5000.0000 4600.0000 55
4900.0000 4600.0000 96
4900.0000 4700.0000 37
5000.0000 4800.0000 78
4900.0000 4800.0000 19
4900.0000 4900.0000 60
4900.0000 5000.0000 1
5000.0000 4900.0000 42
5100.0000 4800.0000 83
5100.0000 4900.0000 24
5200.0000 4800.0000 65
5200.0000 4900.0000 6
5200.0000 5000.0000 47
5300.0000 5100.0000 88
5400.0000 5200.0000 29
5300.0000 5200.0000 70
5200.0000 5100.0000 11
5300.0000 5000.0000 52
5400.0000 5100.0000 93
5500.0000 5200.0000 34
5500.0000 5100.0000 75
5600.0000 5000.0000 16
5700.0000 5100.0000 57
5800.0000 5000.0000 98
5900.0000 5000.0000 39
6000.0000 4900.0000 80
6100.0000 5000.0000 21
6200.0000 4900.0000 62
6200.0000 5000.0000 3
6100.0000 4900.0000 44
6000.0000 5000.0000 85
5900.0000 4900.0000 26
5800.0000 4900.0000 67
5700.0000 5000.0000 8
5600.0000 5100.0000 49
5500.0000 5000.0000 90
5400.0000 5000.0000 31
5300.0000 4900.0000 72
5400.0000 4900.0000 13
5500.0000 4900.0000 54
5400.0000 4800.0000 95
5500.0000 4800.0000 36
5600.0000 4700.0000 77
5500.0000 4700.0000 18
5600.0000 4800.0000 59
5700.0000 4900.0000 100
5600.0000 4900.0000 41
5700.0000 4800.0000 82
5800.0000 4700.0000 23
5700.0000 4700.0000 64
5800.0000 4800.0000 5
5900.0000 4800.0000 46
6000.0000 4800.0000 87
5900.0000 4700.0000 28
5900.0000 4600.0000 69
6000.0000 4700.0000 10
6100.0000 4800.0000 51
6200.0000 4700.0000 92
6300.0000 4800.0000 33
6200.0000 4800.0000 74
6100.0000 4700.0000 15
6200.0000 4600.0000 56
6300.0000 4500.0000 97
6200.0000 4500.0000 38
6100.0000 4600.0000 79
6000.0000 4600.0000 20
6100.0000 4500.0000 61
6200.0000 4400.0000 2
6200.0000 4300.0000 43
6100.0000 4400.0000 84
6000.0000 4400.0000 25
6000.0000 4500.0000 66
5900.0000 4500.0000 7
5900.0000 4400.0000 48
5900.0000 4300.0000 89
6000.0000 4300.0000 30
6100.0000 4300.0000 71
6200.0000 4200.0000 12
6300.0000 4200.0000 53
6200.0000 4100.0000 94
6100.0000 4200.0000 35
6100.0000 4100.0000 76
6000.0000 4100.0000 17
6000.0000 4200.0000 58
5900.0000 4200.0000 99
5800.0000 4300.0000 40
5800.0000 4400.0000 81
5800.0000 4500.0000 22
5700.0000 4400.0000 63
5700.0000 4300.0000 4
5800.0000 4200.0000 45
6000.0000 4000.0000 86
6100.0000 4000.0000 27
6200.0000 3900.0000 68
6200.0000 3800.0000 9
6200.0000 4000.0000 50
6400.0000 4100.0000 91
6400.0000 4200.0000 32
6500.0000 4200.0000 73
6600.0000 4100.0000 14
6600.0000 4200.0000 55
6600.0000 4300.0000 96
6500.0000 4300.0000 37
6600.0000 4400.0000 78
6500.0000 4400.0000 19
6400.0000 4300.0000 60
6300.0000 4300.0000 1
6400.0000 4400.0000 42
6300.0000 4400.0000 83
6400.0000 4500.0000 24
6500.0000 4500.0000 65
6600.0000 4500.0000 6
6600.0000 4600.0000 47
6500.0000 4600.0000 88
6600.0000 4700.0000 29
6500.0000 4700.0000 70
6400.0000 4600.0000 11
6300.0000 4600.0000 52
6400.0000 4700.0000 93
6300.0000 4700.0000 34
6400.0000 4800.0000 75
6500.0000 4800.0000 16
6600.0000 4800.0000 57
6600.0000 4900.0000 98
6500.0000 4900.0000 39
6600.0000 5000.0000 80
6500.0000 5000.0000 21
6400.0000 4900.0000 62
6300.0000 4900.0000 3
6400.0000 5000.0000 44
6300.0000 5000.0000 85
6300.0000 5100.0000 26
6400.0000 5200.0000 67
6500.0000 5300.0000 8
6600.0000 5200.0000 49
6600.0000 5300.0000 90
6500.0000 5200.0000 31
6600.0000 5100.0000 72
6500.0000 5100.0000 13
6400.0000 5100.0000 54
6300.0000 5200.0000 95
6400.0000 5300.0000 36
6300.0000 5300.0000 77
6400.0000 5400.0000 18
6500.0000 5400.0000 59
6600.0000 5400.0000 100
6600.0000 5500.0000 41
6500.0000 5500.0000 82
6400.0000 5500.0000 23
6300.0000 5500.0000 64
6300.0000 5400.0000 5
6200.0000 5500.0000 46
6200.0000 5400.0000 87
6200.0000 5300.0000 28
6200.0000 5200.0000 69
6100.0000 5300.0000 10
6100.0000 5200.0000 51
6200.0000 5100.0000 92
6100.0000 5100.0000 33
6000.0000 5100.0000 74
6000.0000 5200.0000 15
5900.0000 5100.0000 56
5800.0000 5200.0000 97
5800.0000 5100.0000 38
5900.0000 5200.0000 79
6000.0000 5300.0000 20
5900.0000 5300.0000 61
6000.0000 5400.0000 2
6100.0000 5500.0000 43
6100.0000 5400.0000 84
6000.0000 5500.0000 25
5900.0000 5500.0000 66
5900.0000 5400.0000 7
5800.0000 5500.0000 48
5800.0000 5400.0000 89
5800.0000 5300.0000 30
5700.0000 5300.0000 71
5700.0000 5400.0000 12
5700.0000 5500.0000 53
5600.0000 5500.0000 94
5600.0000 5400.0000 35
5600.0000 5300.0000 76
5700.0000 5200.0000 17
5600.0000 5200.0000 58
5500.0000 5300.0000 99
5500.0000 5400.0000 40
5400.0000 5400.0000 81
5500.0000 5500.0000 22
5400.0000 5500.0000 63
5300.0000 5500.0000 4
5300.0000 5400.0000 45
5400.0000 5300.0000 86
5300.0000 5300.0000 27
5200.0000 5400.0000 68
5200.0000 5300.0000 9
5200.0000 5200.0000 50
5100.0000 5200.0000 91
5100.0000 5100.0000 32
5000.0000 5100.0000 73
5000.0000 5200.0000 14
5000.0000 5300.0000 55
5100.0000 5400.0000 96
5200.0000 5500.0000 37
5100.0000 5500.0000 78
5000.0000 5500.0000 19
5000.0000 5400.0000 60
4900.0000 5300.0000 1
4900.0000 5400.0000 42
4900.0000 5500.0000 83
4800.0000 5500.0000 24
4800.0000 5400.0000 65
4700.0000 5500.0000 6
4700.0000 5400.0000 47
4800.0000 5300.0000 88
4900.0000 5200.0000 29
4800.0000 5200.0000 70
4700.0000 5300.0000 11
4600.0000 5200.0000 52
4600.0000 5300.0000 93
4700.0000 5200.0000 34
4700.0000 5100.0000 75
4800.0000 5000.0000 16
4900.0000 5100.0000 57
4800.0000 5100.0000 98
4700.0000 5000.0000 39
4700.0000 4900.0000 80
4800.0000 4900.0000 21
4800.0000 4800.0000 62
4700.0000 4800.0000 3
4800.0000 4700.0000 44
4700.0000 4600.0000 85
4800.0000 4600.0000 26
4900.0000 4500.0000 67
4800.0000 4500.0000 8
4900.0000 4400.0000 49
4800.0000 4400.0000 90
4700.0000 4500.0000 31
4600.0000 4300.0000 72
4600.0000 4400.0000 13
4700.0000 4300.0000 54
4800.0000 4300.0000 95
4700.0000 4200.0000 36
4900.0000 4300.0000 77
4900.0000 4200.0000 18
5000.0000 4100.0000 59
5100.0000 4100.0000 100
5200.0000 4100.0000 41
5100.0000 4000.0000 82
5000.0000 4000.0000 23
4900.0000 4100.0000 64
4900.0000 4000.0000 5
4800.0000 4100.0000 46
4800.0000 4200.0000 87
4700.0000 4100.0000 28
4600.0000 4000.0000 69
4600.0000 4100.0000 10
4700.0000 4000.0000 51
4800.0000 4000.0000 92
4700.0000 3900.0000 33
4800.0000 3800.0000 74
4900.0000 3900.0000 15
5000.0000 3800.0000 56
5100.0000 3800.0000 97
5100.0000 3700.0000 38
5000.0000 3700.0000 79
4900.0000 3800.0000 20
4800.0000 3900.0000 61
4700.0000 3800.0000 2
4600.0000 3700.0000 43
4600.0000 3800.0000 84
4700.0000 3700.0000 25
4800.0000 3700.0000 66
4700.0000 3600.0000 7
4800.0000 3500.0000 48
4900.0000 3400.0000 89
4800.0000 3400.0000 30
4700.0000 3500.0000 71
4800.0000 3600.0000 12
4900.0000 3700.0000 53
4900.0000 3600.0000 94
4900.0000 3500.0000 35
5000.0000 3600.0000 76
5100.0000 3500.0000 17
5200.0000 3500.0000 58
5300.0000 3500.0000 99
5200.0000 3600.0000 40
5100.0000 3600.0000 81
5000.0000 3500.0000 22
5100.0000 3400.0000 63
5000.0000 3300.0000 4
5100.0000 3200.0000 45
5200.0000 3200.0000 86
5100.0000 3300.0000 27
5200.0000 3300.0000 68
5300.0000 3400.0000 9
5200.0000 3400.0000 50
5300.0000 3300.0000 91
5400.0000 3200.0000 32
5500.0000 3100.0000 73
5400.0000 3100.0000 14
5300.0000 3200.0000 55
5400.0000 3300.0000 96
5500.0000 3400.0000 37
5400.0000 3400.0000 78
5500.0000 3300.0000 19
5500.0000 3200.0000 60
5600.0000 3100.0000 1
5700.0000 3200.0000 42
5800.0000 3200.0000 83
5700.0000 3100.0000 24
5600.0000 3200.0000 65
5600.0000 3300.0000 6
5700.0000 3400.0000 47
5600.0000 3400.0000 88
5700.0000 3300.0000 29
5800.0000 3400.0000 70
5900.0000 3400.0000 11
6000.0000 3300.0000 52
6200.0000 3100.0000 93
6200.0000 3200.0000 34
6200.0000 3300.0000 75
6200.0000 3400.0000 16
6100.0000 3400.0000 57
6000.0000 3400.0000 98
5900.0000 3300.0000 39
5800.0000 3300.0000 80
5900.0000 3200.0000 21
5900.0000 3100.0000 62
6000.0000 3200.0000 3
6100.0000 3300.0000 44
6100.0000 3200.0000 85
6100.0000 3100.0000 26
6200.0000 3000.0000 67
6200.0000 2900.0000 8
6100.0000 3000.0000 49
6000.0000 2900.0000 90
6000.0000 3000.0000 31
6000.0000 3100.0000 72
5900.0000 3000.0000 13
5800.0000 3100.0000 54
5800.0000 3000.0000 95
5700.0000 3000.0000 36
5800.0000 2900.0000 77
5700.0000 2900.0000 18
5600.0000 2900.0000 59
5600.0000 3000.0000 100
5500.0000 2900.0000 41
5500.0000 3000.0000 82
5400.0000 3000.0000 23
5400.0000 2900.0000 64
5300.0000 2900.0000 5
5300.0000 3000.0000 46
5200.0000 3100.0000 87
5200.0000 3000.0000 28
5200.0000 2900.0000 69
5100.0000 3000.0000 10
5100.0000 3100.0000 51
5000.0000 3200.0000 92
4900.0000 3300.0000 33
4900.0000 3200.0000 74
4900.0000 3100.0000 15
5000.0000 3000.0000 56
5000.0000 2900.0000 97
4900.0000 3000.0000 38
4900.0000 2900.0000 79
4900.0000 2800.0000 20
4800.0000 2900.0000 61
4800.0000 3000.0000 2
4800.0000 3100.0000 43
4700.0000 3100.0000 84
4800.0000 3200.0000 25
4700.0000 3200.0000 66
4800.0000 3300.0000 7
4700.0000 3400.0000 48
4700.0000 3300.0000 89
4600.0000 3400.0000 30
4600.0000 3300.0000 71
4600.0000 3200.0000 12
4600.0000 3100.0000 53
4500.0000 3200.0000 94
4500.0000 3300.0000 35
4400.0000 3300.0000 76
4500.0000 3400.0000 17
4600.0000 3500.0000 58
4500.0000 3500.0000 99
4400.0000 3400.0000 40
4300.0000 3400.0000 81
4400.0000 3500.0000 22
4300.0000 3500.0000 63
4400.0000 3600.0000 4
4500.0000 3600.0000 45
4600.0000 3600.0000 86
4500.0000 3700.0000 27
4500.0000 3800.0000 68
4400.0000 3700.0000 9
4300.0000 3700.0000 50
4400.0000 3800.0000 91
4300.0000 3800.0000 32
4400.0000 3900.0000 73
4500.0000 3900.0000 14
4600.0000 3900.0000 55
4500.0000 4000.0000 96
4500.0000 4100.0000 37
4400.0000 4000.0000 78
4300.0000 4000.0000 19
4400.0000 4100.0000 60
4300.0000 4100.0000 1
4400.0000 4200.0000 42
4500.0000 4200.0000 83
4600.0000 4200.0000 24
4500.0000 4300.0000 65
4500.0000 4400.0000 6
4400.0000 4300.0000 47
4300.0000 4300.0000 88
4400.0000 4400.0000 29
4400.0000 4500.0000 70
4500.0000 4500.0000 11
4600.0000 4500.0000 52
4600.0000 4600.0000 93
4500.0000 4600.0000 34
4600.0000 4700.0000 75
4500.0000 4700.0000 16
4400.0000 4600.0000 57
4400.0000 4700.0000 98
4300.0000 4700.0000 39
4400.0000 4800.0000 80
4500.0000 4800.0000 21
4600.0000 4800.0000 62
4600.0000 4900.0000 3
4500.0000 4900.0000 44
4600.0000 5000.0000 85
4500.0000 5000.0000 26
4400.0000 4900.0000 67
4300.0000 4900.0000 8
4400.0000 5000.0000 49
4400.0000 5100.0000 90
4500.0000 5100.0000 31
4600.0000 5100.0000 72
4500.0000 5200.0000 13
4500.0000 5300.0000 54
4400.0000 5200.0000 95
4300.0000 5200.0000 36
4400.0000 5300.0000 77
4300.0000 5300.0000 18
4300.0000 5400.0000 59
4400.0000 5500.0000 100
4500.0000 5500.0000 41
4600.0000 5400.0000 82
4400.0000 5400.0000 23
4300.0000 5500.0000 64
4400.0000 5600.0000 5
4300.0000 5600.0000 46
4400.0000 5700.0000 87
4300.0000 5800.0000 28
4400.0000 5800.0000 69
4500.0000 5800.0000 10
4600.0000 5800.0000 51
4500.0000 5700.0000 92
4500.0000 5600.0000 33
4600.0000 5500.0000 74
4600.0000 5600.0000 15
4700.0000 5700.0000 56
4800.0000 5800.0000 97
4700.0000 5800.0000 38
4600.0000 5700.0000 79
4700.0000 5600.0000 20
4800.0000 5600.0000 61
4900.0000 5700.0000 2
5000.0000 5800.0000 43
4900.0000 5800.0000 84
4800.0000 5700.0000 25
4900.0000 5600.0000 66
5000.0000 5600.0000 7
5100.0000 5600.0000 48
5000.0000 5700.0000 89
5100.0000 5800.0000 30
5200.0000 5700.0000 71
5300.0000 5600.0000 12
5200.0000 5600.0000 53
5100.0000 5700.0000 94
5200.0000 5800.0000 35
5300.0000 5800.0000 76
5300.0000 5700.0000 17
5400.0000 5800.0000 58
5500.0000 5800.0000 99
5400.0000 5700.0000 40
5400.0000 5600.0000 81
5500.0000 5700.0000 22
5500.0000 5600.0000 63
5600.0000 5600.0000 4
5700.0000 5600.0000 45
5600.0000 5700.0000 86
5700.0000 5800.0000 27
5600.0000 5800.0000 68
5700.0000 5700.0000 9
5800.0000 5800.0000 50
5900.0000 5800.0000 91
6000.0000 5800.0000 32
5900.0000 5700.0000 73
5800.0000 5700.0000 14
5800.0000 5600.0000 55
5900.0000 5600.0000 96
6000.0000 5600.0000 37
6100.0000 5600.0000 78
6000.0000 5700.0000 19
6100.0000 5800.0000 60
6200.0000 5700.0000 1
6300.0000 5600.0000 42
6200.0000 5600.0000 83
6100.0000 5700.0000 24
6200.0000 5800.0000 65
6300.0000 5800.0000 6
6300.0000 5700.0000 47
6400.0000 5800.0000 88
6500.0000 5800.0000 29
6400.0000 5700.0000 70
6400.0000 5600.0000 11
6500.0000 5700.0000 52
6500.0000 5600.0000 93
6600.0000 5600.0000 34
6700.0000 5600.0000 75
6600.0000 5700.0000 16
6700.0000 5800.0000 57
6600.0000 5800.0000 98
6700.0000 5700.0000 39
6800.0000 5800.0000 80
6900.0000 5800.0000 21
7000.0000 5800.0000 62
6900.0000 5700.0000 3
6800.0000 5700.0000 44
6800.0000 5600.0000 85
6900.0000 5600.0000 26
7000.0000 5600.0000 67
7100.0000 5600.0000 8
7000.0000 5700.0000 49
7100.0000 5800.0000 90
7200.0000 5700.0000 31
7300.0000 5700.0000 72
7200.0000 5600.0000 13
7100.0000 5700.0000 54
7200.0000 5800.0000 95
7300.0000 5800.0000 36
7300.0000 5900.0000 77
7300.0000 6000.0000 18
7300.0000 6100.0000 59
7400.0000 6100.0000 100
7600.0000 5600.0000 41
7600.0000 5700.0000 82
7600.0000 5800.0000 23
7600.0000 5900.0000 64
7600.0000 6000.0000 5
7600.0000 6100.0000 46
7500.0000 6100.0000 87
7400.0000 6000.0000 28
7500.0000 6000.0000 69
7500.0000 5900.0000 10
7400.0000 5900.0000 51
7500.0000 5800.0000 92
7400.0000 5800.0000 33
7500.0000 5700.0000 74
7400.0000 5700.0000 15
7500.0000 5600.0000 56
7400.0000 5600.0000 97
7300.0000 5600.0000 38
7300.0000 5500.0000 79
7400.0000 5500.0000 20
7500.0000 5500.0000 61
7600.0000 5400.0000 2
7600.0000 5500.0000 43
7500.0000 5400.0000 84
7400.0000 5400.0000 25
7500.0000 5300.0000 66
7400.0000 5300.0000 7
7300.0000 5400.0000 48
7300.0000 5300.0000 89
7300.0000 5200.0000 30
7400.0000 5200.0000 71
7500.0000 5200.0000 12
7600.0000 5100.0000 53
7600.0000 5200.0000 94
7500.0000 5100.0000 35
7500.0000 5000.0000 76
7400.0000 5000.0000 17
7300.0000 5100.0000 58
7300.0000 5000.0000 99
7300.0000 4900.0000 40
7400.0000 4900.0000 81
7500.0000 4900.0000 22
7600.0000 4800.0000 63
7600.0000 4900.0000 4
7500.0000 4800.0000 45
7400.0000 4800.0000 86
7300.0000 4800.0000 27
7400.0000 4700.0000 68
7300.0000 4600.0000 9
7400.0000 4600.0000 50
7500.0000 4700.0000 91
7600.0000 4600.0000 32
7700.0000 4600.0000 73
7600.0000 4700.0000 14
7500.0000 4600.0000 55
7600.0000 4500.0000 96
7700.0000 4500.0000 37
7600.0000 4400.0000 78
7500.0000 4500.0000 19
7400.0000 4500.0000 60
7500.0000 4400.0000 1
7400.0000 4400.0000 42
7300.0000 4400.0000 83
7300.0000 4300.0000 24
7400.0000 4300.0000 65
7500.0000 4300.0000 6
7600.0000 4200.0000 47
7700.0000 4200.0000 88
7600.0000 4300.0000 29
7500.0000 4200.0000 70
7400.0000 4200.0000 11
7500.0000 4100.0000 52
7400.0000 4100.0000 93
7300.0000 4200.0000 34
7300.0000 4100.0000 75
7300.0000 4000.0000 16
7400.0000 4000.0000 57
7500.0000 4000.0000 98
7600.0000 3900.0000 39
7700.0000 3900.0000 80
7600.0000 4000.0000 21
7500.0000 3900.0000 62
7400.0000 3900.0000 3
7500.0000 3800.0000 44
7400.0000 3800.0000 85
7300.0000 3900.0000 26
7300.0000 3800.0000 67
7300.0000 3700.0000 8
7400.0000 3700.0000 49
7500.0000 3700.0000 90
7600.0000 3600.0000 31
7700.0000 3600.0000 72
7600.0000 3700.0000 13
7500.0000 3600.0000 54
7400.0000 3600.0000 95
7500.0000 3500.0000 36
7400.0000 3500.0000 77
7300.0000 3600.0000 18
7300.0000 3500.0000 59
7300.0000 3400.0000 100
7400.0000 3300.0000 41
7500.0000 3400.0000 82
7600.0000 3300.0000 23
7700.0000 3300.0000 64
7600.0000 3200.0000 5
7500.0000 3300.0000 46
7500.0000 3200.0000 87
7400.0000 3200.0000 28
7300.0000 3300.0000 69
7300.0000 3200.0000 10
7300.0000 3100.0000 51
7400.0000 3100.0000 92
7500.0000 3100.0000 33
7600.0000 3000.0000 74
7700.0000 3000.0000 15
7600.0000 3100.0000 56
7500.0000 3000.0000 97
7400.0000 3000.0000 38
7500.0000 2900.0000 79
7400.0000 2900.0000 20
7500.0000 2800.0000 61
7400.0000 2800.0000 2
7300.0000 2900.0000 43
7200.0000 2800.0000 84
7300.0000 2700.0000 25
7200.0000 2700.0000 66
7100.0000 2800.0000 7
7100.0000 2700.0000 48
7000.0000 2800.0000 89
7000.0000 2700.0000 30
7100.0000 2600.0000 71
7000.0000 2600.0000 12
7100.0000 2500.0000 53
7000.0000 2500.0000 94
6900.0000 2600.0000 35
6900.0000 2700.0000 76
6900.0000 2800.0000 17
6800.0000 2800.0000 58
6800.0000 2700.0000 99
6700.0000 2800.0000 40
6700.0000 2700.0000 81
6800.0000 2600.0000 22
6900.0000 2500.0000 63
6800.0000 2500.0000 4
6700.0000 2600.0000 45
6700.0000 2500.0000 86
6800.0000 2400.0000 27
6700.0000 2400.0000 68
6800.0000 2300.0000 9
6700.0000 2200.0000 50
6800.0000 2100.0000 91
6700.0000 2100.0000 32
6800.0000 2200.0000 73
6900.0000 2100.0000 14
7000.0000 2100.0000 55
7100.0000 2200.0000 96
7200.0000 2100.0000 37
7300.0000 2200.0000 78
7400.0000 2100.0000 19
7300.0000 2100.0000 60
7200.0000 2200.0000 1
7100.0000 2100.0000 42
7000.0000 2200.0000 83
6900.0000 2300.0000 24
6900.0000 2400.0000 65
7000.0000 2300.0000 6
7000.0000 2400.0000 47
7100.0000 2300.0000 88
7200.0000 2300.0000 29
7300.0000 2400.0000 70
7200.0000 2400.0000 11
7100.0000 2400.0000 52
7200.0000 2500.0000 93
7200.0000 2600.0000 34
7300.0000 2500.0000 75
7300.0000 2600.0000 16
7400.0000 2700.0000 57
7500.0000 2700.0000 98
7600.0000 2600.0000 39
7600.0000 2700.0000 80
7500.0000 2600.0000 21
7400.0000 2600.0000 62
7500.0000 2500.0000 3
7400.0000 2500.0000 44
7500.0000 2400.0000 85
7400.0000 2400.0000 26
7500.0000 2300.0000 67
7400.0000 2300.0000 8
7300.0000 2300.0000 49
7400.0000 2200.0000 90
7500.0000 2200.0000 31
7500.0000 2100.0000 72
7600.0000 2100.0000 13
7700.0000 2100.0000 54
7600.0000 2200.0000 95
7600.0000 2300.0000 36
7700.0000 2200.0000 77
7900.0000 2200.0000 18
8000.0000 2100.0000 59
8100.0000 2200.0000 100
8400.0000 1900.0000 41
8300.0000 2200.0000 82
8400.0000 2100.0000 23
8400.0000 2200.0000 64
8300.0000 2100.0000 5
8200.0000 2200.0000 46
8100.0000 2100.0000 87
8000.0000 2200.0000 28
7900.0000 2100.0000 69
7800.0000 2200.0000 10
7900.0000 2300.0000 51
8000.0000 2300.0000 92
8100.0000 2300.0000 33
8000.0000 2400.0000 74
7900.0000 2400.0000 15
7800.0000 2300.0000 56
7700.0000 2300.0000 97
7800.0000 2400.0000 38
7900.0000 2500.0000 79
7900.0000 2600.0000 20
7800.0000 2500.0000 61
7700.0000 2500.0000 2
7700.0000 2400.0000 43
7600.0000 2400.0000 84
7600.0000 2500.0000 25
7700.0000 2600.0000 66
7800.0000 2600.0000 7
7900.0000 2700.0000 48
8000.0000 2700.0000 89
7900.0000 2800.0000 30
7800.0000 2700.0000 71
7800.0000 2800.0000 12
7700.0000 2800.0000 53
7700.0000 2700.0000 94
7600.0000 2800.0000 35
7600.0000 2900.0000 76
7700.0000 2900.0000 17
7800.0000 2900.0000 58
7900.0000 3000.0000 99
8000.0000 3000.0000 40
7900.0000 2900.0000 81
7800.0000 3000.0000 22
7900.0000 3100.0000 63
7900.0000 3200.0000 4
7800.0000 3100.0000 45
7700.0000 3100.0000 86
7800.0000 3200.0000 27
7900.0000 3300.0000 68
7900.0000 3400.0000 9
7800.0000 3300.0000 50
7700.0000 3400.0000 91
7600.0000 3500.0000 32
7700.0000 3500.0000 73
7800.0000 3500.0000 14
7900.0000 3600.0000 55
8000.0000 3600.0000 96
7900.0000 3500.0000 37
7800.0000 3600.0000 78
7900.0000 3700.0000 19
7900.0000 3800.0000 60
7800.0000 3700.0000 1
7700.0000 3700.0000 42
7600.0000 3800.0000 83
7700.0000 3800.0000 24
7800.0000 3800.0000 65
7900.0000 3900.0000 6
7900.0000 4000.0000 47
7800.0000 3900.0000 88
7800.0000 4000.0000 29
7700.0000 4000.0000 70
7600.0000 4100.0000 11
7700.0000 4100.0000 52
7800.0000 4100.0000 93
7900.0000 4100.0000 34
7800.0000 4200.0000 75
7900.0000 4200.0000 16
7800.0000 4300.0000 57
7700.0000 4400.0000 98
8000.0000 4500.0000 39
8100.0000 4600.0000 80
8200.0000 4700.0000 21
8100.0000 4700.0000 62
8000.0000 4600.0000 3
8000.0000 4700.0000 44
7900.0000 4700.0000 85
7900.0000 4600.0000 26
7800.0000 4500.0000 67
7800.0000 4400.0000 8
7900.0000 4500.0000 49
7900.0000 4400.0000 90
7900.0000 4300.0000 31
8000.0000 4400.0000 72
8100.0000 4500.0000 13
8200.0000 4400.0000 54
8300.0000 4500.0000 95
8200.0000 4500.0000 36
8100.0000 4400.0000 77
8200.0000 4300.0000 18
8300.0000 4200.0000 59
8200.0000 4200.0000 100
8100.0000 4300.0000 41
8000.0000 4200.0000 82
8100.0000 4100.0000 23
8200.0000 4000.0000 64
8200.0000 4100.0000 5
8100.0000 4200.0000 46
8000.0000 4100.0000 87
8000.0000 4000.0000 28
8000.0000 3900.0000 69
8100.0000 3800.0000 10
8200.0000 3700.0000 51
8200.0000 3800.0000 92
8300.0000 3900.0000 33
8200.0000 3900.0000 74
8100.0000 3900.0000 15
8000.0000 3800.0000 56
8100.0000 3700.0000 97
8000.0000 3700.0000 38
8100.0000 3600.0000 79
8200.0000 3500.0000 20
8300.0000 3600.0000 61
8200.0000 3600.0000 2
8100.0000 3500.0000 43
8000.0000 3500.0000 84
8000.0000 3400.0000 25
8100.0000 3300.0000 66
8200.0000 3300.0000 7
8300.0000 3300.0000 48
8200.0000 3400.0000 89
8100.0000 3400.0000 30
8000.0000 3300.0000 71
8100.0000 3200.0000 12
8000.0000 3100.0000 53
8100.0000 3100.0000 94
8200.0000 3100.0000 35
8200.0000 3000.0000 76
8300.0000 3000.0000 17
8200.0000 2900.0000 58
8200.0000 2800.0000 99
8100.0000 2900.0000 40
8100.0000 2800.0000 81
8000.0000 2800.0000 22
8100.0000 2700.0000 63
8200.0000 2600.0000 4
8300.0000 2700.0000 45
8200.0000 2700.0000 86
8100.0000 2600.0000 27
8000.0000 2600.0000 68
8100.0000 2500.0000 9
8000.0000 2500.0000 50
8100.0000 2400.0000 91
8200.0000 2300.0000 32
8300.0000 2300.0000 73
8400.0000 2300.0000 14
8400.0000 2400.0000 55
8300.0000 2400.0000 96
8200.0000 2400.0000 37
8200.0000 2500.0000 78
8300.0000 2500.0000 19
8400.0000 2500.0000 60
8400.0000 2600.0000 1
8300.0000 2600.0000 42
8400.0000 2700.0000 83
8400.0000 2800.0000 24
8300.0000 2800.0000 65
8400.0000 2900.0000 6
8300.0000 2900.0000 47
8400.0000 3000.0000 88
8400.0000 3100.0000 29
8300.0000 3100.0000 70
8400.0000 3200.0000 11
8300.0000 3200.0000 52
8400.0000 3300.0000 93
8500.0000 3200.0000 34
8600.0000 2300.0000 75
8600.0000 2400.0000 16
8600.0000 2500.0000 57
8600.0000 2600.0000 98
8600.0000 2700.0000 39
8600.0000 2800.0000 80
8600.0000 2900.0000 21
8600.0000 3000.0000 62
8600.0000 3100.0000 3
8600.0000 3200.0000 44
8600.0000 3300.0000 85
8600.0000 3400.0000 26
8500.0000 3300.0000 67
8400.0000 3400.0000 8
8300.0000 3400.0000 49
8400.0000 3500.0000 90
8300.0000 3500.0000 31
8400.0000 3600.0000 72
8400.0000 3700.0000 13
8300.0000 3700.0000 54
8400.0000 3800.0000 95
8300.0000 3800.0000 36
8400.0000 3900.0000 77
8400.0000 4000.0000 18
8300.0000 4000.0000 59
8400.0000 4100.0000 100
8300.0000 4100.0000 41
8400.0000 4200.0000 82
8500.0000 4300.0000 23
8600.0000 3500.0000 64
8600.0000 3600.0000 5
8600.0000 3700.0000 46
8600.0000 3800.0000 87
8600.0000 3900.0000 28
8600.0000 4000.0000 69
8600.0000 4100.0000 10
8600.0000 4200.0000 51
8600.0000 4300.0000 92
8600.0000 4400.0000 33
8600.0000 4500.0000 74
8500.0000 4400.0000 15
8400.0000 4300.0000 56
8300.0000 4300.0000 97
8400.0000 4400.0000 38
8300.0000 4400.0000 79
8400.0000 4500.0000 20
8400.0000 4600.0000 61
8300.0000 4600.0000 2
8400.0000 4700.0000 43
8300.0000 4700.0000 84
8300.0000 4800.0000 25
8400.0000 4900.0000 66
8400.0000 4800.0000 7
8300.0000 4900.0000 48
8400.0000 5000.0000 89
8300.0000 5000.0000 30
8300.0000 5100.0000 71
8400.0000 5200.0000 12
8400.0000 5100.0000 53
8300.0000 5200.0000 94
8400.0000 5300.0000 35
8400.0000 5400.0000 76
8500.0000 5400.0000 17
8600.0000 4600.0000 58
8600.0000 4700.0000 99
8600.0000 4800.0000 40
8600.0000 4900.0000 81
8600.0000 5000.0000 22
8600.0000 5100.0000 63
8600.0000 5200.0000 4
8600.0000 5300.0000 45
8600.0000 5400.0000 86
8600.0000 5500.0000 27
8500.0000 5500.0000 68
8600.0000 5600.0000 9
8500.0000 5600.0000 50
8400.0000 5500.0000 91
8300.0000 5400.0000 32
8300.0000 5300.0000 73
8200.0000 5200.0000 14
8200.0000 5300.0000 55
8200.0000 5400.0000 96
8200.0000 5500.0000 37
8200.0000 5600.0000 78
8300.0000 5500.0000 19
8400.0000 5600.0000 60
8300.0000 5600.0000 1
8300.0000 5700.0000 42
8400.0000 5800.0000 83
8500.0000 5900.0000 24
8600.0000 5800.0000 65
8600.0000 5900.0000 6
8500.0000 5800.0000 47
8600.0000 5700.0000 88
8400.0000 5700.0000 29
8300.0000 5800.0000 70
8400.0000 5900.0000 11
8400.0000 6000.0000 52
8500.0000 6100.0000 93
8600.0000 6000.0000 34
8600.0000 6100.0000 75
8600.0000 6200.0000 16
8500.0000 6200.0000 57
8400.0000 6100.0000 98
8300.0000 6000.0000 39
8300.0000 5900.0000 80
8200.0000 5800.0000 21
8200.0000 5900.0000 62
8200.0000 6000.0000 3
8200.0000 6100.0000 44
8200.0000 6200.0000 85
8300.0000 6100.0000 26
8400.0000 6200.0000 67
8300.0000 6200.0000 8
8300.0000 6300.0000 49
8400.0000 6300.0000 90
8600.0000 6300.0000 31
8600.0000 6400.0000 72
8500.0000 6400.0000 13
8400.0000 6400.0000 54
8300.0000 6500.0000 95
8300.0000 6600.0000 36
8400.0000 6800.0000 77
8400.0000 6600.0000 18
8400.0000 6500.0000 59
8300.0000 6400.0000 100
8200.0000 6300.0000 41
8200.0000 6400.0000 82
8200.0000 6500.0000 23
8200.0000 6600.0000 64
8100.0000 6500.0000 5
8000.0000 6600.0000 46
8000.0000 6500.0000 87
8100.0000 6400.0000 28
8000.0000 6400.0000 69
8000.0000 6300.0000 10
8100.0000 6200.0000 51
8000.0000 6200.0000 92
8100.0000 6300.0000 33
7900.0000 6500.0000 74
7900.0000 6400.0000 15
7900.0000 6300.0000 56
7900.0000 6200.0000 97
7900.0000 6100.0000 38
8000.0000 6100.0000 79
8100.0000 6100.0000 20
8100.0000 6000.0000 61
8100.0000 5900.0000 2
8000.0000 5900.0000 43
8000.0000 6000.0000 84
7900.0000 6000.0000 25
7900.0000 5900.0000 66
7900.0000 5800.0000 7
8000.0000 5800.0000 48
8100.0000 5800.0000 89
8100.0000 5700.0000 30
8000.0000 5700.0000 71
8100.0000 5600.0000 12
8000.0000 5600.0000 53
7900.0000 5700.0000 94
7900.0000 5600.0000 35
7900.0000 5500.0000 76
8000.0000 5500.0000 17
8100.0000 5500.0000 58
8100.0000 5400.0000 99
8100.0000 5300.0000 40
8000.0000 5300.0000 81
8000.0000 5400.0000 22
7900.0000 5300.0000 63
7900.0000 5200.0000 4
8000.0000 5200.0000 45
8100.0000 5200.0000 86
8200.0000 5100.0000 27
8200.0000 5000.0000 68
8100.0000 5100.0000 9
8100.0000 5000.0000 50
8000.0000 5000.0000 91
8000.0000 5100.0000 32
7900.0000 5100.0000 73
7900.0000 5000.0000 14
8000.0000 4900.0000 55
8100.0000 4900.0000 96
8200.0000 4800.0000 37
8200.0000 4900.0000 78
8100.0000 4800.0000 19
8000.0000 4800.0000 60
7900.0000 4800.0000 1
7900.0000 4900.0000 42
7800.0000 5000.0000 83
7800.0000 4900.0000 24
7700.0000 4800.0000 65
7800.0000 4700.0000 6
7700.0000 4700.0000 47
7800.0000 4800.0000 88
7700.0000 4900.0000 29
7600.0000 5000.0000 70
7700.0000 5100.0000 11
7700.0000 5000.0000 52
7800.0000 5100.0000 93
7800.0000 5200.0000 34
7700.0000 5200.0000 75
7600.0000 5300.0000 16
7700.0000 5400.0000 57
7800.0000 5300.0000 98
7700.0000 5300.0000 39
7800.0000 5400.0000 80
7900.0000 5400.0000 21
7800.0000 5500.0000 62
7800.0000 5600.0000 3
7700.0000 5600.0000 44
7700.0000 5700.0000 85
7800.0000 5800.0000 26
7700.0000 5800.0000 67
7800.0000 5900.0000 8
7700.0000 5900.0000 49
7700.0000 6000.0000 90
7800.0000 6100.0000 31
7800.0000 6000.0000 72
7700.0000 6100.0000 13
7600.0000 6200.0000 54
7700.0000 6300.0000 95
7800.0000 6200.0000 36
7700.0000 6200.0000 77
7800.0000 6300.0000 18
7800.0000 6400.0000 59
7700.0000 6400.0000 100
7800.0000 6500.0000 41
7900.0000 6600.0000 82
7800.0000 6600.0000 23
7700.0000 6500.0000 64
7600.0000 6400.0000 5
7600.0000 6300.0000 46
7500.0000 6200.0000 87
7500.0000 6300.0000 28
7400.0000 6200.0000 69
7400.0000 6300.0000 10
7500.0000 6400.0000 51
7600.0000 6600.0000 92
7500.0000 6500.0000 33
7400.0000 6400.0000 74
7300.0000 6400.0000 15
7400.0000 6500.0000 56
7500.0000 6600.0000 97
7400.0000 6600.0000 38
7300.0000 6600.0000 79
7200.0000 6600.0000 20
7200.0000 6500.0000 61
7200.0000 6400.0000 2
7300.0000 6300.0000 43
7200.0000 6300.0000 84
7100.0000 6400.0000 25
7100.0000 6300.0000 66
7200.0000 6200.0000 7
7100.0000 6200.0000 48
7000.0000 6200.0000 89
7000.0000 6300.0000 30
7000.0000 6400.0000 71
7000.0000 6500.0000 12
7100.0000 6500.0000 53
7100.0000 6600.0000 94
7000.0000 6600.0000 35
6900.0000 6600.0000 76
6900.0000 6500.0000 17
6800.0000 6600.0000 58
6800.0000 6500.0000 99
6700.0000 6600.0000 40
6700.0000 6500.0000 81
6600.0000 6500.0000 22
6600.0000 6600.0000 63
6500.0000 6600.0000 4
6500.0000 6500.0000 45
6400.0000 6500.0000 86
6400.0000 6600.0000 27
6300.0000 6600.0000 68
6300.0000 6500.0000 9
6200.0000 6500.0000 50
6200.0000 6600.0000 91
6100.0000 6500.0000 32
6100.0000 6600.0000 73
6000.0000 6500.0000 14
6000.0000 6600.0000 55
5900.0000 6600.0000 96
5900.0000 6500.0000 37
5800.0000 6600.0000 78
5800.0000 6500.0000 19
5700.0000 6600.0000 60
5700.0000 6500.0000 1
5600.0000 6500.0000 42
5600.0000 6600.0000 83
5500.0000 6600.0000 24
5500.0000 6500.0000 65
5400.0000 6500.0000 6
5400.0000 6600.0000 47
5300.0000 6600.0000 88
5300.0000 6500.0000 29
5200.0000 6500.0000 70
5200.0000 6600.0000 11
5100.0000 6500.0000 52
5100.0000 6600.0000 93
5000.0000 6500.0000 34
5000.0000 6600.0000 75
4900.0000 6600.0000 16
4900.0000 6500.0000 57
4800.0000 6600.0000 98
4800.0000 6500.0000 39
4700.0000 6600.0000 80
4700.0000 6500.0000 21
4600.0000 6500.0000 62
4600.0000 6600.0000 3
4500.0000 6600.0000 44
4400.0000 6500.0000 85
4400.0000 6600.0000 26
4300.0000 6600.0000 67
4300.0000 6500.0000 8
4200.0000 6500.0000 49
4200.0000 6600.0000 90
4100.0000 6500.0000 31
4100.0000 6600.0000 72
4000.0000 6500.0000 13
4000.0000 6600.0000 54
3900.0000 6600.0000 95
3900.0000 6500.0000 36
3900.0000 6400.0000 77
3800.0000 6400.0000 18
3900.0000 6300.0000 59
3900.0000 6200.0000 100
3800.0000 6300.0000 41
3700.0000 6400.0000 82
3700.0000 6300.0000 23
3800.0000 6200.0000 64
3700.0000 6200.0000 5
3600.0000 6100.0000 46
3600.0000 6200.0000 87
3600.0000 6300.0000 28
3600.0000 6400.0000 69
3600.0000 6500.0000 10
3700.0000 6500.0000 51
3800.0000 6500.0000 92
3700.0000 6600.0000 33
3700.0000 6800.0000 74
3600.0000 6600.0000 15
3500.0000 6500.0000 56
3500.0000 6600.0000 97
3400.0000 6600.0000 38
3400.0000 6500.0000 79
3300.0000 6400.0000 20
3400.0000 6400.0000 61
3500.0000 6300.0000 2
3400.0000 6300.0000 43
3500.0000 6200.0000 84
3400.0000 6200.0000 25
3300.0000 6300.0000 66
3300.0000 6200.0000 7
3300.0000 6100.0000 48
3300.0000 6000.0000 89
3400.0000 6100.0000 30
3400.0000 6000.0000 71
3500.0000 6000.0000 12
3600.0000 5900.0000 53
3600.0000 6000.0000 94
3500.0000 5900.0000 35
3400.0000 5900.0000 76
3300.0000 5800.0000 17
3400.0000 5800.0000 58
3500.0000 5800.0000 99
3400.0000 5700.0000 40
3400.0000 5600.0000 81
3300.0000 5700.0000 22
3300.0000 5600.0000 63
3300.0000 5500.0000 4
3400.0000 5500.0000 45
3500.0000 5500.0000 86
3600.0000 5400.0000 27
3600.0000 5500.0000 68
3500.0000 5400.0000 9
3400.0000 5400.0000 50
3500.0000 5300.0000 91
3400.0000 5300.0000 32
3300.0000 5400.0000 73
3300.0000 5300.0000 14
3300.0000 5200.0000 55
3400.0000 5200.0000 96
3500.0000 5200.0000 37
3600.0000 5100.0000 78
3700.0000 5100.0000 19
3600.0000 5200.0000 60
3500.0000 5100.0000 1
3400.0000 5100.0000 42
3400.0000 5000.0000 83
3300.0000 5100.0000 24
3300.0000 5000.0000 65
3400.0000 4900.0000 6
3500.0000 4900.0000 47
3400.0000 4800.0000 88
3400.0000 4700.0000 29
3300.0000 4800.0000 70
3300.0000 4700.0000 11
3300.0000 4600.0000 52
3400.0000 4600.0000 93
3500.0000 4600.0000 34
3400.0000 4500.0000 75
3500.0000 4400.0000 16
3400.0000 4400.0000 57
3300.0000 4500.0000 98
3300.0000 4400.0000 39
3400.0000 4300.0000 80
3600.0000 4100.0000 21
3700.0000 4200.0000 62
3600.0000 4200.0000 3
3500.0000 4200.0000 44
3400.0000 4200.0000 85
3400.0000 4100.0000 26
3300.0000 4200.0000 67
3300.0000 4100.0000 8
3300.0000 4000.0000 49
3400.0000 4000.0000 90
3400.0000 3900.0000 31
3500.0000 3800.0000 72
3400.0000 3800.0000 13
3300.0000 3900.0000 54
3300.0000 3800.0000 95
3300.0000 3700.0000 36
3400.0000 3700.0000 77
3400.0000 3600.0000 18
3300.0000 3600.0000 59
3400.0000 3500.0000 100
3300.0000 3400.0000 41
3400.0000 3400.0000 82
3500.0000 3400.0000 23
3400.0000 3300.0000 64
3500.0000 3200.0000 5
3400.0000 3200.0000 46
3300.0000 3300.0000 87
3300.0000 3200.0000 28
3300.0000 3100.0000 69
3400.0000 3100.0000 10
3500.0000 3000.0000 51
3400.0000 3000.0000 92
3300.0000 3000.0000 33
3400.0000 2900.0000 74
3300.0000 2800.0000 15
3400.0000 2800.0000 56
3500.0000 2800.0000 97
3700.0000 2700.0000 38
3800.0000 2600.0000 79
3900.0000 2500.0000 20
3800.0000 2500.0000 61
3700.0000 2600.0000 2
3600.0000 2600.0000 43
3600.0000 2700.0000 84
3600.0000 2800.0000 25
3500.0000 2700.0000 66
3400.0000 2700.0000 7
3500.0000 2600.0000 48
3400.0000 2600.0000 89
3300.0000 2700.0000 30
3300.0000 2600.0000 71
3300.0000 2500.0000 12
3400.0000 2500.0000 0