n 3796
m 2
tmax 7193
2104.6100 1968.3500 0
1401.1000 1968.3500 1
295.5910 1968.3500 1
1235.5700 1956.5400 1
1347.9000 1962.4400 1
1401.1000 1944.7300 1
1211.9300 1944.7300 1
1211.9300 1932.9200 1
1353.8100 1932.9200 1
1300.6000 1927.0100 1
1176.4500 1921.1100 1
1211.9300 1921.1100 1
1377.4600 1921.1100 1
1330.1600 1909.3000 1
1306.5100 1909.3000 1
1235.5700 1909.3000 1
1152.8100 1909.3000 1
1152.8100 1897.4800 1
1235.5700 1897.4800 1
1306.5100 1897.4800 1
1377.4600 1885.6800 1
1306.5100 1885.6800 1
1129.1600 1885.6800 1
1129.1600 1873.8600 1
1377.4600 1873.8600 1
1667.1400 1749.8600 1
673.9480 1749.8600 1
738.9780 1743.9500 1
1732.1700 1743.9500 1
1850.4000 1720.3300 1
857.2150 1720.3300 1
366.5330 1490.0400 1
774.4500 1519.5600 1
1247.4000 1519.5600 1
1767.6400 1519.5600 1
2069.1400 1478.2300 1
1371.5400 1419.1800 1
1117.3300 1247.9300 1
1235.5700 1247.9300 1
1235.5700 1271.5500 1
1779.4600 1389.6500 1
1791.2800 1413.2700 1
1850.4000 1413.2700 1
1377.4600 1224.3100 1
1235.5700 1224.3100 1
331.0620 1147.5500 1
1755.8100 1153.4500 1
1743.9900 1141.6400 1
1229.6600 1005.8300 1
1217.8400 994.0140 1
1140.9800 799.1480 1
1200.1000 799.1480 1
1223.7500 799.1480 1
1247.4000 799.1480 1
1341.9800 799.1480 1
1377.4600 799.1480 1
1170.5400 793.2430 1
1200.1000 787.3380 1
1223.7500 787.3380 1
1330.1600 787.3380 1
1347.9000 781.4330 1
1182.3700 781.4330 1
1176.4500 775.5280 1
1223.7500 775.5280 1
1330.1600 775.5280 1
1324.2500 769.6230 1
1276.9500 769.6230 1
1194.1900 769.6230 1
1140.9800 763.7180 1
1200.1000 763.7180 1
1294.6900 763.7180 1
1341.9800 763.7180 1
1247.4000 751.9080 1
1223.7500 539.3260 1
1365.6300 598.3770 1
2104.6100 232.2640 1
295.5910 232.2640 1
1208.9700 1959.4900 1
1220.7900 1959.4900 1
1232.6200 1959.4900 1
1244.4400 1959.4900 1
1256.2600 1959.4900 1
1291.7300 1959.4900 1
1303.5600 1959.4900 1
1374.5000 1971.3000 1
1386.3200 1971.3000 1
1398.1500 1971.3000 1
1309.4700 1953.5800 1
1297.6500 1953.5800 1
1179.4100 1941.7700 1
1191.2300 1941.7700 1
1203.0600 1941.7700 1
1344.9400 1941.7700 1
1356.7700 1941.7700 1
1368.5900 1941.7700 1
1380.4100 1941.7700 1
1392.2400 1941.7700 1
1268.0900 1935.8700 1
1256.2600 1935.8700 1
1244.4400 1935.8700 1
1232.6200 1935.8700 1
1220.7900 1935.8700 1
1161.6700 1935.8700 1
1149.8500 1935.8700 1
1138.0300 1935.8700 1
1126.2000 1935.8700 1
1114.3800 1935.8700 1
1132.1100 1929.9600 1
1143.9400 1929.9600 1
1155.7600 1929.9600 1
1167.5900 1929.9600 1
1179.4100 1929.9600 1
1309.4700 1929.9600 1
1321.2900 1929.9600 1
1333.1200 1929.9600 1
1344.9400 1929.9600 1
1362.6800 1924.0600 1
1350.8500 1924.0600 1
1339.0300 1924.0600 1
1327.2000 1924.0600 1
1315.3800 1924.0600 1
1303.5600 1924.0600 1
1220.7900 1924.0600 1
1208.9700 1924.0600 1
1197.1500 1924.0600 1
1185.3200 1924.0600 1
1203.0600 1918.1500 1
1274.0000 1918.1500 1
1285.8200 1918.1500 1
1297.6500 1918.1500 1
1309.4700 1918.1500 1
1380.4100 1918.1500 1
1392.2400 1918.1500 1
1404.0600 1918.1500 1
1415.8800 1918.1500 1
1232.6200 1912.2500 1
1220.7900 1912.2500 1
1208.9700 1912.2500 1
1197.1500 1912.2500 1
1073.0000 1906.3400 1
1084.8200 1906.3400 1
1096.6400 1906.3400 1
1108.4700 1906.3400 1
1120.2900 1906.3400 1
1132.1100 1906.3400 1
1143.9400 1906.3400 1
1262.1800 1906.3400 1
1274.0000 1906.3400 1
1285.8200 1906.3400 1
1297.6500 1906.3400 1
1333.1200 1906.3400 1
1344.9400 1906.3400 1
1356.7700 1906.3400 1
1368.5900 1906.3400 1
1350.8500 1900.4400 1
1339.0300 1900.4400 1
1327.2000 1900.4400 1
1315.3800 1900.4400 1
1285.8200 1894.5300 1
1274.0000 1894.5300 1
1262.1800 1894.5300 1
1250.3500 1894.5300 1
1238.5300 1894.5300 1
1143.9400 1894.5300 1
1132.1100 1894.5300 1
1120.2900 1894.5300 1
1108.4700 1894.5300 1
1096.6400 1894.5300 1
1279.9100 1888.6300 1
1291.7300 1888.6300 1
1303.5600 1888.6300 1
1315.3800 1888.6300 1
1415.8800 1882.7200 1
1404.0600 1882.7200 1
1392.2400 1882.7200 1
1380.4100 1882.7200 1
1297.6500 1882.7200 1
1285.8200 1882.7200 1
1120.2900 1882.7200 1
1108.4700 1882.7200 1
1096.6400 1882.7200 1
1084.8200 1882.7200 1
1327.2000 1876.8200 1
1339.0300 1876.8200 1
1350.8500 1876.8200 1
1362.6800 1876.8200 1
1374.5000 1876.8200 1
1386.3200 1876.8200 1
1368.5900 1870.9100 1
1356.7700 1870.9100 1
1344.9400 1870.9100 1
1333.1200 1870.9100 1
1238.5300 1870.9100 1
1226.7000 1870.9100 1
1214.8800 1870.9100 1
1203.0600 1870.9100 1
1191.2300 1870.9100 1
1179.4100 1870.9100 1
1167.5900 1870.9100 1
1155.7600 1870.9100 1
1143.9400 1870.9100 1
1132.1100 1870.9100 1
1220.7900 1865.0100 1
1232.6200 1865.0100 1
1244.4400 1865.0100 1
1256.2600 1865.0100 1
1268.0900 1865.0100 1
1279.9100 1865.0100 1
1291.7300 1865.0100 1
1303.5600 1865.0100 1
1658.2700 1746.9100 1
665.0810 1746.9100 1
670.9920 1741.0000 1
682.8160 1741.0000 1
694.6400 1741.0000 1
706.4630 1741.0000 1
718.2870 1741.0000 1
730.1110 1741.0000 1
1664.1800 1741.0000 1
1676.0000 1741.0000 1
1687.8300 1741.0000 1
1699.6500 1741.0000 1
1711.4700 1741.0000 1
1723.3000 1741.0000 1
1871.0900 1723.2900 1
1859.2700 1723.2900 1
877.9060 1723.2900 1
866.0830 1723.2900 1
783.3170 1522.5200 1
795.1410 1522.5200 1
806.9640 1522.5200 1
818.7880 1522.5200 1
830.6120 1522.5200 1
1776.5100 1522.5200 1
1788.3300 1522.5200 1
1800.1500 1522.5200 1
1811.9800 1522.5200 1
1823.8000 1522.5200 1
1238.5300 1516.6100 1
1226.7000 1516.6100 1
1214.8800 1516.6100 1
1203.0600 1516.6100 1
1191.2300 1516.6100 1
1179.4100 1516.6100 1
1167.5900 1516.6100 1
1155.7600 1516.6100 1
1143.9400 1516.6100 1
1132.1100 1516.6100 1
1120.2900 1516.6100 1
1108.4700 1516.6100 1
1096.6400 1516.6100 1
1084.8200 1516.6100 1
1073.0000 1516.6100 1
1061.1700 1516.6100 1
1049.3500 1516.6100 1
1037.5300 1516.6100 1
1025.7000 1516.6100 1
1013.8800 1516.6100 1
1002.0500 1516.6100 1
990.2310 1516.6100 1
978.4070 1516.6100 1
966.5840 1516.6100 1
954.7600 1516.6100 1
942.9370 1516.6100 1
931.1130 1516.6100 1
919.2890 1516.6100 1
907.4660 1516.6100 1
895.6420 1516.6100 1
883.8180 1516.6100 1
871.9940 1516.6100 1
860.1710 1516.6100 1
848.3470 1516.6100 1
836.5240 1516.6100 1
824.7000 1516.6100 1
812.8760 1516.6100 1
801.0530 1516.6100 1
789.2290 1516.6100 1
777.4050 1516.6100 1
765.5810 1516.6100 1
753.7580 1516.6100 1
741.9340 1516.6100 1
730.1110 1516.6100 1
718.2870 1516.6100 1
706.4630 1516.6100 1
694.6400 1516.6100 1
682.8160 1516.6100 1
670.9920 1516.6100 1
659.1690 1516.6100 1
647.3450 1516.6100 1
635.5210 1516.6100 1
623.6980 1516.6100 1
611.8740 1516.6100 1
600.0500 1516.6100 1
588.2270 1516.6100 1
576.4030 1516.6100 1
564.5790 1516.6100 1
552.7560 1516.6100 1
540.9320 1516.6100 1
529.1080 1516.6100 1
517.2850 1516.6100 1
505.4610 1516.6100 1
493.6370 1516.6100 1
481.8140 1516.6100 1
469.9900 1516.6100 1
458.1660 1516.6100 1
446.3430 1516.6100 1
434.5190 1516.6100 1
422.6960 1516.6100 1
410.8720 1516.6100 1
399.0480 1516.6100 1
387.2240 1516.6100 1
375.4010 1516.6100 1
363.5770 1516.6100 1
351.7530 1516.6100 1
369.4890 1487.0800 1
381.3130 1487.0800 1
393.1360 1487.0800 1
404.9600 1487.0800 1
416.7840 1487.0800 1
428.6070 1487.0800 1
440.4310 1487.0800 1
452.2550 1487.0800 1
464.0780 1487.0800 1
475.9020 1487.0800 1
487.7250 1487.0800 1
499.5490 1487.0800 1
511.3730 1487.0800 1
523.1960 1487.0800 1
535.0200 1487.0800 1
546.8440 1487.0800 1
558.6680 1487.0800 1
570.4910 1487.0800 1
582.3150 1487.0800 1
594.1380 1487.0800 1
605.9620 1487.0800 1
617.7860 1487.0800 1
629.6090 1487.0800 1
641.4330 1487.0800 1
653.2570 1487.0800 1
665.0810 1487.0800 1
676.9040 1487.0800 1
688.7280 1487.0800 1
700.5510 1487.0800 1
712.3750 1487.0800 1
724.1990 1487.0800 1
736.0220 1487.0800 1
747.8460 1487.0800 1
759.6700 1487.0800 1
771.4940 1487.0800 1
783.3170 1487.0800 1
795.1410 1487.0800 1
806.9640 1487.0800 1
818.7880 1487.0800 1
830.6120 1487.0800 1
842.4350 1487.0800 1
854.2590 1487.0800 1
866.0830 1487.0800 1
877.9060 1487.0800 1
889.7300 1487.0800 1
901.5540 1487.0800 1
913.3770 1487.0800 1
925.2010 1487.0800 1
937.0250 1487.0800 1
948.8480 1487.0800 1
960.6720 1487.0800 1
972.4960 1487.0800 1
984.3190 1487.0800 1
996.1430 1487.0800 1
1007.9700 1487.0800 1
1019.7900 1487.0800 1
1031.6100 1487.0800 1
1043.4400 1487.0800 1
1055.2600 1487.0800 1
1067.0800 1487.0800 1
1078.9100 1487.0800 1
1090.7300 1487.0800 1
1102.5600 1487.0800 1
1114.3800 1487.0800 1
1126.2000 1487.0800 1
1138.0300 1487.0800 1
1149.8500 1487.0800 1
1161.6700 1487.0800 1
1173.5000 1487.0800 1
1185.3200 1487.0800 1
1197.1500 1487.0800 1
1208.9700 1487.0800 1
2060.2700 1475.2800 1
2048.4500 1475.2800 1
2036.6200 1475.2800 1
2024.8000 1475.2800 1
2012.9800 1475.2800 1
2001.1500 1475.2800 1
1989.3300 1475.2800 1
1977.5100 1475.2800 1
1965.6800 1475.2800 1
1953.8600 1475.2800 1
1942.0400 1475.2800 1
1930.2100 1475.2800 1
1918.3900 1475.2800 1
1906.5600 1475.2800 1
1894.7400 1475.2800 1
1882.9200 1475.2800 1
1871.0900 1475.2800 1
1859.2700 1475.2800 1
1847.4500 1475.2800 1
1835.6200 1475.2800 1
1823.8000 1475.2800 1
1811.9800 1475.2800 1
1800.1500 1475.2800 1
1788.3300 1475.2800 1
1776.5100 1475.2800 1
1764.6800 1475.2800 1
1752.8600 1475.2800 1
1741.0300 1475.2800 1
1729.2100 1475.2800 1
1717.3900 1475.2800 1
1705.5600 1475.2800 1
1693.7400 1475.2800 1
1681.9200 1475.2800 1
1670.0900 1475.2800 1
1658.2700 1475.2800 1
1646.4400 1475.2800 1
1634.6200 1475.2800 1
1622.8000 1475.2800 1
1610.9700 1475.2800 1
1599.1500 1475.2800 1
1587.3300 1475.2800 1
1575.5000 1475.2800 1
1563.6800 1475.2800 1
1551.8500 1475.2800 1
1540.0300 1475.2800 1
1528.2100 1475.2800 1
1516.3800 1475.2800 1
1504.5600 1475.2800 1
1492.7400 1475.2800 1
1480.9100 1475.2800 1
1469.0900 1475.2800 1
1457.2700 1475.2800 1
1445.4400 1475.2800 1
1433.6200 1475.2800 1
1421.8000 1475.2800 1
1409.9700 1475.2800 1
1398.1500 1475.2800 1
1386.3200 1475.2800 1
1374.5000 1475.2800 1
1362.6800 1475.2800 1
1350.8500 1475.2800 1
1339.0300 1475.2800 1
1327.2000 1475.2800 1
1315.3800 1475.2800 1
1303.5600 1475.2800 1
1291.7300 1475.2800 1
1279.9100 1475.2800 1
1268.0900 1475.2800 1
1256.2600 1475.2800 1
1244.4400 1475.2800 1
1232.6200 1475.2800 1
1220.7900 1475.2800 1
1250.3500 1445.7500 1
1262.1800 1445.7500 1
1274.0000 1445.7500 1
1285.8200 1445.7500 1
1297.6500 1445.7500 1
1309.4700 1445.7500 1
1321.2900 1445.7500 1
1333.1200 1445.7500 1
1344.9400 1445.7500 1
1356.7700 1445.7500 1
1368.5900 1445.7500 1
1380.4100 1445.7500 1
1392.2400 1445.7500 1
1404.0600 1445.7500 1
1415.8800 1445.7500 1
1427.7100 1445.7500 1
1439.5300 1445.7500 1
1451.3500 1445.7500 1
1463.1800 1445.7500 1
1475.0000 1445.7500 1
1486.8200 1445.7500 1
1498.6500 1445.7500 1
1510.4700 1445.7500 1
1522.3000 1445.7500 1
1534.1200 1445.7500 1
1545.9400 1445.7500 1
1557.7700 1445.7500 1
1569.5900 1445.7500 1
1581.4100 1445.7500 1
1593.2400 1445.7500 1
1605.0600 1445.7500 1
1616.8900 1445.7500 1
1628.7100 1445.7500 1
1640.5300 1445.7500 1
1652.3600 1445.7500 1
1664.1800 1445.7500 1
1676.0000 1445.7500 1
1687.8300 1445.7500 1
1699.6500 1445.7500 1
1711.4700 1445.7500 1
1723.3000 1445.7500 1
1735.1200 1445.7500 1
1746.9500 1445.7500 1
1758.7700 1445.7500 1
1770.5900 1445.7500 1
1782.4200 1445.7500 1
1788.3300 1416.2200 1
1776.5100 1416.2200 1
1764.6800 1416.2200 1
1752.8600 1416.2200 1
1741.0300 1416.2200 1
1729.2100 1416.2200 1
1717.3900 1416.2200 1
1705.5600 1416.2200 1
1693.7400 1416.2200 1
1681.9200 1416.2200 1
1670.0900 1416.2200 1
1658.2700 1416.2200 1
1646.4400 1416.2200 1
1362.6800 1416.2200 1
1350.8500 1416.2200 1
1339.0300 1416.2200 1
1327.2000 1416.2200 1
1315.3800 1416.2200 1
1303.5600 1416.2200 1
1291.7300 1416.2200 1
1368.5900 1410.3200 1
1380.4100 1410.3200 1
1392.2400 1410.3200 1
1404.0600 1410.3200 1
1415.8800 1410.3200 1
1427.7100 1410.3200 1
1439.5300 1410.3200 1
1451.3500 1410.3200 1
1463.1800 1410.3200 1
1475.0000 1410.3200 1
1486.8200 1410.3200 1
1498.6500 1410.3200 1
1510.4700 1410.3200 1
1522.3000 1410.3200 1
1534.1200 1410.3200 1
1545.9400 1410.3200 1
1557.7700 1410.3200 1
1569.5900 1410.3200 1
1581.4100 1410.3200 1
1593.2400 1410.3200 1
1605.0600 1410.3200 1
1616.8900 1410.3200 1
1628.7100 1410.3200 1
1640.5300 1410.3200 1
1652.3600 1410.3200 1
1664.1800 1410.3200 1
1676.0000 1410.3200 1
1687.8300 1410.3200 1
1699.6500 1410.3200 1
1711.4700 1410.3200 1
1723.3000 1410.3200 1
1735.1200 1410.3200 1
1746.9500 1410.3200 1
1758.7700 1410.3200 1
1770.5900 1410.3200 1
1782.4200 1410.3200 1
1794.2400 1410.3200 1
1806.0600 1410.3200 1
1817.8900 1410.3200 1
1829.7100 1410.3200 1
1841.5400 1410.3200 1
1794.2400 1398.5100 1
1782.4200 1398.5100 1
1770.5900 1398.5100 1
1758.7700 1398.5100 1
1746.9500 1398.5100 1
1735.1200 1398.5100 1
1723.3000 1398.5100 1
1711.4700 1398.5100 1
1699.6500 1398.5100 1
1687.8300 1398.5100 1
1676.0000 1398.5100 1
1664.1800 1398.5100 1
1652.3600 1398.5100 1
1640.5300 1398.5100 1
1788.3300 1392.6000 1
1800.1500 1392.6000 1
1811.9800 1392.6000 1
1811.9800 1274.5000 1
1800.1500 1274.5000 1
1788.3300 1274.5000 1
1776.5100 1274.5000 1
1764.6800 1274.5000 1
1752.8600 1274.5000 1
1741.0300 1274.5000 1
1729.2100 1274.5000 1
1717.3900 1274.5000 1
1705.5600 1274.5000 1
1693.7400 1274.5000 1
1681.9200 1274.5000 1
1670.0900 1274.5000 1
1658.2700 1274.5000 1
1646.4400 1274.5000 1
1634.6200 1274.5000 1
1622.8000 1274.5000 1
1610.9700 1274.5000 1
1599.1500 1274.5000 1
1587.3300 1274.5000 1
1575.5000 1274.5000 1
1563.6800 1274.5000 1
1551.8500 1274.5000 1
1540.0300 1274.5000 1
1528.2100 1274.5000 1
1516.3800 1274.5000 1
1504.5600 1274.5000 1
1492.7400 1274.5000 1
1480.9100 1274.5000 1
1469.0900 1274.5000 1
1457.2700 1274.5000 1
1445.4400 1274.5000 1
1433.6200 1274.5000 1
1421.8000 1274.5000 1
1409.9700 1274.5000 1
1398.1500 1274.5000 1
1386.3200 1274.5000 1
1374.5000 1274.5000 1
1362.6800 1274.5000 1
1350.8500 1274.5000 1
1339.0300 1274.5000 1
1327.2000 1274.5000 1
1315.3800 1274.5000 1
1303.5600 1274.5000 1
1291.7300 1274.5000 1
1279.9100 1274.5000 1
1268.0900 1274.5000 1
1256.2600 1274.5000 1
1244.4400 1274.5000 1
1126.2000 1250.8800 1
1138.0300 1250.8800 1
1149.8500 1250.8800 1
1161.6700 1250.8800 1
1173.5000 1250.8800 1
1185.3200 1250.8800 1
1197.1500 1250.8800 1
1208.9700 1250.8800 1
1220.7900 1250.8800 1
1232.6200 1250.8800 1
1244.4400 1250.8800 1
1256.2600 1250.8800 1
1268.0900 1250.8800 1
1279.9100 1250.8800 1
1291.7300 1250.8800 1
1303.5600 1250.8800 1
1315.3800 1250.8800 1
1327.2000 1250.8800 1
1339.0300 1250.8800 1
1350.8500 1250.8800 1
1362.6800 1250.8800 1
1374.5000 1250.8800 1
1386.3200 1250.8800 1
1398.1500 1250.8800 1
1409.9700 1250.8800 1
1421.8000 1250.8800 1
1433.6200 1250.8800 1
1445.4400 1250.8800 1
1457.2700 1250.8800 1
1469.0900 1250.8800 1
1480.9100 1250.8800 1
1492.7400 1250.8800 1
1504.5600 1250.8800 1
1516.3800 1250.8800 1
1528.2100 1250.8800 1
1540.0300 1250.8800 1
1551.8500 1250.8800 1
1563.6800 1250.8800 1
1575.5000 1250.8800 1
1587.3300 1250.8800 1
1599.1500 1250.8800 1
1610.9700 1250.8800 1
1622.8000 1250.8800 1
1634.6200 1250.8800 1
1646.4400 1250.8800 1
1658.2700 1250.8800 1
1670.0900 1250.8800 1
1681.9200 1250.8800 1
1693.7400 1250.8800 1
1705.5600 1250.8800 1
1717.3900 1250.8800 1
1729.2100 1250.8800 1
1741.0300 1250.8800 1
1806.0600 1244.9800 1
1794.2400 1244.9800 1
1782.4200 1244.9800 1
1770.5900 1244.9800 1
1758.7700 1244.9800 1
1746.9500 1244.9800 1
1735.1200 1244.9800 1
1723.3000 1244.9800 1
1711.4700 1244.9800 1
1699.6500 1244.9800 1
1687.8300 1244.9800 1
1676.0000 1244.9800 1
1664.1800 1244.9800 1
1652.3600 1244.9800 1
1640.5300 1244.9800 1
1628.7100 1244.9800 1
1616.8900 1244.9800 1
1605.0600 1244.9800 1
1593.2400 1244.9800 1
1581.4100 1244.9800 1
1569.5900 1244.9800 1
1557.7700 1244.9800 1
1545.9400 1244.9800 1
1534.1200 1244.9800 1
1522.3000 1244.9800 1
1510.4700 1244.9800 1
1498.6500 1244.9800 1
1486.8200 1244.9800 1
1475.0000 1244.9800 1
1463.1800 1244.9800 1
1451.3500 1244.9800 1
1439.5300 1244.9800 1
1427.7100 1244.9800 1
1415.8800 1244.9800 1
1404.0600 1244.9800 1
1392.2400 1244.9800 1
1380.4100 1244.9800 1
1368.5900 1244.9800 1
1356.7700 1244.9800 1
1344.9400 1244.9800 1
1333.1200 1244.9800 1
1321.2900 1244.9800 1
1309.4700 1244.9800 1
1297.6500 1244.9800 1
1285.8200 1244.9800 1
1274.0000 1244.9800 1
1262.1800 1244.9800 1
1250.3500 1244.9800 1
1238.5300 1244.9800 1
1244.4400 1227.2600 1
1256.2600 1227.2600 1
1268.0900 1227.2600 1
1279.9100 1227.2600 1
1291.7300 1227.2600 1
1303.5600 1227.2600 1
1315.3800 1227.2600 1
1327.2000 1227.2600 1
1339.0300 1227.2600 1
1350.8500 1227.2600 1
1362.6800 1227.2600 1
1374.5000 1227.2600 1
1386.3200 1227.2600 1
1398.1500 1227.2600 1
1409.9700 1227.2600 1
1421.8000 1227.2600 1
1433.6200 1227.2600 1
1445.4400 1227.2600 1
1457.2700 1227.2600 1
1469.0900 1227.2600 1
1480.9100 1227.2600 1
1492.7400 1227.2600 1
1504.5600 1227.2600 1
1516.3800 1227.2600 1
1528.2100 1227.2600 1
1540.0300 1227.2600 1
1551.8500 1227.2600 1
1563.6800 1227.2600 1
1575.5000 1227.2600 1
1587.3300 1227.2600 1
1599.1500 1227.2600 1
1610.9700 1227.2600 1
1622.8000 1227.2600 1
1634.6200 1227.2600 1
1646.4400 1227.2600 1
1658.2700 1227.2600 1
1670.0900 1227.2600 1
1681.9200 1227.2600 1
1693.7400 1227.2600 1
1705.5600 1227.2600 1
1717.3900 1227.2600 1
1729.2100 1227.2600 1
1741.0300 1227.2600 1
1752.8600 1227.2600 1
1764.6800 1227.2600 1
1776.5100 1227.2600 1
1788.3300 1227.2600 1
1853.3600 1221.3600 1
1841.5400 1221.3600 1
1829.7100 1221.3600 1
1817.8900 1221.3600 1
1806.0600 1221.3600 1
1794.2400 1221.3600 1
1782.4200 1221.3600 1
1770.5900 1221.3600 1
1758.7700 1221.3600 1
1746.9500 1221.3600 1
1735.1200 1221.3600 1
1723.3000 1221.3600 1
1711.4700 1221.3600 1
1699.6500 1221.3600 1
1687.8300 1221.3600 1
1676.0000 1221.3600 1
1664.1800 1221.3600 1
1652.3600 1221.3600 1
1640.5300 1221.3600 1
1628.7100 1221.3600 1
1616.8900 1221.3600 1
1605.0600 1221.3600 1
1593.2400 1221.3600 1
1581.4100 1221.3600 1
1569.5900 1221.3600 1
1557.7700 1221.3600 1
1545.9400 1221.3600 1
1534.1200 1221.3600 1
1522.3000 1221.3600 1
1510.4700 1221.3600 1
1498.6500 1221.3600 1
1486.8200 1221.3600 1
1475.0000 1221.3600 1
1463.1800 1221.3600 1
1451.3500 1221.3600 1
1439.5300 1221.3600 1
1427.7100 1221.3600 1
1415.8800 1221.3600 1
1404.0600 1221.3600 1
1392.2400 1221.3600 1
1380.4100 1221.3600 1
1138.0300 1156.4000 1
1149.8500 1156.4000 1
1161.6700 1156.4000 1
1173.5000 1156.4000 1
1185.3200 1156.4000 1
1197.1500 1156.4000 1
1208.9700 1156.4000 1
1220.7900 1156.4000 1
1232.6200 1156.4000 1
1244.4400 1156.4000 1
1256.2600 1156.4000 1
1268.0900 1156.4000 1
1279.9100 1156.4000 1
1291.7300 1156.4000 1
1303.5600 1156.4000 1
1315.3800 1156.4000 1
1327.2000 1156.4000 1
1339.0300 1156.4000 1
1350.8500 1156.4000 1
1362.6800 1156.4000 1
1374.5000 1156.4000 1
1386.3200 1156.4000 1
1398.1500 1156.4000 1
1409.9700 1156.4000 1
1421.8000 1156.4000 1
1433.6200 1156.4000 1
1445.4400 1156.4000 1
1457.2700 1156.4000 1
1469.0900 1156.4000 1
1480.9100 1156.4000 1
1492.7400 1156.4000 1
1504.5600 1156.4000 1
1516.3800 1156.4000 1
1528.2100 1156.4000 1
1540.0300 1156.4000 1
1551.8500 1156.4000 1
1563.6800 1156.4000 1
1575.5000 1156.4000 1
1587.3300 1156.4000 1
1599.1500 1156.4000 1
1610.9700 1156.4000 1
1622.8000 1156.4000 1
1634.6200 1156.4000 1
1646.4400 1156.4000 1
1658.2700 1156.4000 1
1670.0900 1156.4000 1
1681.9200 1156.4000 1
1693.7400 1156.4000 1
1705.5600 1156.4000 1
1717.3900 1156.4000 1
1729.2100 1156.4000 1
1741.0300 1156.4000 1
1752.8600 1156.4000 1
1226.7000 1150.5000 1
1214.8800 1150.5000 1
1203.0600 1150.5000 1
1191.2300 1150.5000 1
1179.4100 1150.5000 1
1167.5900 1150.5000 1
1155.7600 1150.5000 1
1143.9400 1150.5000 1
1132.1100 1150.5000 1
1120.2900 1150.5000 1
1108.4700 1150.5000 1
1096.6400 1150.5000 1
1084.8200 1150.5000 1
1073.0000 1150.5000 1
1061.1700 1150.5000 1
1049.3500 1150.5000 1
1037.5300 1150.5000 1
1025.7000 1150.5000 1
1013.8800 1150.5000 1
1002.0500 1150.5000 1
990.2310 1150.5000 1
978.4070 1150.5000 1
966.5840 1150.5000 1
954.7600 1150.5000 1
942.9370 1150.5000 1
931.1130 1150.5000 1
919.2890 1150.5000 1
907.4660 1150.5000 1
895.6420 1150.5000 1
883.8180 1150.5000 1
871.9940 1150.5000 1
860.1710 1150.5000 1
848.3470 1150.5000 1
836.5240 1150.5000 1
824.7000 1150.5000 1
812.8760 1150.5000 1
801.0530 1150.5000 1
789.2290 1150.5000 1
777.4050 1150.5000 1
765.5810 1150.5000 1
753.7580 1150.5000 1
741.9340 1150.5000 1
730.1110 1150.5000 1
718.2870 1150.5000 1
706.4630 1150.5000 1
694.6400 1150.5000 1
682.8160 1150.5000 1
670.9920 1150.5000 1
659.1690 1150.5000 1
647.3450 1150.5000 1
635.5210 1150.5000 1
623.6980 1150.5000 1
611.8740 1150.5000 1
600.0500 1150.5000 1
588.2270 1150.5000 1
576.4030 1150.5000 1
564.5790 1150.5000 1
552.7560 1150.5000 1
540.9320 1150.5000 1
529.1080 1150.5000 1
517.2850 1150.5000 1
505.4610 1150.5000 1
493.6370 1150.5000 1
481.8140 1150.5000 1
469.9900 1150.5000 1
458.1660 1150.5000 1
446.3430 1150.5000 1
434.5190 1150.5000 1
422.6960 1150.5000 1
410.8720 1150.5000 1
399.0480 1150.5000 1
387.2240 1150.5000 1
375.4010 1150.5000 1
363.5770 1150.5000 1
351.7530 1150.5000 1
339.9300 1150.5000 1
1126.2000 1144.5900 1
1138.0300 1144.5900 1
1149.8500 1144.5900 1
1161.6700 1144.5900 1
1173.5000 1144.5900 1
1185.3200 1144.5900 1
1197.1500 1144.5900 1
1208.9700 1144.5900 1
1220.7900 1144.5900 1
1232.6200 1144.5900 1
1244.4400 1144.5900 1
1256.2600 1144.5900 1
1268.0900 1144.5900 1
1279.9100 1144.5900 1
1291.7300 1144.5900 1
1303.5600 1144.5900 1
1315.3800 1144.5900 1
1327.2000 1144.5900 1
1339.0300 1144.5900 1
1350.8500 1144.5900 1
1362.6800 1144.5900 1
1374.5000 1144.5900 1
1386.3200 1144.5900 1
1398.1500 1144.5900 1
1409.9700 1144.5900 1
1421.8000 1144.5900 1
1433.6200 1144.5900 1
1445.4400 1144.5900 1
1457.2700 1144.5900 1
1469.0900 1144.5900 1
1480.9100 1144.5900 1
1492.7400 1144.5900 1
1504.5600 1144.5900 1
1516.3800 1144.5900 1
1528.2100 1144.5900 1
1540.0300 1144.5900 1
1551.8500 1144.5900 1
1563.6800 1144.5900 1
1575.5000 1144.5900 1
1587.3300 1144.5900 1
1599.1500 1144.5900 1
1610.9700 1144.5900 1
1622.8000 1144.5900 1
1634.6200 1144.5900 1
1646.4400 1144.5900 1
1658.2700 1144.5900 1
1670.0900 1144.5900 1
1681.9200 1144.5900 1
1693.7400 1144.5900 1
1705.5600 1144.5900 1
1717.3900 1144.5900 1
1729.2100 1144.5900 1
1741.0300 1144.5900 1
1220.7900 1002.8700 1
1208.9700 1002.8700 1
1197.1500 1002.8700 1
1185.3200 1002.8700 1
1173.5000 1002.8700 1
1226.7000 996.9670 1
1238.5300 996.9670 1
1250.3500 996.9670 1
1409.9700 802.1010 1
1398.1500 802.1010 1
1386.3200 802.1010 1
1374.5000 802.1010 1
1362.6800 802.1010 1
1350.8500 802.1010 1
1303.5600 802.1010 1
1291.7300 802.1010 1
1279.9100 802.1010 1
1268.0900 802.1010 1
1256.2600 802.1010 1
1220.7900 802.1010 1
1208.9700 802.1010 1
1197.1500 802.1010 1
1185.3200 802.1010 1
1173.5000 802.1010 1
1138.0300 802.1010 1
1126.2000 802.1010 1
1114.3800 802.1010 1
1102.5600 802.1010 1
1090.7300 802.1010 1
1078.9100 802.1010 1
1084.8200 796.1960 1
1096.6400 796.1960 1
1108.4700 796.1960 1
1120.2900 796.1960 1
1132.1100 796.1960 1
1143.9400 796.1960 1
1155.7600 796.1960 1
1167.5900 796.1960 1
1179.4100 796.1960 1
1191.2300 796.1960 1
1226.7000 796.1960 1
1238.5300 796.1960 1
1250.3500 796.1960 1
1262.1800 796.1960 1
1274.0000 796.1960 1
1285.8200 796.1960 1
1344.9400 796.1960 1
1356.7700 796.1960 1
1368.5900 796.1960 1
1386.3200 790.2900 1
1374.5000 790.2900 1
1362.6800 790.2900 1
1350.8500 790.2900 1
1339.0300 790.2900 1
1268.0900 790.2900 1
1256.2600 790.2900 1
1244.4400 790.2900 1
1232.6200 790.2900 1
1161.6700 790.2900 1
1149.8500 790.2900 1
1138.0300 790.2900 1
1126.2000 790.2900 1
1203.0600 784.3860 1
1214.8800 784.3860 1
1226.7000 784.3860 1
1238.5300 784.3860 1
1285.8200 784.3860 1
1297.6500 784.3860 1
1309.4700 784.3860 1
1321.2900 784.3860 1
1333.1200 784.3860 1
1344.9400 784.3860 1
1374.5000 778.4810 1
1362.6800 778.4810 1
1350.8500 778.4810 1
1256.2600 778.4810 1
1244.4400 778.4810 1
1232.6200 778.4810 1
1173.5000 778.4810 1
1161.6700 778.4810 1
1149.8500 778.4810 1
1138.0300 778.4810 1
1126.2000 778.4810 1
1114.3800 778.4810 1
1102.5600 778.4810 1
1090.7300 778.4810 1
1078.9100 778.4810 1
1067.0800 778.4810 1
1055.2600 778.4810 1
1043.4400 778.4810 1
1031.6100 778.4810 1
1019.7900 778.4810 1
1007.9700 778.4810 1
996.1430 778.4810 1
984.3190 778.4810 1
972.4960 778.4810 1
960.6720 778.4810 1
948.8480 778.4810 1
937.0250 778.4810 1
925.2010 778.4810 1
913.3770 778.4810 1
901.5540 778.4810 1
889.7300 778.4810 1
877.9060 778.4810 1
866.0830 778.4810 1
854.2590 778.4810 1
842.4350 778.4810 1
830.6120 778.4810 1
818.7880 778.4810 1
806.9640 778.4810 1
795.1410 778.4810 1
783.3170 778.4810 1
771.4940 778.4810 1
759.6700 778.4810 1
747.8460 778.4810 1
736.0220 778.4810 1
1167.5900 772.5760 1
1285.8200 772.5760 1
1297.6500 772.5760 1
1309.4700 772.5760 1
1321.2900 772.5760 1
1333.1200 772.5760 1
1344.9400 772.5760 1
1356.7700 772.5760 1
1368.5900 772.5760 1
1380.4100 772.5760 1
1392.2400 772.5760 1
1404.0600 772.5760 1
1415.8800 772.5760 1
1327.2000 766.6700 1
1315.3800 766.6700 1
1232.6200 766.6700 1
1220.7900 766.6700 1
1208.9700 766.6700 1
1197.1500 766.6700 1
1096.6400 760.7650 1
1108.4700 760.7650 1
1120.2900 760.7650 1
1132.1100 760.7650 1
1203.0600 760.7650 1
1214.8800 760.7650 1
1226.7000 760.7650 1
1238.5300 760.7650 1
1262.1800 760.7650 1
1274.0000 760.7650 1
1285.8200 760.7650 1
1344.9400 760.7650 1
1327.2000 754.8610 1
1315.3800 754.8610 1
1208.9700 754.8610 1
1197.1500 754.8610 1
1149.8500 754.8610 1
1138.0300 754.8610 1
1132.1100 748.9550 1
1143.9400 748.9550 1
1155.7600 748.9550 1
1226.7000 748.9550 1
1238.5300 748.9550 1
1362.6800 743.0500 1
1279.9100 743.0500 1
1268.0900 743.0500 1
1161.6700 731.2400 1
1149.8500 731.2400 1
1138.0300 731.2400 1
1126.2000 731.2400 1
1114.3800 731.2400 1
1380.4100 725.3350 1
1392.2400 725.3350 1
1404.0600 725.3350 1
1398.1500 719.4300 1
1386.3200 719.4300 1
1374.5000 719.4300 1
1362.6800 719.4300 1
789.2290 548.1840 1
801.0530 548.1840 1
812.8760 548.1840 1
824.7000 548.1840 1
836.5240 548.1840 1
848.3470 548.1840 1
860.1710 548.1840 1
871.9940 548.1840 1
883.8180 548.1840 1
895.6420 548.1840 1
907.4660 548.1840 1
919.2890 548.1840 1
931.1130 548.1840 1
942.9370 548.1840 1
954.7600 548.1840 1
966.5840 548.1840 1
978.4070 548.1840 1
990.2310 548.1840 1
1002.0500 548.1840 1
1013.8800 548.1840 1
1025.7000 548.1840 1
1037.5300 548.1840 1
1049.3500 548.1840 1
1061.1700 548.1840 1
1073.0000 548.1840 1
1084.8200 548.1840 1
1096.6400 548.1840 1
1108.4700 548.1840 1
1120.2900 548.1840 1
1132.1100 548.1840 1
1143.9400 548.1840 1
1155.7600 548.1840 1
1167.5900 548.1840 1
1179.4100 548.1840 1
1191.2300 548.1840 1
1203.0600 548.1840 1
1214.8800 548.1840 1
1226.7000 548.1840 1
1374.5000 601.3290 1
1386.3200 601.3290 1
1398.1500 601.3290 1
1409.9700 601.3290 1
1421.8000 601.3290 1
1433.6200 601.3290 1
1445.4400 601.3290 1
1457.2700 601.3290 1
1469.0900 601.3290 1
1480.9100 601.3290 1
1492.7400 601.3290 1
1504.5600 601.3290 1
1516.3800 601.3290 1
1528.2100 601.3290 1
1540.0300 601.3290 1
1551.8500 601.3290 1
1563.6800 601.3290 1
1575.5000 601.3290 1
1587.3300 601.3290 1
1599.1500 601.3290 1
1610.9700 601.3290 1
1622.8000 601.3290 1
1634.6200 601.3290 1
1646.4400 601.3290 1
1658.2700 601.3290 1
1670.0900 601.3290 1
1681.9200 601.3290 1
1693.7400 601.3290 1
1705.5600 601.3290 1
1717.3900 601.3290 1
1729.2100 601.3290 1
1741.0300 601.3290 1
1752.8600 601.3290 1
1764.6800 601.3290 1
1776.5100 601.3290 1
1788.3300 601.3290 1
1800.1500 601.3290 1
1811.9800 601.3290 1
1823.8000 601.3290 1
1835.6200 601.3290 1
1847.4500 601.3290 1
1859.2700 601.3290 1
1871.0900 601.3290 1
1882.9200 601.3290 1
1894.7400 601.3290 1
1906.5600 601.3290 1
1918.3900 601.3290 1
1930.2100 601.3290 1
1942.0400 601.3290 1
1953.8600 601.3290 1
1965.6800 601.3290 1
1977.5100 601.3290 1
1989.3300 601.3290 1
2001.1500 601.3290 1
2012.9800 601.3290 1
2024.8000 601.3290 1
2036.6200 601.3290 1
2048.4500 601.3290 1
2060.2700 601.3290 1
2072.1000 601.3290 1
2083.9200 601.3290 1
1214.8800 536.3740 1
1203.0600 536.3740 1
1191.2300 536.3740 1
1179.4100 536.3740 1
1214.8800 1959.4900 1
1226.7000 1959.4900 1
1238.5300 1959.4900 1
1250.3500 1959.4900 1
1262.1800 1959.4900 1
1285.8200 1959.4900 1
1297.6500 1959.4900 1
1350.8500 1965.3900 1
1380.4100 1971.3000 1
1392.2400 1971.3000 1
1303.5600 1953.5800 1
1173.5000 1941.7700 1
1185.3200 1941.7700 1
1197.1500 1941.7700 1
1208.9700 1941.7700 1
1339.0300 1941.7700 1
1350.8500 1941.7700 1
1362.6800 1941.7700 1
1374.5000 1941.7700 1
1386.3200 1941.7700 1
1398.1500 1941.7700 1
1262.1800 1935.8700 1
1250.3500 1935.8700 1
1238.5300 1935.8700 1
1226.7000 1935.8700 1
1214.8800 1935.8700 1
1155.7600 1935.8700 1
1143.9400 1935.8700 1
1132.1100 1935.8700 1
1120.2900 1935.8700 1
1108.4700 1935.8700 1
1138.0300 1929.9600 1
1149.8500 1929.9600 1
1161.6700 1929.9600 1
1173.5000 1929.9600 1
1185.3200 1929.9600 1
1303.5600 1929.9600 1
1315.3800 1929.9600 1
1327.2000 1929.9600 1
1339.0300 1929.9600 1
1350.8500 1929.9600 1
1356.7700 1924.0600 1
1344.9400 1924.0600 1
1333.1200 1924.0600 1
1321.2900 1924.0600 1
1309.4700 1924.0600 1
1214.8800 1924.0600 1
1203.0600 1924.0600 1
1191.2300 1924.0600 1
1179.4100 1924.0600 1
1197.1500 1918.1500 1
1208.9700 1918.1500 1
1279.9100 1918.1500 1
1291.7300 1918.1500 1
1303.5600 1918.1500 1
1386.3200 1918.1500 1
1398.1500 1918.1500 1
1409.9700 1918.1500 1
1226.7000 1912.2500 1
1214.8800 1912.2500 1
1203.0600 1912.2500 1
1191.2300 1912.2500 1
1078.9100 1906.3400 1
1090.7300 1906.3400 1
1102.5600 1906.3400 1
1114.3800 1906.3400 1
1126.2000 1906.3400 1
1138.0300 1906.3400 1
1149.8500 1906.3400 1
1256.2600 1906.3400 1
1268.0900 1906.3400 1
1279.9100 1906.3400 1
1291.7300 1906.3400 1
1303.5600 1906.3400 1
1339.0300 1906.3400 1
1350.8500 1906.3400 1
1362.6800 1906.3400 1
1344.9400 1900.4400 1
1333.1200 1900.4400 1
1321.2900 1900.4400 1
1309.4700 1900.4400 1
1279.9100 1894.5300 1
1268.0900 1894.5300 1
1256.2600 1894.5300 1
1244.4400 1894.5300 1
1149.8500 1894.5300 1
1138.0300 1894.5300 1
1126.2000 1894.5300 1
1114.3800 1894.5300 1
1102.5600 1894.5300 1
1090.7300 1894.5300 1
1285.8200 1888.6300 1
1297.6500 1888.6300 1
1309.4700 1888.6300 1
1321.2900 1888.6300 1
1409.9700 1882.7200 1
1398.1500 1882.7200 1
1386.3200 1882.7200 1
1303.5600 1882.7200 1
1291.7300 1882.7200 1
1279.9100 1882.7200 1
1126.2000 1882.7200 1
1114.3800 1882.7200 1
1102.5600 1882.7200 1
1090.7300 1882.7200 1
1333.1200 1876.8200 1
1344.9400 1876.8200 1
1356.7700 1876.8200 1
1368.5900 1876.8200 1
1380.4100 1876.8200 1
1374.5000 1870.9100 1
1362.6800 1870.9100 1
1350.8500 1870.9100 1
1339.0300 1870.9100 1
1327.2000 1870.9100 1
1244.4400 1870.9100 1
1232.6200 1870.9100 1
1220.7900 1870.9100 1
1208.9700 1870.9100 1
1197.1500 1870.9100 1
1185.3200 1870.9100 1
1173.5000 1870.9100 1
1161.6700 1870.9100 1
1149.8500 1870.9100 1
1138.0300 1870.9100 1
1214.8800 1865.0100 1
1226.7000 1865.0100 1
1238.5300 1865.0100 1
1250.3500 1865.0100 1
1262.1800 1865.0100 1
1274.0000 1865.0100 1
1285.8200 1865.0100 1
1297.6500 1865.0100 1
1309.4700 1865.0100 1
1664.1800 1746.9100 1
670.9920 1746.9100 1
676.9040 1741.0000 1
688.7280 1741.0000 1
700.5510 1741.0000 1
712.3750 1741.0000 1
724.1990 1741.0000 1
736.0220 1741.0000 1
1670.0900 1741.0000 1
1681.9200 1741.0000 1
1693.7400 1741.0000 1
1705.5600 1741.0000 1
1717.3900 1741.0000 1
1729.2100 1741.0000 1
1865.1800 1723.2900 1
1853.3600 1723.2900 1
871.9940 1723.2900 1
860.1710 1723.2900 1
777.4050 1522.5200 1
789.2290 1522.5200 1
801.0530 1522.5200 1
812.8760 1522.5200 1
824.7000 1522.5200 1
1770.5900 1522.5200 1
1782.4200 1522.5200 1
1794.2400 1522.5200 1
1806.0600 1522.5200 1
1817.8900 1522.5200 1
1244.4400 1516.6100 1
1232.6200 1516.6100 1
1220.7900 1516.6100 1
1208.9700 1516.6100 1
1197.1500 1516.6100 1
1185.3200 1516.6100 1
1173.5000 1516.6100 1
1161.6700 1516.6100 1
1149.8500 1516.6100 1
1138.0300 1516.6100 1
1126.2000 1516.6100 1
1114.3800 1516.6100 1
1102.5600 1516.6100 1
1090.7300 1516.6100 1
1078.9100 1516.6100 1
1067.0800 1516.6100 1
1055.2600 1516.6100 1
1043.4400 1516.6100 1
1031.6100 1516.6100 1
1019.7900 1516.6100 1
1007.9700 1516.6100 1
996.1430 1516.6100 1
984.3190 1516.6100 1
972.4960 1516.6100 1
960.6720 1516.6100 1
948.8480 1516.6100 1
937.0250 1516.6100 1
925.2010 1516.6100 1
913.3770 1516.6100 1
901.5540 1516.6100 1
889.7300 1516.6100 1
877.9060 1516.6100 1
866.0830 1516.6100 1
854.2590 1516.6100 1
842.4350 1516.6100 1
830.6120 1516.6100 1
818.7880 1516.6100 1
806.9640 1516.6100 1
795.1410 1516.6100 1
783.3170 1516.6100 1
771.4940 1516.6100 1
759.6700 1516.6100 1
747.8460 1516.6100 1
736.0220 1516.6100 1
724.1990 1516.6100 1
712.3750 1516.6100 1
700.5510 1516.6100 1
688.7280 1516.6100 1
676.9040 1516.6100 1
665.0810 1516.6100 1
653.2570 1516.6100 1
641.4330 1516.6100 1
629.6090 1516.6100 1
617.7860 1516.6100 1
605.9620 1516.6100 1
594.1380 1516.6100 1
582.3150 1516.6100 1
570.4910 1516.6100 1
558.6680 1516.6100 1
546.8440 1516.6100 1
535.0200 1516.6100 1
523.1960 1516.6100 1
511.3730 1516.6100 1
499.5490 1516.6100 1
487.7250 1516.6100 1
475.9020 1516.6100 1
464.0780 1516.6100 1
452.2550 1516.6100 1
440.4310 1516.6100 1
428.6070 1516.6100 1
416.7840 1516.6100 1
404.9600 1516.6100 1
393.1360 1516.6100 1
381.3130 1516.6100 1
369.4890 1516.6100 1
357.6650 1516.6100 1
345.8420 1516.6100 1
375.4010 1487.0800 1
387.2240 1487.0800 1
399.0480 1487.0800 1
410.8720 1487.0800 1
422.6960 1487.0800 1
434.5190 1487.0800 1
446.3430 1487.0800 1
458.1660 1487.0800 1
469.9900 1487.0800 1
481.8140 1487.0800 1
493.6370 1487.0800 1
505.4610 1487.0800 1
517.2850 1487.0800 1
529.1080 1487.0800 1
540.9320 1487.0800 1
552.7560 1487.0800 1
564.5790 1487.0800 1
576.4030 1487.0800 1
588.2270 1487.0800 1
600.0500 1487.0800 1
611.8740 1487.0800 1
623.6980 1487.0800 1
635.5210 1487.0800 1
647.3450 1487.0800 1
659.1690 1487.0800 1
670.9920 1487.0800 1
682.8160 1487.0800 1
694.6400 1487.0800 1
706.4630 1487.0800 1
718.2870 1487.0800 1
730.1110 1487.0800 1
741.9340 1487.0800 1
753.7580 1487.0800 1
765.5810 1487.0800 1
777.4050 1487.0800 1
789.2290 1487.0800 1
801.0530 1487.0800 1
812.8760 1487.0800 1
824.7000 1487.0800 1
836.5240 1487.0800 1
848.3470 1487.0800 1
860.1710 1487.0800 1
871.9940 1487.0800 1
883.8180 1487.0800 1
895.6420 1487.0800 1
907.4660 1487.0800 1
919.2890 1487.0800 1
931.1130 1487.0800 1
942.9370 1487.0800 1
954.7600 1487.0800 1
966.5840 1487.0800 1
978.4070 1487.0800 1
990.2310 1487.0800 1
1002.0500 1487.0800 1
1013.8800 1487.0800 1
1025.7000 1487.0800 1
1037.5300 1487.0800 1
1049.3500 1487.0800 1
1061.1700 1487.0800 1
1073.0000 1487.0800 1
1084.8200 1487.0800 1
1096.6400 1487.0800 1
1108.4700 1487.0800 1
1120.2900 1487.0800 1
1132.1100 1487.0800 1
1143.9400 1487.0800 1
1155.7600 1487.0800 1
1167.5900 1487.0800 1
1179.4100 1487.0800 1
1191.2300 1487.0800 1
1203.0600 1487.0800 1
1214.8800 1487.0800 1
2066.1800 1475.2800 1
2054.3600 1475.2800 1
2042.5400 1475.2800 1
2030.7100 1475.2800 1
2018.8900 1475.2800 1
2007.0700 1475.2800 1
1995.2400 1475.2800 1
1983.4200 1475.2800 1
1971.5900 1475.2800 1
1959.7700 1475.2800 1
1947.9500 1475.2800 1
1936.1200 1475.2800 1
1924.3000 1475.2800 1
1912.4800 1475.2800 1
1900.6500 1475.2800 1
1888.8300 1475.2800 1
1877.0100 1475.2800 1
1865.1800 1475.2800 1
1853.3600 1475.2800 1
1841.5400 1475.2800 1
1829.7100 1475.2800 1
1817.8900 1475.2800 1
1806.0600 1475.2800 1
1794.2400 1475.2800 1
1782.4200 1475.2800 1
1770.5900 1475.2800 1
1758.7700 1475.2800 1
1746.9500 1475.2800 1
1735.1200 1475.2800 1
1723.3000 1475.2800 1
1711.4700 1475.2800 1
1699.6500 1475.2800 1
1687.8300 1475.2800 1
1676.0000 1475.2800 1
1664.1800 1475.2800 1
1652.3600 1475.2800 1
1640.5300 1475.2800 1
1628.7100 1475.2800 1
1616.8900 1475.2800 1
1605.0600 1475.2800 1
1593.2400 1475.2800 1
1581.4100 1475.2800 1
1569.5900 1475.2800 1
1557.7700 1475.2800 1
1545.9400 1475.2800 1
1534.1200 1475.2800 1
1522.3000 1475.2800 1
1510.4700 1475.2800 1
1498.6500 1475.2800 1
1486.8200 1475.2800 1
1475.0000 1475.2800 1
1463.1800 1475.2800 1
1451.3500 1475.2800 1
1439.5300 1475.2800 1
1427.7100 1475.2800 1
1415.8800 1475.2800 1
1404.0600 1475.2800 1
1392.2400 1475.2800 1
1380.4100 1475.2800 1
1368.5900 1475.2800 1
1356.7700 1475.2800 1
1344.9400 1475.2800 1
1333.1200 1475.2800 1
1321.2900 1475.2800 1
1309.4700 1475.2800 1
1297.6500 1475.2800 1
1285.8200 1475.2800 1
1274.0000 1475.2800 1
1262.1800 1475.2800 1
1250.3500 1475.2800 1
1238.5300 1475.2800 1
1226.7000 1475.2800 1
1214.8800 1475.2800 1
1256.2600 1445.7500 1
1268.0900 1445.7500 1
1279.9100 1445.7500 1
1291.7300 1445.7500 1
1303.5600 1445.7500 1
1315.3800 1445.7500 1
1327.2000 1445.7500 1
1339.0300 1445.7500 1
1350.8500 1445.7500 1
1362.6800 1445.7500 1
1374.5000 1445.7500 1
1386.3200 1445.7500 1
1398.1500 1445.7500 1
1409.9700 1445.7500 1
1421.8000 1445.7500 1
1433.6200 1445.7500 1
1445.4400 1445.7500 1
1457.2700 1445.7500 1
1469.0900 1445.7500 1
1480.9100 1445.7500 1
1492.7400 1445.7500 1
1504.5600 1445.7500 1
1516.3800 1445.7500 1
1528.2100 1445.7500 1
1540.0300 1445.7500 1
1551.8500 1445.7500 1
1563.6800 1445.7500 1
1575.5000 1445.7500 1
1587.3300 1445.7500 1
1599.1500 1445.7500 1
1610.9700 1445.7500 1
1622.8000 1445.7500 1
1634.6200 1445.7500 1
1646.4400 1445.7500 1
1658.2700 1445.7500 1
1670.0900 1445.7500 1
1681.9200 1445.7500 1
1693.7400 1445.7500 1
1705.5600 1445.7500 1
1717.3900 1445.7500 1
1729.2100 1445.7500 1
1741.0300 1445.7500 1
1752.8600 1445.7500 1
1764.6800 1445.7500 1
1776.5100 1445.7500 1
1782.4200 1416.2200 1
1770.5900 1416.2200 1
1758.7700 1416.2200 1
1746.9500 1416.2200 1
1735.1200 1416.2200 1
1723.3000 1416.2200 1
1711.4700 1416.2200 1
1699.6500 1416.2200 1
1687.8300 1416.2200 1
1676.0000 1416.2200 1
1664.1800 1416.2200 1
1652.3600 1416.2200 1
1368.5900 1416.2200 1
1356.7700 1416.2200 1
1344.9400 1416.2200 1
1333.1200 1416.2200 1
1321.2900 1416.2200 1
1309.4700 1416.2200 1
1297.6500 1416.2200 1
1374.5000 1410.3200 1
1386.3200 1410.3200 1
1398.1500 1410.3200 1
1409.9700 1410.3200 1
1421.8000 1410.3200 1
1433.6200 1410.3200 1
1445.4400 1410.3200 1
1457.2700 1410.3200 1
1469.0900 1410.3200 1
1480.9100 1410.3200 1
1492.7400 1410.3200 1
1504.5600 1410.3200 1
1516.3800 1410.3200 1
1528.2100 1410.3200 1
1540.0300 1410.3200 1
1551.8500 1410.3200 1
1563.6800 1410.3200 1
1575.5000 1410.3200 1
1587.3300 1410.3200 1
1599.1500 1410.3200 1
1610.9700 1410.3200 1
1622.8000 1410.3200 1
1634.6200 1410.3200 1
1646.4400 1410.3200 1
1658.2700 1410.3200 1
1670.0900 1410.3200 1
1681.9200 1410.3200 1
1693.7400 1410.3200 1
1705.5600 1410.3200 1
1717.3900 1410.3200 1
1729.2100 1410.3200 1
1741.0300 1410.3200 1
1752.8600 1410.3200 1
1764.6800 1410.3200 1
1776.5100 1410.3200 1
1788.3300 1410.3200 1
1800.1500 1410.3200 1
1811.9800 1410.3200 1
1823.8000 1410.3200 1
1835.6200 1410.3200 1
1847.4500 1410.3200 1
1788.3300 1398.5100 1
1776.5100 1398.5100 1
1764.6800 1398.5100 1
1752.8600 1398.5100 1
1741.0300 1398.5100 1
1729.2100 1398.5100 1
1717.3900 1398.5100 1
1705.5600 1398.5100 1
1693.7400 1398.5100 1
1681.9200 1398.5100 1
1670.0900 1398.5100 1
1658.2700 1398.5100 1
1646.4400 1398.5100 1
1782.4200 1392.6000 1
1794.2400 1392.6000 1
1806.0600 1392.6000 1
1817.8900 1392.6000 1
1817.8900 1274.5000 1
1806.0600 1274.5000 1
1794.2400 1274.5000 1
1782.4200 1274.5000 1
1770.5900 1274.5000 1
1758.7700 1274.5000 1
1746.9500 1274.5000 1
1735.1200 1274.5000 1
1723.3000 1274.5000 1
1711.4700 1274.5000 1
1699.6500 1274.5000 1
1687.8300 1274.5000 1
1676.0000 1274.5000 1
1664.1800 1274.5000 1
1652.3600 1274.5000 1
1640.5300 1274.5000 1
1628.7100 1274.5000 1
1616.8900 1274.5000 1
1605.0600 1274.5000 1
1593.2400 1274.5000 1
1581.4100 1274.5000 1
1569.5900 1274.5000 1
1557.7700 1274.5000 1
1545.9400 1274.5000 1
1534.1200 1274.5000 1
1522.3000 1274.5000 1
1510.4700 1274.5000 1
1498.6500 1274.5000 1
1486.8200 1274.5000 1
1475.0000 1274.5000 1
1463.1800 1274.5000 1
1451.3500 1274.5000 1
1439.5300 1274.5000 1
1427.7100 1274.5000 1
1415.8800 1274.5000 1
1404.0600 1274.5000 1
1392.2400 1274.5000 1
1380.4100 1274.5000 1
1368.5900 1274.5000 1
1356.7700 1274.5000 1
1344.9400 1274.5000 1
1333.1200 1274.5000 1
1321.2900 1274.5000 1
1309.4700 1274.5000 1
1297.6500 1274.5000 1
1285.8200 1274.5000 1
1274.0000 1274.5000 1
1262.1800 1274.5000 1
1250.3500 1274.5000 1
1238.5300 1274.5000 1
1120.2900 1250.8800 1
1132.1100 1250.8800 1
1143.9400 1250.8800 1
1155.7600 1250.8800 1
1167.5900 1250.8800 1
1179.4100 1250.8800 1
1191.2300 1250.8800 1
1203.0600 1250.8800 1
1214.8800 1250.8800 1
1226.7000 1250.8800 1
1238.5300 1250.8800 1
1250.3500 1250.8800 1
1262.1800 1250.8800 1
1274.0000 1250.8800 1
1285.8200 1250.8800 1
1297.6500 1250.8800 1
1309.4700 1250.8800 1
1321.2900 1250.8800 1
1333.1200 1250.8800 1
1344.9400 1250.8800 1
1356.7700 1250.8800 1
1368.5900 1250.8800 1
1380.4100 1250.8800 1
1392.2400 1250.8800 1
1404.0600 1250.8800 1
1415.8800 1250.8800 1
1427.7100 1250.8800 1
1439.5300 1250.8800 1
1451.3500 1250.8800 1
1463.1800 1250.8800 1
1475.0000 1250.8800 1
1486.8200 1250.8800 1
1498.6500 1250.8800 1
1510.4700 1250.8800 1
1522.3000 1250.8800 1
1534.1200 1250.8800 1
1545.9400 1250.8800 1
1557.7700 1250.8800 1
1569.5900 1250.8800 1
1581.4100 1250.8800 1
1593.2400 1250.8800 1
1605.0600 1250.8800 1
1616.8900 1250.8800 1
1628.7100 1250.8800 1
1640.5300 1250.8800 1
1652.3600 1250.8800 1
1664.1800 1250.8800 1
1676.0000 1250.8800 1
1687.8300 1250.8800 1
1699.6500 1250.8800 1
1711.4700 1250.8800 1
1723.3000 1250.8800 1
1735.1200 1250.8800 1
1800.1500 1244.9800 1
1788.3300 1244.9800 1
1776.5100 1244.9800 1
1764.6800 1244.9800 1
1752.8600 1244.9800 1
1741.0300 1244.9800 1
1729.2100 1244.9800 1
1717.3900 1244.9800 1
1705.5600 1244.9800 1
1693.7400 1244.9800 1
1681.9200 1244.9800 1
1670.0900 1244.9800 1
1658.2700 1244.9800 1
1646.4400 1244.9800 1
1634.6200 1244.9800 1
1622.8000 1244.9800 1
1610.9700 1244.9800 1
1599.1500 1244.9800 1
1587.3300 1244.9800 1
1575.5000 1244.9800 1
1563.6800 1244.9800 1
1551.8500 1244.9800 1
1540.0300 1244.9800 1
1528.2100 1244.9800 1
1516.3800 1244.9800 1
1504.5600 1244.9800 1
1492.7400 1244.9800 1
1480.9100 1244.9800 1
1469.0900 1244.9800 1
1457.2700 1244.9800 1
1445.4400 1244.9800 1
1433.6200 1244.9800 1
1421.8000 1244.9800 1
1409.9700 1244.9800 1
1398.1500 1244.9800 1
1386.3200 1244.9800 1
1374.5000 1244.9800 1
1362.6800 1244.9800 1
1350.8500 1244.9800 1
1339.0300 1244.9800 1
1327.2000 1244.9800 1
1315.3800 1244.9800 1
1303.5600 1244.9800 1
1291.7300 1244.9800 1
1279.9100 1244.9800 1
1268.0900 1244.9800 1
1256.2600 1244.9800 1
1244.4400 1244.9800 1
1238.5300 1227.2600 1
1250.3500 1227.2600 1
1262.1800 1227.2600 1
1274.0000 1227.2600 1
1285.8200 1227.2600 1
1297.6500 1227.2600 1
1309.4700 1227.2600 1
1321.2900 1227.2600 1
1333.1200 1227.2600 1
1344.9400 1227.2600 1
1356.7700 1227.2600 1
1368.5900 1227.2600 1
1380.4100 1227.2600 1
1392.2400 1227.2600 1
1404.0600 1227.2600 1
1415.8800 1227.2600 1
1427.7100 1227.2600 1
1439.5300 1227.2600 1
1451.3500 1227.2600 1
1463.1800 1227.2600 1
1475.0000 1227.2600 1
1486.8200 1227.2600 1
1498.6500 1227.2600 1
1510.4700 1227.2600 1
1522.3000 1227.2600 1
1534.1200 1227.2600 1
1545.9400 1227.2600 1
1557.7700 1227.2600 1
1569.5900 1227.2600 1
1581.4100 1227.2600 1
1593.2400 1227.2600 1
1605.0600 1227.2600 1
1616.8900 1227.2600 1
1628.7100 1227.2600 1
1640.5300 1227.2600 1
1652.3600 1227.2600 1
1664.1800 1227.2600 1
1676.0000 1227.2600 1
1687.8300 1227.2600 1
1699.6500 1227.2600 1
1711.4700 1227.2600 1
1723.3000 1227.2600 1
1735.1200 1227.2600 1
1746.9500 1227.2600 1
1758.7700 1227.2600 1
1770.5900 1227.2600 1
1782.4200 1227.2600 1
1859.2700 1221.3600 1
1847.4500 1221.3600 1
1835.6200 1221.3600 1
1823.8000 1221.3600 1
1811.9800 1221.3600 1
1800.1500 1221.3600 1
1788.3300 1221.3600 1
1776.5100 1221.3600 1
1764.6800 1221.3600 1
1752.8600 1221.3600 1
1741.0300 1221.3600 1
1729.2100 1221.3600 1
1717.3900 1221.3600 1
1705.5600 1221.3600 1
1693.7400 1221.3600 1
1681.9200 1221.3600 1
1670.0900 1221.3600 1
1658.2700 1221.3600 1
1646.4400 1221.3600 1
1634.6200 1221.3600 1
1622.8000 1221.3600 1
1610.9700 1221.3600 1
1599.1500 1221.3600 1
1587.3300 1221.3600 1
1575.5000 1221.3600 1
1563.6800 1221.3600 1
1551.8500 1221.3600 1
1540.0300 1221.3600 1
1528.2100 1221.3600 1
1516.3800 1221.3600 1
1504.5600 1221.3600 1
1492.7400 1221.3600 1
1480.9100 1221.3600 1
1469.0900 1221.3600 1
1457.2700 1221.3600 1
1445.4400 1221.3600 1
1433.6200 1221.3600 1
1421.8000 1221.3600 1
1409.9700 1221.3600 1
1398.1500 1221.3600 1
1386.3200 1221.3600 1
1132.1100 1156.4000 1
1143.9400 1156.4000 1
1155.7600 1156.4000 1
1167.5900 1156.4000 1
1179.4100 1156.4000 1
1191.2300 1156.4000 1
1203.0600 1156.4000 1
1214.8800 1156.4000 1
1226.7000 1156.4000 1
1238.5300 1156.4000 1
1250.3500 1156.4000 1
1262.1800 1156.4000 1
1274.0000 1156.4000 1
1285.8200 1156.4000 1
1297.6500 1156.4000 1
1309.4700 1156.4000 1
1321.2900 1156.4000 1
1333.1200 1156.4000 1
1344.9400 1156.4000 1
1356.7700 1156.4000 1
1368.5900 1156.4000 1
1380.4100 1156.4000 1
1392.2400 1156.4000 1
1404.0600 1156.4000 1
1415.8800 1156.4000 1
1427.7100 1156.4000 1
1439.5300 1156.4000 1
1451.3500 1156.4000 1
1463.1800 1156.4000 1
1475.0000 1156.4000 1
1486.8200 1156.4000 1
1498.6500 1156.4000 1
1510.4700 1156.4000 1
1522.3000 1156.4000 1
1534.1200 1156.4000 1
1545.9400 1156.4000 1
1557.7700 1156.4000 1
1569.5900 1156.4000 1
1581.4100 1156.4000 1
1593.2400 1156.4000 1
1605.0600 1156.4000 1
1616.8900 1156.4000 1
1628.7100 1156.4000 1
1640.5300 1156.4000 1
1652.3600 1156.4000 1
1664.1800 1156.4000 1
1676.0000 1156.4000 1
1687.8300 1156.4000 1
1699.6500 1156.4000 1
1711.4700 1156.4000 1
1723.3000 1156.4000 1
1735.1200 1156.4000 1
1746.9500 1156.4000 1
1232.6200 1150.5000 1
1220.7900 1150.5000 1
1208.9700 1150.5000 1
1197.1500 1150.5000 1
1185.3200 1150.5000 1
1173.5000 1150.5000 1
1161.6700 1150.5000 1
1149.8500 1150.5000 1
1138.0300 1150.5000 1
1126.2000 1150.5000 1
1114.3800 1150.5000 1
1102.5600 1150.5000 1
1090.7300 1150.5000 1
1078.9100 1150.5000 1
1067.0800 1150.5000 1
1055.2600 1150.5000 1
1043.4400 1150.5000 1
1031.6100 1150.5000 1
1019.7900 1150.5000 1
1007.9700 1150.5000 1
996.1430 1150.5000 1
984.3190 1150.5000 1
972.4960 1150.5000 1
960.6720 1150.5000 1
948.8480 1150.5000 1
937.0250 1150.5000 1
925.2010 1150.5000 1
913.3770 1150.5000 1
901.5540 1150.5000 1
889.7300 1150.5000 1
877.9060 1150.5000 1
866.0830 1150.5000 1
854.2590 1150.5000 1
842.4350 1150.5000 1
830.6120 1150.5000 1
818.7880 1150.5000 1
806.9640 1150.5000 1
795.1410 1150.5000 1
783.3170 1150.5000 1
771.4940 1150.5000 1
759.6700 1150.5000 1
747.8460 1150.5000 1
736.0220 1150.5000 1
724.1990 1150.5000 1
712.3750 1150.5000 1
700.5510 1150.5000 1
688.7280 1150.5000 1
676.9040 1150.5000 1
665.0810 1150.5000 1
653.2570 1150.5000 1
641.4330 1150.5000 1
629.6090 1150.5000 1
617.7860 1150.5000 1
605.9620 1150.5000 1
594.1380 1150.5000 1
582.3150 1150.5000 1
570.4910 1150.5000 1
558.6680 1150.5000 1
546.8440 1150.5000 1
535.0200 1150.5000 1
523.1960 1150.5000 1
511.3730 1150.5000 1
499.5490 1150.5000 1
487.7250 1150.5000 1
475.9020 1150.5000 1
464.0780 1150.5000 1
452.2550 1150.5000 1
440.4310 1150.5000 1
428.6070 1150.5000 1
416.7840 1150.5000 1
404.9600 1150.5000 1
393.1360 1150.5000 1
381.3130 1150.5000 1
369.4890 1150.5000 1
357.6650 1150.5000 1
345.8420 1150.5000 1
334.0180 1150.5000 1
1120.2900 1144.5900 1
1132.1100 1144.5900 1
1143.9400 1144.5900 1
1155.7600 1144.5900 1
1167.5900 1144.5900 1
1179.4100 1144.5900 1
1191.2300 1144.5900 1
1203.0600 1144.5900 1
1214.8800 1144.5900 1
1226.7000 1144.5900 1
1238.5300 1144.5900 1
1250.3500 1144.5900 1
1262.1800 1144.5900 1
1274.0000 1144.5900 1
1285.8200 1144.5900 1
1297.6500 1144.5900 1
1309.4700 1144.5900 1
1321.2900 1144.5900 1
1333.1200 1144.5900 1
1344.9400 1144.5900 1
1356.7700 1144.5900 1
1368.5900 1144.5900 1
1380.4100 1144.5900 1
1392.2400 1144.5900 1
1404.0600 1144.5900 1
1415.8800 1144.5900 1
1427.7100 1144.5900 1
1439.5300 1144.5900 1
1451.3500 1144.5900 1
1463.1800 1144.5900 1
1475.0000 1144.5900 1
1486.8200 1144.5900 1
1498.6500 1144.5900 1
1510.4700 1144.5900 1
1522.3000 1144.5900 1
1534.1200 1144.5900 1
1545.9400 1144.5900 1
1557.7700 1144.5900 1
1569.5900 1144.5900 1
1581.4100 1144.5900 1
1593.2400 1144.5900 1
1605.0600 1144.5900 1
1616.8900 1144.5900 1
1628.7100 1144.5900 1
1640.5300 1144.5900 1
1652.3600 1144.5900 1
1664.1800 1144.5900 1
1676.0000 1144.5900 1
1687.8300 1144.5900 1
1699.6500 1144.5900 1
1711.4700 1144.5900 1
1723.3000 1144.5900 1
1735.1200 1144.5900 1
1226.7000 1002.8700 1
1214.8800 1002.8700 1
1203.0600 1002.8700 1
1191.2300 1002.8700 1
1179.4100 1002.8700 1
1220.7900 996.9670 1
1232.6200 996.9670 1
1244.4400 996.9670 1
1415.8800 802.1010 1
1404.0600 802.1010 1
1392.2400 802.1010 1
1380.4100 802.1010 1
1368.5900 802.1010 1
1356.7700 802.1010 1
1344.9400 802.1010 1
1309.4700 802.1010 1
1297.6500 802.1010 1
1285.8200 802.1010 1
1274.0000 802.1010 1
1262.1800 802.1010 1
1250.3500 802.1010 1
1214.8800 802.1010 1
1203.0600 802.1010 1
1191.2300 802.1010 1
1179.4100 802.1010 1
1167.5900 802.1010 1
1132.1100 802.1010 1
1120.2900 802.1010 1
1108.4700 802.1010 1
1096.6400 802.1010 1
1084.8200 802.1010 1
1073.0000 802.1010 1
1090.7300 796.1960 1
1102.5600 796.1960 1
1114.3800 796.1960 1
1126.2000 796.1960 1
1138.0300 796.1960 1
1149.8500 796.1960 1
1161.6700 796.1960 1
1173.5000 796.1960 1
1185.3200 796.1960 1
1197.1500 796.1960 1
1220.7900 796.1960 1
1232.6200 796.1960 1
1244.4400 796.1960 1
1256.2600 796.1960 1
1268.0900 796.1960 1
1279.9100 796.1960 1
1339.0300 796.1960 1
1350.8500 796.1960 1
1362.6800 796.1960 1
1374.5000 796.1960 1
1380.4100 790.2900 1
1368.5900 790.2900 1
1356.7700 790.2900 1
1344.9400 790.2900 1
1333.1200 790.2900 1
1262.1800 790.2900 1
1250.3500 790.2900 1
1238.5300 790.2900 1
1226.7000 790.2900 1
1167.5900 790.2900 1
1155.7600 790.2900 1
1143.9400 790.2900 1
1132.1100 790.2900 1
1208.9700 784.3860 1
1220.7900 784.3860 1
1232.6200 784.3860 1
1244.4400 784.3860 1
1291.7300 784.3860 1
1303.5600 784.3860 1
1315.3800 784.3860 1
1327.2000 784.3860 1
1339.0300 784.3860 1
1350.8500 784.3860 1
1380.4100 778.4810 1
1368.5900 778.4810 1
1356.7700 778.4810 1
1262.1800 778.4810 1
1250.3500 778.4810 1
1238.5300 778.4810 1
1226.7000 778.4810 1
1179.4100 778.4810 1
1167.5900 778.4810 1
1155.7600 778.4810 1
1143.9400 778.4810 1
1132.1100 778.4810 1
1120.2900 778.4810 1
1108.4700 778.4810 1
1096.6400 778.4810 1
1084.8200 778.4810 1
1073.0000 778.4810 1
1061.1700 778.4810 1
1049.3500 778.4810 1
1037.5300 778.4810 1
1025.7000 778.4810 1
1013.8800 778.4810 1
1002.0500 778.4810 1
990.2310 778.4810 1
978.4070 778.4810 1
966.5840 778.4810 1
954.7600 778.4810 1
942.9370 778.4810 1
931.1130 778.4810 1
919.2890 778.4810 1
907.4660 778.4810 1
895.6420 778.4810 1
883.8180 778.4810 1
871.9940 778.4810 1
860.1710 778.4810 1
848.3470 778.4810 1
836.5240 778.4810 1
824.7000 778.4810 1
812.8760 778.4810 1
801.0530 778.4810 1
789.2290 778.4810 1
777.4050 778.4810 1
765.5810 778.4810 1
753.7580 778.4810 1
741.9340 778.4810 1
1173.5000 772.5760 1
1279.9100 772.5760 1
1291.7300 772.5760 1
1303.5600 772.5760 1
1315.3800 772.5760 1
1339.0300 772.5760 1
1350.8500 772.5760 1
1362.6800 772.5760 1
1374.5000 772.5760 1
1386.3200 772.5760 1
1398.1500 772.5760 1
1409.9700 772.5760 1
1321.2900 766.6700 1
1226.7000 766.6700 1
1214.8800 766.6700 1
1203.0600 766.6700 1
1090.7300 760.7650 1
1102.5600 760.7650 1
1114.3800 760.7650 1
1126.2000 760.7650 1
1138.0300 760.7650 1
1208.9700 760.7650 1
1220.7900 760.7650 1
1232.6200 760.7650 1
1256.2600 760.7650 1
1268.0900 760.7650 1
1279.9100 760.7650 1
1291.7300 760.7650 1
1350.8500 760.7650 1
1333.1200 754.8610 1
1321.2900 754.8610 1
1309.4700 754.8610 1
1214.8800 754.8610 1
1203.0600 754.8610 1
1191.2300 754.8610 1
1143.9400 754.8610 1
1138.0300 748.9550 1
1149.8500 748.9550 1
1232.6200 748.9550 1
1244.4400 748.9550 1
1368.5900 743.0500 1
1356.7700 743.0500 1
1274.0000 743.0500 1
1167.5900 731.2400 1
1155.7600 731.2400 1
1143.9400 731.2400 1
1132.1100 731.2400 1
1120.2900 731.2400 1
1108.4700 731.2400 1
1386.3200 725.3350 1
1398.1500 725.3350 1
1392.2400 719.4300 1
1380.4100 719.4300 1
1368.5900 719.4300 1
795.1410 548.1840 1
806.9640 548.1840 1
818.7880 548.1840 1
830.6120 548.1840 1
842.4350 548.1840 1
854.2590 548.1840 1
866.0830 548.1840 1
877.9060 548.1840 1
889.7300 548.1840 1
901.5540 548.1840 1
913.3770 548.1840 1
925.2010 548.1840 1
937.0250 548.1840 1
948.8480 548.1840 1
960.6720 548.1840 1
972.4960 548.1840 1
984.3190 548.1840 1
996.1430 548.1840 1
1007.9700 548.1840 1
1019.7900 548.1840 1
1031.6100 548.1840 1
1043.4400 548.1840 1
1055.2600 548.1840 1
1067.0800 548.1840 1
1078.9100 548.1840 1
1090.7300 548.1840 1
1102.5600 548.1840 1
1114.3800 548.1840 1
1126.2000 548.1840 1
1138.0300 548.1840 1
1149.8500 548.1840 1
1161.6700 548.1840 1
1173.5000 548.1840 1
1185.3200 548.1840 1
1197.1500 548.1840 1
1208.9700 548.1840 1
1220.7900 548.1840 1
1368.5900 601.3290 1
1380.4100 601.3290 1
1392.2400 601.3290 1
1404.0600 601.3290 1
1415.8800 601.3290 1
1427.7100 601.3290 1
1439.5300 601.3290 1
1451.3500 601.3290 1
1463.1800 601.3290 1
1475.0000 601.3290 1
1486.8200 601.3290 1
1498.6500 601.3290 1
1510.4700 601.3290 1
1522.3000 601.3290 1
1534.1200 601.3290 1
1545.9400 601.3290 1
1557.7700 601.3290 1
1569.5900 601.3290 1
1581.4100 601.3290 1
1593.2400 601.3290 1
1605.0600 601.3290 1
1616.8900 601.3290 1
1628.7100 601.3290 1
1640.5300 601.3290 1
1652.3600 601.3290 1
1664.1800 601.3290 1
1676.0000 601.3290 1
1687.8300 601.3290 1
1699.6500 601.3290 1
1711.4700 601.3290 1
1723.3000 601.3290 1
1735.1200 601.3290 1
1746.9500 601.3290 1
1758.7700 601.3290 1
1770.5900 601.3290 1
1782.4200 601.3290 1
1794.2400 601.3290 1
1806.0600 601.3290 1
1817.8900 601.3290 1
1829.7100 601.3290 1
1841.5400 601.3290 1
1853.3600 601.3290 1
1865.1800 601.3290 1
1877.0100 601.3290 1
1888.8300 601.3290 1
1900.6500 601.3290 1
1912.4800 601.3290 1
1924.3000 601.3290 1
1936.1200 601.3290 1
1947.9500 601.3290 1
1959.7700 601.3290 1
1971.5900 601.3290 1
1983.4200 601.3290 1
1995.2400 601.3290 1
2007.0700 601.3290 1
2018.8900 601.3290 1
2030.7100 601.3290 1
2042.5400 601.3290 1
2054.3600 601.3290 1
2066.1800 601.3290 1
2078.0100 601.3290 1
2089.8300 601.3290 1
1220.7900 536.3740 1
1208.9700 536.3740 1
1197.1500 536.3740 1
1185.3200 536.3740 1
1170.5400 1944.7300 1
1300.6000 1932.9200 1
1194.1900 1921.1100 1
1418.8400 1921.1100 1
1371.5400 1909.3000 1
1253.3100 1909.3000 1
1276.9500 1885.6800 1
1324.2500 1885.6800 1
1418.8400 1885.6800 1
1324.2500 1873.8600 1
342.8860 1519.5600 1
1418.8400 775.5280 1
1418.8400 799.1480 1
2092.7900 598.3770 1
1891.7800 2051.0200 1
1879.9600 2051.0200 1
1868.1400 2051.0200 1
1856.3100 2051.0200 1
1844.4900 2051.0200 1
1832.6700 2051.0200 1
1820.8400 2051.0200 1
1809.0200 2051.0200 1
1797.1900 2051.0200 1
1785.3700 2051.0200 1
1773.5500 2051.0200 1
1761.7200 2051.0200 1
1749.9000 2051.0200 1
910.4220 2051.0200 1
898.5980 2051.0200 1
886.7740 2051.0200 1
874.9500 2051.0200 1
863.1270 2051.0200 1
851.3030 2051.0200 1
839.4790 2051.0200 1
827.6560 2051.0200 1
815.8320 2051.0200 1
804.0090 2051.0200 1
792.1850 2051.0200 1
780.3610 2051.0200 1
768.5380 2051.0200 1
668.0370 2045.1100 1
774.4500 2045.1100 1
786.2730 2045.1100 1
798.0970 2045.1100 1
809.9200 2045.1100 1
821.7440 2045.1100 1
833.5680 2045.1100 1
845.3910 2045.1100 1
857.2150 2045.1100 1
869.0390 2045.1100 1
880.8620 2045.1100 1
892.6860 2045.1100 1
904.5100 2045.1100 1
1649.4000 2045.1100 1
1755.8100 2045.1100 1
1767.6400 2045.1100 1
1779.4600 2045.1100 1
1791.2800 2045.1100 1
1803.1100 2045.1100 1
1814.9300 2045.1100 1
1826.7500 2045.1100 1
1838.5800 2045.1100 1
1850.4000 2045.1100 1
1862.2200 2045.1100 1
1874.0500 2045.1100 1
1885.8700 2045.1100 1
1891.7800 2039.2100 1
1879.9600 2039.2100 1
1868.1400 2039.2100 1
1856.3100 2039.2100 1
1844.4900 2039.2100 1
1832.6700 2039.2100 1
1820.8400 2039.2100 1
1809.0200 2039.2100 1
1797.1900 2039.2100 1
1785.3700 2039.2100 1
1773.5500 2039.2100 1
1761.7200 2039.2100 1
1749.9000 2039.2100 1
1702.6100 2039.2100 1
1489.7800 2039.2100 1
910.4220 2039.2100 1
898.5980 2039.2100 1
886.7740 2039.2100 1
874.9500 2039.2100 1
863.1270 2039.2100 1
851.3030 2039.2100 1
839.4790 2039.2100 1
827.6560 2039.2100 1
815.8320 2039.2100 1
804.0090 2039.2100 1
792.1850 2039.2100 1
780.3610 2039.2100 1
768.5380 2039.2100 1
721.2430 2039.2100 1
508.4170 2039.2100 1
561.6240 2033.3000 1
774.4500 2033.3000 1
786.2730 2033.3000 1
798.0970 2033.3000 1
809.9200 2033.3000 1
821.7440 2033.3000 1
833.5680 2033.3000 1
845.3910 2033.3000 1
857.2150 2033.3000 1
869.0390 2033.3000 1
880.8620 2033.3000 1
892.6860 2033.3000 1
904.5100 2033.3000 1
1542.9900 2033.3000 1
1755.8100 2033.3000 1
1767.6400 2033.3000 1
1779.4600 2033.3000 1
1791.2800 2033.3000 1
1803.1100 2033.3000 1
1814.9300 2033.3000 1
1826.7500 2033.3000 1
1838.5800 2033.3000 1
1850.4000 2033.3000 1
1862.2200 2033.3000 1
1874.0500 2033.3000 1
1885.8700 2033.3000 1
1891.7800 2027.4000 1
1879.9600 2027.4000 1
1868.1400 2027.4000 1
1856.3100 2027.4000 1
1844.4900 2027.4000 1
1832.6700 2027.4000 1
1820.8400 2027.4000 1
1809.0200 2027.4000 1
1797.1900 2027.4000 1
1785.3700 2027.4000 1
1773.5500 2027.4000 1
1761.7200 2027.4000 1
1749.9000 2027.4000 1
1596.1900 2027.4000 1
910.4220 2027.4000 1
898.5980 2027.4000 1
886.7740 2027.4000 1
874.9500 2027.4000 1
863.1270 2027.4000 1
851.3030 2027.4000 1
839.4790 2027.4000 1
827.6560 2027.4000 1
815.8320 2027.4000 1
804.0090 2027.4000 1
792.1850 2027.4000 1
780.3610 2027.4000 1
768.5380 2027.4000 1
614.8300 2027.4000 1
768.5380 173.2150 1
780.3610 173.2150 1
792.1850 173.2150 1
804.0090 173.2150 1
815.8320 173.2150 1
827.6560 173.2150 1
839.4790 173.2150 1
851.3030 173.2150 1
863.1270 173.2150 1
874.9500 173.2150 1
886.7740 173.2150 1
898.5980 173.2150 1
910.4220 173.2150 1
1749.9000 173.2150 1
1761.7200 173.2150 1
1773.5500 173.2150 1
1785.3700 173.2150 1
1797.1900 173.2150 1
1809.0200 173.2150 1
1820.8400 173.2150 1
1832.6700 173.2150 1
1844.4900 173.2150 1
1856.3100 173.2150 1
1868.1400 173.2150 1
1879.9600 173.2150 1
1891.7800 173.2150 1
1885.8700 167.3100 1
1874.0500 167.3100 1
1862.2200 167.3100 1
1850.4000 167.3100 1
1838.5800 167.3100 1
1826.7500 167.3100 1
1814.9300 167.3100 1
1803.1100 167.3100 1
1791.2800 167.3100 1
1779.4600 167.3100 1
1767.6400 167.3100 1
1755.8100 167.3100 1
904.5100 167.3100 1
892.6860 167.3100 1
880.8620 167.3100 1
869.0390 167.3100 1
857.2150 167.3100 1
845.3910 167.3100 1
833.5680 167.3100 1
821.7440 167.3100 1
809.9200 167.3100 1
798.0970 167.3100 1
786.2730 167.3100 1
774.4500 167.3100 1
668.0370 167.3090 1
1649.4000 167.3090 1
1891.7800 161.4050 1
1879.9600 161.4050 1
1868.1400 161.4050 1
1856.3100 161.4050 1
1844.4900 161.4050 1
1832.6700 161.4050 1
1820.8400 161.4050 1
1809.0200 161.4050 1
1797.1900 161.4050 1
1785.3700 161.4050 1
1773.5500 161.4050 1
1761.7200 161.4050 1
1749.9000 161.4050 1
910.4220 161.4050 1
898.5980 161.4050 1
886.7740 161.4050 1
874.9500 161.4050 1
863.1270 161.4050 1
851.3030 161.4050 1
839.4790 161.4050 1
827.6560 161.4050 1
815.8320 161.4050 1
804.0090 161.4050 1
792.1850 161.4050 1
780.3610 161.4050 1
768.5380 161.4050 1
508.4170 161.4040 1
721.2430 161.4040 1
1489.7800 161.4040 1
1702.6100 161.4040 1
1885.8700 155.5000 1
1874.0500 155.5000 1
1862.2200 155.5000 1
1850.4000 155.5000 1
1838.5800 155.5000 1
1826.7500 155.5000 1
1814.9300 155.5000 1
1803.1100 155.5000 1
1791.2800 155.5000 1
1779.4600 155.5000 1
1767.6400 155.5000 1
1755.8100 155.5000 1
904.5100 155.5000 1
892.6860 155.5000 1
880.8620 155.5000 1
869.0390 155.5000 1
857.2150 155.5000 1
845.3910 155.5000 1
833.5680 155.5000 1
821.7440 155.5000 1
809.9200 155.5000 1
798.0970 155.5000 1
786.2730 155.5000 1
774.4500 155.5000 1
561.6240 155.4990 1
1542.9900 155.4990 1
1891.7800 149.5950 1
1879.9600 149.5950 1
1868.1400 149.5950 1
1856.3100 149.5950 1
1844.4900 149.5950 1
1832.6700 149.5950 1
1820.8400 149.5950 1
1809.0200 149.5950 1
1797.1900 149.5950 1
1785.3700 149.5950 1
1773.5500 149.5950 1
1761.7200 149.5950 1
1749.9000 149.5950 1
910.4220 149.5950 1
898.5980 149.5950 1
886.7740 149.5950 1
874.9500 149.5950 1
863.1270 149.5950 1
851.3030 149.5950 1
839.4790 149.5950 1
827.6560 149.5950 1
815.8320 149.5950 1
804.0090 149.5950 1
792.1850 149.5950 1
780.3610 149.5950 1
768.5380 149.5950 1
614.8300 149.5940 1
1596.1900 149.5940 1
1882.9200 2048.0600 1
1871.0900 2048.0600 1
1859.2700 2048.0600 1
1847.4500 2048.0600 1
1835.6200 2048.0600 1
1823.8000 2048.0600 1
1811.9700 2048.0600 1
1800.1500 2048.0600 1
1788.3300 2048.0600 1
1776.5000 2048.0600 1
1764.6800 2048.0600 1
1752.8600 2048.0600 1
1729.2100 2048.0600 1
1717.3900 2048.0600 1
1670.0900 2048.0600 1
1658.2700 2048.0600 1
1646.4400 2048.0600 1
1634.6200 2048.0600 1
1610.9700 2048.0600 1
1599.1500 2048.0600 1
1563.6800 2048.0600 1
1551.8500 2048.0600 1
1540.0300 2048.0600 1
1528.2100 2048.0600 1
1516.3800 2048.0600 1
1504.5600 2048.0600 1
1492.7400 2048.0600 1
901.5540 2048.0600 1
889.7300 2048.0600 1
877.9060 2048.0600 1
866.0830 2048.0600 1
854.2590 2048.0600 1
842.4350 2048.0600 1
830.6120 2048.0600 1
818.7880 2048.0600 1
806.9640 2048.0600 1
795.1410 2048.0600 1
783.3170 2048.0600 1
771.4940 2048.0600 1
747.8460 2048.0600 1
736.0220 2048.0600 1
688.7280 2048.0600 1
676.9040 2048.0600 1
665.0810 2048.0600 1
653.2570 2048.0600 1
629.6090 2048.0600 1
617.7860 2048.0600 1
582.3150 2048.0600 1
570.4910 2048.0600 1
558.6680 2048.0600 1
546.8440 2048.0600 1
535.0200 2048.0600 1
523.1960 2048.0600 1
511.3730 2048.0600 1
517.2850 2042.1600 1
529.1080 2042.1600 1
576.4030 2042.1600 1
588.2270 2042.1600 1
600.0500 2042.1600 1
623.6980 2042.1600 1
635.5210 2042.1600 1
647.3450 2042.1600 1
706.4630 2042.1600 1
718.2870 2042.1600 1
777.4050 2042.1600 1
789.2290 2042.1600 1
801.0530 2042.1600 1
812.8760 2042.1600 1
824.7000 2042.1600 1
836.5240 2042.1600 1
848.3470 2042.1600 1
860.1710 2042.1600 1
871.9940 2042.1600 1
883.8180 2042.1600 1
895.6420 2042.1600 1
907.4660 2042.1600 1
1498.6500 2042.1600 1
1510.4700 2042.1600 1
1557.7700 2042.1600 1
1569.5900 2042.1600 1
1581.4100 2042.1600 1
1605.0600 2042.1600 1
1616.8900 2042.1600 1
1628.7100 2042.1600 1
1687.8300 2042.1600 1
1699.6500 2042.1600 1
1758.7700 2042.1600 1
1770.5900 2042.1600 1
1782.4200 2042.1600 1
1794.2400 2042.1600 1
1806.0600 2042.1600 1
1817.8900 2042.1600 1
1829.7100 2042.1600 1
1841.5300 2042.1600 1
1853.3600 2042.1600 1
1865.1800 2042.1600 1
1877.0100 2042.1600 1
1888.8300 2042.1600 1
1882.9200 2036.2500 1
1871.0900 2036.2500 1
1859.2700 2036.2500 1
1847.4500 2036.2500 1
1835.6200 2036.2500 1
1823.8000 2036.2500 1
1811.9700 2036.2500 1
1800.1500 2036.2500 1
1788.3300 2036.2500 1
1776.5000 2036.2500 1
1764.6800 2036.2500 1
1752.8600 2036.2500 1
1705.5600 2036.2500 1
1693.7400 2036.2500 1
1681.9200 2036.2500 1
1658.2700 2036.2500 1
1646.4400 2036.2500 1
1634.6200 2036.2500 1
1551.8500 2036.2500 1
1540.0300 2036.2500 1
1528.2100 2036.2500 1
1504.5600 2036.2500 1
901.5540 2036.2500 1
889.7300 2036.2500 1
877.9060 2036.2500 1
866.0830 2036.2500 1
854.2590 2036.2500 1
842.4350 2036.2500 1
830.6120 2036.2500 1
818.7880 2036.2500 1
806.9640 2036.2500 1
795.1410 2036.2500 1
783.3170 2036.2500 1
771.4940 2036.2500 1
724.1990 2036.2500 1
712.3750 2036.2500 1
700.5510 2036.2500 1
676.9040 2036.2500 1
665.0810 2036.2500 1
653.2570 2036.2500 1
570.4910 2036.2500 1
558.6680 2036.2500 1
546.8440 2036.2500 1
523.1960 2036.2500 1
505.4610 2030.3500 1
517.2850 2030.3500 1
529.1080 2030.3500 1
540.9320 2030.3500 1
552.7560 2030.3500 1
576.4030 2030.3500 1
588.2270 2030.3500 1
600.0500 2030.3500 1
611.8740 2030.3500 1
623.6980 2030.3500 1
635.5210 2030.3500 1
647.3450 2030.3500 1
659.1690 2030.3500 1
694.6400 2030.3500 1
706.4630 2030.3500 1
718.2870 2030.3500 1
730.1110 2030.3500 1
741.9340 2030.3500 1
777.4050 2030.3500 1
789.2290 2030.3500 1
801.0530 2030.3500 1
812.8760 2030.3500 1
824.7000 2030.3500 1
836.5240 2030.3500 1
848.3470 2030.3500 1
860.1710 2030.3500 1
871.9940 2030.3500 1
883.8180 2030.3500 1
895.6420 2030.3500 1
907.4660 2030.3500 1
1486.8200 2030.3500 1
1498.6500 2030.3500 1
1510.4700 2030.3500 1
1522.3000 2030.3500 1
1534.1200 2030.3500 1
1557.7700 2030.3500 1
1569.5900 2030.3500 1
1581.4100 2030.3500 1
1593.2400 2030.3500 1
1605.0600 2030.3500 1
1616.8900 2030.3500 1
1628.7100 2030.3500 1
1640.5300 2030.3500 1
1676.0000 2030.3500 1
1687.8300 2030.3500 1
1699.6500 2030.3500 1
1711.4700 2030.3500 1
1723.3000 2030.3500 1
1758.7700 2030.3500 1
1770.5900 2030.3500 1
1782.4200 2030.3500 1
1794.2400 2030.3500 1
1806.0600 2030.3500 1
1817.8900 2030.3500 1
1829.7100 2030.3500 1
1841.5300 2030.3500 1
1853.3600 2030.3500 1
1865.1800 2030.3500 1
1877.0100 2030.3500 1
1888.8300 2030.3500 1
1882.9200 170.2620 1
1871.0900 170.2620 1
1859.2700 170.2620 1
1847.4500 170.2620 1
1835.6200 170.2620 1
1823.8000 170.2620 1
1811.9700 170.2620 1
1800.1500 170.2620 1
1788.3300 170.2620 1
1776.5000 170.2620 1
1764.6800 170.2620 1
1752.8600 170.2620 1
901.5540 170.2620 1
889.7300 170.2620 1
877.9060 170.2620 1
866.0830 170.2620 1
854.2590 170.2620 1
842.4350 170.2620 1
830.6120 170.2620 1
818.7880 170.2620 1
806.9640 170.2620 1
795.1410 170.2620 1
783.3170 170.2620 1
771.4940 170.2620 1
511.3730 170.2610 1
523.1960 170.2610 1
535.0200 170.2610 1
546.8440 170.2610 1
558.6680 170.2610 1
570.4910 170.2610 1
582.3150 170.2610 1
617.7860 170.2610 1
629.6090 170.2610 1
653.2570 170.2610 1
665.0810 170.2610 1
676.9040 170.2610 1
688.7280 170.2610 1
736.0220 170.2610 1
747.8460 170.2610 1
1492.7400 170.2610 1
1504.5600 170.2610 1
1516.3800 170.2610 1
1528.2100 170.2610 1
1540.0300 170.2610 1
1551.8500 170.2610 1
1563.6800 170.2610 1
1599.1500 170.2610 1
1610.9700 170.2610 1
1634.6200 170.2610 1
1646.4400 170.2610 1
1658.2700 170.2610 1
1670.0900 170.2610 1
1717.3900 170.2610 1
1729.2100 170.2610 1
1888.8300 164.3570 1
1877.0100 164.3570 1
1865.1800 164.3570 1
1853.3600 164.3570 1
1841.5300 164.3570 1
1829.7100 164.3570 1
1817.8900 164.3570 1
1806.0600 164.3570 1
1794.2400 164.3570 1
1782.4200 164.3570 1
1770.5900 164.3570 1
1758.7700 164.3570 1
907.4660 164.3570 1
895.6420 164.3570 1
883.8180 164.3570 1
871.9940 164.3570 1
860.1710 164.3570 1
848.3470 164.3570 1
836.5240 164.3570 1
824.7000 164.3570 1
812.8760 164.3570 1
801.0530 164.3570 1
789.2290 164.3570 1
777.4050 164.3570 1
517.2850 164.3570 1
529.1080 164.3570 1
576.4030 164.3570 1
588.2270 164.3570 1
600.0500 164.3570 1
623.6980 164.3570 1
635.5210 164.3570 1
647.3450 164.3570 1
706.4630 164.3570 1
718.2870 164.3570 1
1498.6500 164.3570 1
1510.4700 164.3570 1
1557.7700 164.3570 1
1569.5900 164.3570 1
1581.4100 164.3570 1
1605.0600 164.3570 1
1616.8900 164.3570 1
1628.7100 164.3570 1
1687.8300 164.3570 1
1699.6500 164.3570 1
1882.9200 158.4520 1
1871.0900 158.4520 1
1859.2700 158.4520 1
1847.4500 158.4520 1
1835.6200 158.4520 1
1823.8000 158.4520 1
1811.9700 158.4520 1
1800.1500 158.4520 1
1788.3300 158.4520 1
1776.5000 158.4520 1
1764.6800 158.4520 1
1752.8600 158.4520 1
901.5540 158.4520 1
889.7300 158.4520 1
877.9060 158.4520 1
866.0830 158.4520 1
854.2590 158.4520 1
842.4350 158.4520 1
830.6120 158.4520 1
818.7880 158.4520 1
806.9640 158.4520 1
795.1410 158.4520 1
783.3170 158.4520 1
771.4940 158.4520 1
523.1960 158.4510 1
546.8440 158.4510 1
558.6680 158.4510 1
570.4910 158.4510 1
653.2570 158.4510 1
665.0810 158.4510 1
676.9040 158.4510 1
700.5510 158.4510 1
712.3750 158.4510 1
724.1990 158.4510 1
1504.5600 158.4510 1
1528.2100 158.4510 1
1540.0300 158.4510 1
1551.8500 158.4510 1
1634.6200 158.4510 1
1646.4400 158.4510 1
1658.2700 158.4510 1
1681.9200 158.4510 1
1693.7400 158.4510 1
1705.5600 158.4510 1
1888.8300 152.5470 1
1877.0100 152.5470 1
1865.1800 152.5470 1
1853.3600 152.5470 1
1841.5300 152.5470 1
1829.7100 152.5470 1
1817.8900 152.5470 1
1806.0600 152.5470 1
1794.2400 152.5470 1
1782.4200 152.5470 1
1770.5900 152.5470 1
1758.7700 152.5470 1
907.4660 152.5470 1
895.6420 152.5470 1
883.8180 152.5470 1
871.9940 152.5470 1
860.1710 152.5470 1
848.3470 152.5470 1
836.5240 152.5470 1
824.7000 152.5470 1
812.8760 152.5470 1
801.0530 152.5470 1
789.2290 152.5470 1
777.4050 152.5470 1
505.4610 152.5460 1
517.2850 152.5460 1
529.1080 152.5460 1
540.9320 152.5460 1
552.7560 152.5460 1
576.4030 152.5460 1
588.2270 152.5460 1
600.0500 152.5460 1
611.8740 152.5460 1
623.6980 152.5460 1
635.5210 152.5460 1
647.3450 152.5460 1
659.1690 152.5460 1
694.6400 152.5460 1
706.4630 152.5460 1
718.2870 152.5460 1
730.1110 152.5460 1
741.9340 152.5460 1
1486.8200 152.5460 1
1498.6500 152.5460 1
1510.4700 152.5460 1
1522.3000 152.5460 1
1534.1200 152.5460 1
1557.7700 152.5460 1
1569.5900 152.5460 1
1581.4100 152.5460 1
1593.2400 152.5460 1
1605.0600 152.5460 1
1616.8900 152.5460 1
1628.7100 152.5460 1
1640.5300 152.5460 1
1676.0000 152.5460 1
1687.8300 152.5460 1
1699.6500 152.5460 1
1711.4700 152.5460 1
1723.3000 152.5460 1
1888.8300 2048.0600 1
1877.0100 2048.0600 1
1865.1800 2048.0600 1
1853.3600 2048.0600 1
1841.5300 2048.0600 1
1829.7100 2048.0600 1
1817.8900 2048.0600 1
1806.0600 2048.0600 1
1794.2400 2048.0600 1
1782.4200 2048.0600 1
1770.5900 2048.0600 1
1758.7700 2048.0600 1
1723.3000 2048.0600 1
1711.4700 2048.0600 1
1664.1800 2048.0600 1
1640.5300 2048.0600 1
1616.8900 2048.0600 1
1605.0600 2048.0600 1
1569.5900 2048.0600 1
1557.7700 2048.0600 1
1534.1200 2048.0600 1
1522.3000 2048.0600 1
1510.4700 2048.0600 1
1498.6500 2048.0600 1
907.4660 2048.0600 1
895.6420 2048.0600 1
883.8180 2048.0600 1
871.9940 2048.0600 1
860.1710 2048.0600 1
848.3470 2048.0600 1
836.5240 2048.0600 1
824.7000 2048.0600 1
812.8760 2048.0600 1
801.0530 2048.0600 1
789.2290 2048.0600 1
777.4050 2048.0600 1
741.9340 2048.0600 1
730.1110 2048.0600 1
682.8160 2048.0600 1
659.1690 2048.0600 1
635.5210 2048.0600 1
623.6980 2048.0600 1
588.2270 2048.0600 1
576.4030 2048.0600 1
552.7560 2048.0600 1
540.9320 2048.0600 1
529.1080 2048.0600 1
517.2850 2048.0600 1
511.3730 2042.1600 1
523.1960 2042.1600 1
570.4910 2042.1600 1
582.3150 2042.1600 1
594.1380 2042.1600 1
629.6090 2042.1600 1
641.4330 2042.1600 1
700.5510 2042.1600 1
712.3750 2042.1600 1
771.4940 2042.1600 1
783.3170 2042.1600 1
795.1410 2042.1600 1
806.9640 2042.1600 1
818.7880 2042.1600 1
830.6120 2042.1600 1
842.4350 2042.1600 1
854.2590 2042.1600 1
866.0830 2042.1600 1
877.9060 2042.1600 1
889.7300 2042.1600 1
901.5540 2042.1600 1
1492.7400 2042.1600 1
1504.5600 2042.1600 1
1551.8500 2042.1600 1
1563.6800 2042.1600 1
1575.5000 2042.1600 1
1610.9700 2042.1600 1
1622.8000 2042.1600 1
1681.9200 2042.1600 1
1693.7400 2042.1600 1
1752.8600 2042.1600 1
1764.6800 2042.1600 1
1776.5000 2042.1600 1
1788.3300 2042.1600 1
1800.1500 2042.1600 1
1811.9700 2042.1600 1
1823.8000 2042.1600 1
1835.6200 2042.1600 1
1847.4500 2042.1600 1
1859.2700 2042.1600 1
1871.0900 2042.1600 1
1882.9200 2042.1600 1
1888.8300 2036.2500 1
1877.0100 2036.2500 1
1865.1800 2036.2500 1
1853.3600 2036.2500 1
1841.5300 2036.2500 1
1829.7100 2036.2500 1
1817.8900 2036.2500 1
1806.0600 2036.2500 1
1794.2400 2036.2500 1
1782.4200 2036.2500 1
1770.5900 2036.2500 1
1758.7700 2036.2500 1
1711.4700 2036.2500 1
1699.6500 2036.2500 1
1687.8300 2036.2500 1
1652.3600 2036.2500 1
1640.5300 2036.2500 1
1557.7700 2036.2500 1
1545.9400 2036.2500 1
1534.1200 2036.2500 1
1498.6500 2036.2500 1
907.4660 2036.2500 1
895.6420 2036.2500 1
883.8180 2036.2500 1
871.9940 2036.2500 1
860.1710 2036.2500 1
848.3470 2036.2500 1
836.5240 2036.2500 1
824.7000 2036.2500 1
812.8760 2036.2500 1
801.0530 2036.2500 1
789.2290 2036.2500 1
777.4050 2036.2500 1
730.1110 2036.2500 1
718.2870 2036.2500 1
706.4630 2036.2500 1
670.9920 2036.2500 1
659.1690 2036.2500 1
576.4030 2036.2500 1
564.5790 2036.2500 1
552.7560 2036.2500 1
517.2850 2036.2500 1
511.3730 2030.3500 1
523.1960 2030.3500 1
546.8440 2030.3500 1
558.6680 2030.3500 1
582.3150 2030.3500 1
605.9620 2030.3500 1
629.6090 2030.3500 1
653.2570 2030.3500 1
665.0810 2030.3500 1
688.7280 2030.3500 1
700.5510 2030.3500 1
712.3750 2030.3500 1
724.1990 2030.3500 1
736.0220 2030.3500 1
747.8460 2030.3500 1
771.4940 2030.3500 1
783.3170 2030.3500 1
795.1410 2030.3500 1
806.9640 2030.3500 1
818.7880 2030.3500 1
830.6120 2030.3500 1
842.4350 2030.3500 1
854.2590 2030.3500 1
866.0830 2030.3500 1
877.9060 2030.3500 1
889.7300 2030.3500 1
901.5540 2030.3500 1
1492.7400 2030.3500 1
1504.5600 2030.3500 1
1528.2100 2030.3500 1
1540.0300 2030.3500 1
1563.6800 2030.3500 1
1587.3300 2030.3500 1
1610.9700 2030.3500 1
1634.6200 2030.3500 1
1646.4400 2030.3500 1
1670.0900 2030.3500 1
1681.9200 2030.3500 1
1693.7400 2030.3500 1
1705.5600 2030.3500 1
1717.3900 2030.3500 1
1729.2100 2030.3500 1
1752.8600 2030.3500 1
1764.6800 2030.3500 1
1776.5000 2030.3500 1
1788.3300 2030.3500 1
1800.1500 2030.3500 1
1811.9700 2030.3500 1
1823.8000 2030.3500 1
1835.6200 2030.3500 1
1847.4500 2030.3500 1
1859.2700 2030.3500 1
1871.0900 2030.3500 1
1882.9200 2030.3500 1
1888.8300 170.2620 1
1877.0100 170.2620 1
1865.1800 170.2620 1
1853.3600 170.2620 1
1841.5300 170.2620 1
1829.7100 170.2620 1
1817.8900 170.2620 1
1806.0600 170.2620 1
1794.2400 170.2620 1
1782.4200 170.2620 1
1770.5900 170.2620 1
1758.7700 170.2620 1
907.4660 170.2620 1
895.6420 170.2620 1
883.8180 170.2620 1
871.9940 170.2620 1
860.1710 170.2620 1
848.3470 170.2620 1
836.5240 170.2620 1
824.7000 170.2620 1
812.8760 170.2620 1
801.0530 170.2620 1
789.2290 170.2620 1
777.4050 170.2620 1
517.2850 170.2610 1
529.1080 170.2610 1
540.9320 170.2610 1
552.7560 170.2610 1
576.4030 170.2610 1
588.2270 170.2610 1
623.6980 170.2610 1
635.5210 170.2610 1
659.1690 170.2610 1
682.8160 170.2610 1
730.1110 170.2610 1
741.9340 170.2610 1
1498.6500 170.2610 1
1510.4700 170.2610 1
1522.3000 170.2610 1
1534.1200 170.2610 1
1557.7700 170.2610 1
1569.5900 170.2610 1
1605.0600 170.2610 1
1616.8900 170.2610 1
1640.5300 170.2610 1
1664.1800 170.2610 1
1711.4700 170.2610 1
1723.3000 170.2610 1
1882.9200 164.3570 1
1871.0900 164.3570 1
1859.2700 164.3570 1
1847.4500 164.3570 1
1835.6200 164.3570 1
1823.8000 164.3570 1
1811.9700 164.3570 1
1800.1500 164.3570 1
1788.3300 164.3570 1
1776.5000 164.3570 1
1764.6800 164.3570 1
1752.8600 164.3570 1
901.5540 164.3570 1
889.7300 164.3570 1
877.9060 164.3570 1
866.0830 164.3570 1
854.2590 164.3570 1
842.4350 164.3570 1
830.6120 164.3570 1
818.7880 164.3570 1
806.9640 164.3570 1
795.1410 164.3570 1
783.3170 164.3570 1
771.4940 164.3570 1
511.3730 164.3570 1
523.1960 164.3570 1
570.4910 164.3570 1
582.3150 164.3570 1
594.1380 164.3570 1
629.6090 164.3570 1
641.4330 164.3570 1
700.5510 164.3570 1
712.3750 164.3570 1
1492.7400 164.3570 1
1504.5600 164.3570 1
1551.8500 164.3570 1
1563.6800 164.3570 1
1575.5000 164.3570 1
1610.9700 164.3570 1
1622.8000 164.3570 1
1681.9200 164.3570 1
1693.7400 164.3570 1
1888.8300 158.4520 1
1877.0100 158.4520 1
1865.1800 158.4520 1
1853.3600 158.4520 1
1841.5300 158.4520 1
1829.7100 158.4520 1
1817.8900 158.4520 1
1806.0600 158.4520 1
1794.2400 158.4520 1
1782.4200 158.4520 1
1770.5900 158.4520 1
1758.7700 158.4520 1
907.4660 158.4520 1
895.6420 158.4520 1
883.8180 158.4520 1
871.9940 158.4520 1
860.1710 158.4520 1
848.3470 158.4520 1
836.5240 158.4520 1
824.7000 158.4520 1
812.8760 158.4520 1
801.0530 158.4520 1
789.2290 158.4520 1
777.4050 158.4520 1
517.2850 158.4510 1
552.7560 158.4510 1
564.5790 158.4510 1
576.4030 158.4510 1
659.1690 158.4510 1
670.9920 158.4510 1
706.4630 158.4510 1
718.2870 158.4510 1
730.1110 158.4510 1
1498.6500 158.4510 1
1534.1200 158.4510 1
1545.9400 158.4510 1
1557.7700 158.4510 1
1640.5300 158.4510 1
1652.3600 158.4510 1
1687.8300 158.4510 1
1699.6500 158.4510 1
1711.4700 158.4510 1
1882.9200 152.5470 1
1871.0900 152.5470 1
1859.2700 152.5470 1
1847.4500 152.5470 1
1835.6200 152.5470 1
1823.8000 152.5470 1
1811.9700 152.5470 1
1800.1500 152.5470 1
1788.3300 152.5470 1
1776.5000 152.5470 1
1764.6800 152.5470 1
1752.8600 152.5470 1
901.5540 152.5470 1
889.7300 152.5470 1
877.9060 152.5470 1
866.0830 152.5470 1
854.2590 152.5470 1
842.4350 152.5470 1
830.6120 152.5470 1
818.7880 152.5470 1
806.9640 152.5470 1
795.1410 152.5470 1
783.3170 152.5470 1
771.4940 152.5470 1
511.3730 152.5460 1
523.1960 152.5460 1
546.8440 152.5460 1
558.6680 152.5460 1
582.3150 152.5460 1
605.9620 152.5460 1
629.6090 152.5460 1
653.2570 152.5460 1
665.0810 152.5460 1
688.7280 152.5460 1
700.5510 152.5460 1
712.3750 152.5460 1
724.1990 152.5460 1
736.0220 152.5460 1
747.8460 152.5460 1
1492.7400 152.5460 1
1504.5600 152.5460 1
1528.2100 152.5460 1
1540.0300 152.5460 1
1563.6800 152.5460 1
1587.3300 152.5460 1
1610.9700 152.5460 1
1634.6200 152.5460 1
1646.4400 152.5460 1
1670.0900 152.5460 1
1681.9200 152.5460 1
1693.7400 152.5460 1
1705.5600 152.5460 1
1717.3900 152.5460 1
1729.2100 152.5460 1
1885.8700 2051.0200 1
1874.0500 2051.0200 1
1862.2200 2051.0200 1
1850.4000 2051.0200 1
1838.5800 2051.0200 1
1826.7500 2051.0200 1
1814.9300 2051.0200 1
1803.1100 2051.0200 1
1791.2800 2051.0200 1
1779.4600 2051.0200 1
1767.6400 2051.0200 1
1755.8100 2051.0200 1
904.5100 2051.0200 1
892.6860 2051.0200 1
880.8620 2051.0200 1
869.0390 2051.0200 1
857.2150 2051.0200 1
845.3910 2051.0200 1
833.5680 2051.0200 1
821.7440 2051.0200 1
809.9200 2051.0200 1
798.0970 2051.0200 1
786.2730 2051.0200 1
774.4500 2051.0200 1
768.5380 2045.1100 1
780.3610 2045.1100 1
792.1850 2045.1100 1
804.0090 2045.1100 1
815.8320 2045.1100 1
827.6560 2045.1100 1
839.4790 2045.1100 1
851.3030 2045.1100 1
863.1270 2045.1100 1
874.9500 2045.1100 1
886.7740 2045.1100 1
898.5980 2045.1100 1
910.4220 2045.1100 1
1749.9000 2045.1100 1
1761.7200 2045.1100 1
1773.5500 2045.1100 1
1785.3700 2045.1100 1
1797.1900 2045.1100 1
1809.0200 2045.1100 1
1820.8400 2045.1100 1
1832.6700 2045.1100 1
1844.4900 2045.1100 1
1856.3100 2045.1100 1
1868.1400 2045.1100 1
1879.9600 2045.1100 1
1891.7800 2045.1100 1
1885.8700 2039.2100 1
1874.0500 2039.2100 1
1862.2200 2039.2100 1
1850.4000 2039.2100 1
1838.5800 2039.2100 1
1826.7500 2039.2100 1
1814.9300 2039.2100 1
1803.1100 2039.2100 1
1791.2800 2039.2100 1
1779.4600 2039.2100 1
1767.6400 2039.2100 1
1755.8100 2039.2100 1
904.5100 2039.2100 1
892.6860 2039.2100 1
880.8620 2039.2100 1
869.0390 2039.2100 1
857.2150 2039.2100 1
845.3910 2039.2100 1
833.5680 2039.2100 1
821.7440 2039.2100 1
809.9200 2039.2100 1
798.0970 2039.2100 1
786.2730 2039.2100 1
774.4500 2039.2100 1
768.5380 2033.3000 1
780.3610 2033.3000 1
792.1850 2033.3000 1
804.0090 2033.3000 1
815.8320 2033.3000 1
827.6560 2033.3000 1
839.4790 2033.3000 1
851.3030 2033.3000 1
863.1270 2033.3000 1
874.9500 2033.3000 1
886.7740 2033.3000 1
898.5980 2033.3000 1
910.4220 2033.3000 1
1749.9000 2033.3000 1
1761.7200 2033.3000 1
1773.5500 2033.3000 1
1785.3700 2033.3000 1
1797.1900 2033.3000 1
1809.0200 2033.3000 1
1820.8400 2033.3000 1
1832.6700 2033.3000 1
1844.4900 2033.3000 1
1856.3100 2033.3000 1
1868.1400 2033.3000 1
1879.9600 2033.3000 1
1891.7800 2033.3000 1
1885.8700 2027.4000 1
1874.0500 2027.4000 1
1862.2200 2027.4000 1
1850.4000 2027.4000 1
1838.5800 2027.4000 1
1826.7500 2027.4000 1
1814.9300 2027.4000 1
1803.1100 2027.4000 1
1791.2800 2027.4000 1
1779.4600 2027.4000 1
1767.6400 2027.4000 1
1755.8100 2027.4000 1
904.5100 2027.4000 1
892.6860 2027.4000 1
880.8620 2027.4000 1
869.0390 2027.4000 1
857.2150 2027.4000 1
845.3910 2027.4000 1
833.5680 2027.4000 1
821.7440 2027.4000 1
809.9200 2027.4000 1
798.0970 2027.4000 1
786.2730 2027.4000 1
774.4500 2027.4000 1
774.4500 173.2150 1
786.2730 173.2150 1
798.0970 173.2150 1
809.9200 173.2150 1
821.7440 173.2150 1
833.5680 173.2150 1
845.3910 173.2150 1
857.2150 173.2150 1
869.0390 173.2150 1
880.8620 173.2150 1
892.6860 173.2150 1
904.5100 173.2150 1
1755.8100 173.2150 1
1767.6400 173.2150 1
1779.4600 173.2150 1
1791.2800 173.2150 1
1803.1100 173.2150 1
1814.9300 173.2150 1
1826.7500 173.2150 1
1838.5800 173.2150 1
1850.4000 173.2150 1
1862.2200 173.2150 1
1874.0500 173.2150 1
1885.8700 173.2150 1
1891.7800 167.3100 1
1879.9600 167.3100 1
1868.1400 167.3100 1
1856.3100 167.3100 1
1844.4900 167.3100 1
1832.6700 167.3100 1
1820.8400 167.3100 1
1809.0200 167.3100 1
1797.1900 167.3100 1
1785.3700 167.3100 1
1773.5500 167.3100 1
1761.7200 167.3100 1
1749.9000 167.3100 1
910.4220 167.3100 1
898.5980 167.3100 1
886.7740 167.3100 1
874.9500 167.3100 1
863.1270 167.3100 1
851.3030 167.3100 1
839.4790 167.3100 1
827.6560 167.3100 1
815.8320 167.3100 1
804.0090 167.3100 1
792.1850 167.3100 1
780.3610 167.3100 1
768.5380 167.3100 1
774.4500 161.4050 1
786.2730 161.4050 1
798.0970 161.4050 1
809.9200 161.4050 1
821.7440 161.4050 1
833.5680 161.4050 1
845.3910 161.4050 1
857.2150 161.4050 1
869.0390 161.4050 1
880.8620 161.4050 1
892.6860 161.4050 1
904.5100 161.4050 1
1755.8100 161.4050 1
1767.6400 161.4050 1
1779.4600 161.4050 1
1791.2800 161.4050 1
1803.1100 161.4050 1
1814.9300 161.4050 1
1826.7500 161.4050 1
1838.5800 161.4050 1
1850.4000 161.4050 1
1862.2200 161.4050 1
1874.0500 161.4050 1
1885.8700 161.4050 1
1891.7800 155.5000 1
1879.9600 155.5000 1
1868.1400 155.5000 1
1856.3100 155.5000 1
1844.4900 155.5000 1
1832.6700 155.5000 1
1820.8400 155.5000 1
1809.0200 155.5000 1
1797.1900 155.5000 1
1785.3700 155.5000 1
1773.5500 155.5000 1
1761.7200 155.5000 1
1749.9000 155.5000 1
910.4220 155.5000 1
898.5980 155.5000 1
886.7740 155.5000 1
874.9500 155.5000 1
863.1270 155.5000 1
851.3030 155.5000 1
839.4790 155.5000 1
827.6560 155.5000 1
815.8320 155.5000 1
804.0090 155.5000 1
792.1850 155.5000 1
780.3610 155.5000 1
768.5380 155.5000 1
774.4500 149.5950 1
786.2730 149.5950 1
798.0970 149.5950 1
809.9200 149.5950 1
821.7440 149.5950 1
833.5680 149.5950 1
845.3910 149.5950 1
857.2150 149.5950 1
869.0390 149.5950 1
880.8620 149.5950 1
892.6860 149.5950 1
904.5100 149.5950 1
1755.8100 149.5950 1
1767.6400 149.5950 1
1779.4600 149.5950 1
1791.2800 149.5950 1
1803.1100 149.5950 1
1814.9300 149.5950 1
1826.7500 149.5950 1
1838.5800 149.5950 1
1850.4000 149.5950 1
1862.2200 149.5950 1
1874.0500 149.5950 1
1885.8700 149.5950 1
0.0000 0.0000 1
2104.6100 1968.3500 0