n 3796 
m 10 
tmax 1438.600 
2104.6100 1968.3500 0
1401.1000 1968.3500 25
295.5910 1968.3500 63
1235.5700 1956.5400 30
1347.9000 1962.4400 27
1401.1000 1944.7300 25
1211.9300 1944.7300 31
1211.9300 1932.9200 31
1353.8100 1932.9200 26
1300.6000 1927.0100 28
1176.4500 1921.1100 32
1211.9300 1921.1100 31
1377.4600 1921.1100 26
1330.1600 1909.3000 27
1306.5100 1909.3000 28
1235.5700 1909.3000 30
1152.8100 1909.3000 33
1152.8100 1897.4800 33
1235.5700 1897.4800 30
1306.5100 1897.4800 28
1377.4600 1885.6800 26
1306.5100 1885.6800 28
1129.1600 1885.6800 34
1129.1600 1873.8600 34
1377.4600 1873.8600 26
1667.1400 1749.8600 17
673.9480 1749.8600 50
738.9780 1743.9500 48
1732.1700 1743.9500 15
1850.4000 1720.3300 13
857.2150 1720.3300 44
366.5330 1490.0400 62
774.4500 1519.5600 49
1247.4000 1519.5600 34
1767.6400 1519.5600 20
2069.1400 1478.2300 17
1371.5400 1419.1800 32
1117.3300 1247.9300 42
1235.5700 1247.9300 39
1235.5700 1271.5500 39
1779.4600 1389.6500 23
1791.2800 1413.2700 22
1850.4000 1413.2700 21
1377.4600 1224.3100 36
1235.5700 1224.3100 40
331.0620 1147.5500 68
1755.8100 1153.4500 31
1743.9900 1141.6400 31
1229.6600 1005.8300 45
1217.8400 994.0140 46
1140.9800 799.1480 53
1200.1000 799.1480 51
1223.7500 799.1480 51
1247.4000 799.1480 50
1341.9800 799.1480 48
1377.4600 799.1480 48
1170.5400 793.2430 52
1200.1000 787.3380 52
1223.7500 787.3380 51
1330.1600 787.3380 49
1347.9000 781.4330 49
1182.3700 781.4330 52
1176.4500 775.5280 52
1223.7500 775.5280 51
1330.1600 775.5280 49
1324.2500 769.6230 50
1276.9500 769.6230 51
1194.1900 769.6230 52
1140.9800 763.7180 54
1200.1000 763.7180 52
1294.6900 763.7180 50
1341.9800 763.7180 49
1247.4000 751.9080 52
1223.7500 539.3260 58
1365.6300 598.3770 54
2104.6100 232.2640 60
295.5910 232.2640 87
1208.9700 1959.4900 31
1220.7900 1959.4900 31
1232.6200 1959.4900 30
1244.4400 1959.4900 30
1256.2600 1959.4900 30
1291.7300 1959.4900 28
1303.5600 1959.4900 28
1374.5000 1971.3000 26
1386.3200 1971.3000 25
1398.1500 1971.3000 25
1309.4700 1953.5800 28
1297.6500 1953.5800 28
1179.4100 1941.7700 32
1191.2300 1941.7700 32
1203.0600 1941.7700 31
1344.9400 1941.7700 27
1356.7700 1941.7700 26
1368.5900 1941.7700 26
1380.4100 1941.7700 25
1392.2400 1941.7700 25
1268.0900 1935.8700 29
1256.2600 1935.8700 30
1244.4400 1935.8700 30
1232.6200 1935.8700 30
1220.7900 1935.8700 31
1161.6700 1935.8700 33
1149.8500 1935.8700 33
1138.0300 1935.8700 34
1126.2000 1935.8700 34
1114.3800 1935.8700 35
1132.1100 1929.9600 34
1143.9400 1929.9600 34
1155.7600 1929.9600 33
1167.5900 1929.9600 33
1179.4100 1929.9600 32
1309.4700 1929.9600 28
1321.2900 1929.9600 27
1333.1200 1929.9600 27
1344.9400 1929.9600 27
1362.6800 1924.0600 26
1350.8500 1924.0600 26
1339.0300 1924.0600 27
1327.2000 1924.0600 27
1315.3800 1924.0600 28
1303.5600 1924.0600 28
1220.7900 1924.0600 31
1208.9700 1924.0600 31
1197.1500 1924.0600 32
1185.3200 1924.0600 32
1203.0600 1918.1500 32
1274.0000 1918.1500 29
1285.8200 1918.1500 29
1297.6500 1918.1500 28
1309.4700 1918.1500 28
1380.4100 1918.1500 25
1392.2400 1918.1500 25
1404.0600 1918.1500 25
1415.8800 1918.1500 24
1232.6200 1912.2500 31
1220.7900 1912.2500 31
1208.9700 1912.2500 31
1197.1500 1912.2500 32
1073.0000 1906.3400 36
1084.8200 1906.3400 36
1096.6400 1906.3400 35
1108.4700 1906.3400 35
1120.2900 1906.3400 34
1132.1100 1906.3400 34
1143.9400 1906.3400 34
1262.1800 1906.3400 30
1274.0000 1906.3400 29
1285.8200 1906.3400 29
1297.6500 1906.3400 28
1333.1200 1906.3400 27
1344.9400 1906.3400 27
1356.7700 1906.3400 26
1368.5900 1906.3400 26
1350.8500 1900.4400 27
1339.0300 1900.4400 27
1327.2000 1900.4400 27
1315.3800 1900.4400 28
1285.8200 1894.5300 29
1274.0000 1894.5300 29
1262.1800 1894.5300 30
1250.3500 1894.5300 30
1238.5300 1894.5300 30
1143.9400 1894.5300 34
1132.1100 1894.5300 34
1120.2900 1894.5300 34
1108.4700 1894.5300 35
1096.6400 1894.5300 35
1279.9100 1888.6300 29
1291.7300 1888.6300 29
1303.5600 1888.6300 28
1315.3800 1888.6300 28
1415.8800 1882.7200 24
1404.0600 1882.7200 25
1392.2400 1882.7200 25
1380.4100 1882.7200 26
1297.6500 1882.7200 28
1285.8200 1882.7200 29
1120.2900 1882.7200 34
1108.4700 1882.7200 35
1096.6400 1882.7200 35
1084.8200 1882.7200 36
1327.2000 1876.8200 27
1339.0300 1876.8200 27
1350.8500 1876.8200 27
1362.6800 1876.8200 26
1374.5000 1876.8200 26
1386.3200 1876.8200 25
1368.5900 1870.9100 26
1356.7700 1870.9100 26
1344.9400 1870.9100 27
1333.1200 1870.9100 27
1238.5300 1870.9100 30
1226.7000 1870.9100 31
1214.8800 1870.9100 31
1203.0600 1870.9100 32
1191.2300 1870.9100 32
1179.4100 1870.9100 32
1167.5900 1870.9100 33
1155.7600 1870.9100 33
1143.9400 1870.9100 34
1132.1100 1870.9100 34
1220.7900 1865.0100 31
1232.6200 1865.0100 31
1244.4400 1865.0100 30
1256.2600 1865.0100 30
1268.0900 1865.0100 29
1279.9100 1865.0100 29
1291.7300 1865.0100 29
1303.5600 1865.0100 28
1658.2700 1746.9100 18
665.0810 1746.9100 51
670.9920 1741.0000 50
682.8160 1741.0000 50
694.6400 1741.0000 50
706.4630 1741.0000 49
718.2870 1741.0000 49
730.1110 1741.0000 48
1664.1800 1741.0000 18
1676.0000 1741.0000 17
1687.8300 1741.0000 17
1699.6500 1741.0000 16
1711.4700 1741.0000 16
1723.3000 1741.0000 16
1871.0900 1723.2900 12
1859.2700 1723.2900 12
877.9060 1723.2900 43
866.0830 1723.2900 44
783.3170 1522.5200 48
795.1410 1522.5200 48
806.9640 1522.5200 48
818.7880 1522.5200 47
830.6120 1522.5200 47
1776.5100 1522.5200 20
1788.3300 1522.5200 19
1800.1500 1522.5200 19
1811.9800 1522.5200 19
1823.8000 1522.5200 19
1238.5300 1516.6100 34
1226.7000 1516.6100 34
1214.8800 1516.6100 35
1203.0600 1516.6100 35
1191.2300 1516.6100 36
1179.4100 1516.6100 36
1167.5900 1516.6100 36
1155.7600 1516.6100 37
1143.9400 1516.6100 37
1132.1100 1516.6100 37
1120.2900 1516.6100 38
1108.4700 1516.6100 38
1096.6400 1516.6100 38
1084.8200 1516.6100 39
1073.0000 1516.6100 39
1061.1700 1516.6100 40
1049.3500 1516.6100 40
1037.5300 1516.6100 40
1025.7000 1516.6100 41
1013.8800 1516.6100 41
1002.0500 1516.6100 41
990.2310 1516.6100 42
978.4070 1516.6100 42
966.5840 1516.6100 43
954.7600 1516.6100 43
942.9370 1516.6100 43
931.1130 1516.6100 44
919.2890 1516.6100 44
907.4660 1516.6100 44
895.6420 1516.6100 45
883.8180 1516.6100 45
871.9940 1516.6100 46
860.1710 1516.6100 46
848.3470 1516.6100 46
836.5240 1516.6100 47
824.7000 1516.6100 47
812.8760 1516.6100 47
801.0530 1516.6100 48
789.2290 1516.6100 48
777.4050 1516.6100 49
765.5810 1516.6100 49
753.7580 1516.6100 49
741.9340 1516.6100 50
730.1110 1516.6100 50
718.2870 1516.6100 51
706.4630 1516.6100 51
694.6400 1516.6100 51
682.8160 1516.6100 52
670.9920 1516.6100 52
659.1690 1516.6100 53
647.3450 1516.6100 53
635.5210 1516.6100 53
623.6980 1516.6100 54
611.8740 1516.6100 54
600.0500 1516.6100 54
588.2270 1516.6100 55
576.4030 1516.6100 55
564.5790 1516.6100 56
552.7560 1516.6100 56
540.9320 1516.6100 56
529.1080 1516.6100 57
517.2850 1516.6100 57
505.4610 1516.6100 58
493.6370 1516.6100 58
481.8140 1516.6100 58
469.9900 1516.6100 59
458.1660 1516.6100 59
446.3430 1516.6100 60
434.5190 1516.6100 60
422.6960 1516.6100 60
410.8720 1516.6100 61
399.0480 1516.6100 61
387.2240 1516.6100 62
375.4010 1516.6100 62
363.5770 1516.6100 62
351.7530 1516.6100 63
369.4890 1487.0800 62
381.3130 1487.0800 62
393.1360 1487.0800 62
404.9600 1487.0800 61
416.7840 1487.0800 61
428.6070 1487.0800 60
440.4310 1487.0800 60
452.2550 1487.0800 60
464.0780 1487.0800 59
475.9020 1487.0800 59
487.7250 1487.0800 58
499.5490 1487.0800 58
511.3730 1487.0800 58
523.1960 1487.0800 57
535.0200 1487.0800 57
546.8440 1487.0800 56
558.6680 1487.0800 56
570.4910 1487.0800 56
582.3150 1487.0800 55
594.1380 1487.0800 55
605.9620 1487.0800 55
617.7860 1487.0800 54
629.6090 1487.0800 54
641.4330 1487.0800 53
653.2570 1487.0800 53
665.0810 1487.0800 53
676.9040 1487.0800 52
688.7280 1487.0800 52
700.5510 1487.0800 51
712.3750 1487.0800 51
724.1990 1487.0800 51
736.0220 1487.0800 50
747.8460 1487.0800 50
759.6700 1487.0800 50
771.4940 1487.0800 49
783.3170 1487.0800 49
795.1410 1487.0800 48
806.9640 1487.0800 48
818.7880 1487.0800 48
830.6120 1487.0800 47
842.4350 1487.0800 47
854.2590 1487.0800 47
866.0830 1487.0800 46
877.9060 1487.0800 46
889.7300 1487.0800 45
901.5540 1487.0800 45
913.3770 1487.0800 45
925.2010 1487.0800 44
937.0250 1487.0800 44
948.8480 1487.0800 44
960.6720 1487.0800 43
972.4960 1487.0800 43
984.3190 1487.0800 42
996.1430 1487.0800 42
1007.9700 1487.0800 42
1019.7900 1487.0800 41
1031.6100 1487.0800 41
1043.4400 1487.0800 41
1055.2600 1487.0800 40
1067.0800 1487.0800 40
1078.9100 1487.0800 39
1090.7300 1487.0800 39
1102.5600 1487.0800 39
1114.3800 1487.0800 38
1126.2000 1487.0800 38
1138.0300 1487.0800 38
1149.8500 1487.0800 37
1161.6700 1487.0800 37
1173.5000 1487.0800 37
1185.3200 1487.0800 36
1197.1500 1487.0800 36
1208.9700 1487.0800 35
2060.2700 1475.2800 18
2048.4500 1475.2800 18
2036.6200 1475.2800 18
2024.8000 1475.2800 18
2012.9800 1475.2800 18
2001.1500 1475.2800 18
1989.3300 1475.2800 18
1977.5100 1475.2800 18
1965.6800 1475.2800 18
1953.8600 1475.2800 18
1942.0400 1475.2800 18
1930.2100 1475.2800 18
1918.3900 1475.2800 19
1906.5600 1475.2800 19
1894.7400 1475.2800 19
1882.9200 1475.2800 19
1871.0900 1475.2800 19
1859.2700 1475.2800 19
1847.4500 1475.2800 20
1835.6200 1475.2800 20
1823.8000 1475.2800 20
1811.9800 1475.2800 20
1800.1500 1475.2800 20
1788.3300 1475.2800 21
1776.5100 1475.2800 21
1764.6800 1475.2800 21
1752.8600 1475.2800 21
1741.0300 1475.2800 22
1729.2100 1475.2800 22
1717.3900 1475.2800 22
1705.5600 1475.2800 22
1693.7400 1475.2800 23
1681.9200 1475.2800 23
1670.0900 1475.2800 23
1658.2700 1475.2800 23
1646.4400 1475.2800 24
1634.6200 1475.2800 24
1622.8000 1475.2800 24
1610.9700 1475.2800 24
1599.1500 1475.2800 25
1587.3300 1475.2800 25
1575.5000 1475.2800 25
1563.6800 1475.2800 26
1551.8500 1475.2800 26
1540.0300 1475.2800 26
1528.2100 1475.2800 27
1516.3800 1475.2800 27
1504.5600 1475.2800 27
1492.7400 1475.2800 28
1480.9100 1475.2800 28
1469.0900 1475.2800 28
1457.2700 1475.2800 28
1445.4400 1475.2800 29
1433.6200 1475.2800 29
1421.8000 1475.2800 29
1409.9700 1475.2800 30
1398.1500 1475.2800 30
1386.3200 1475.2800 30
1374.5000 1475.2800 31
1362.6800 1475.2800 31
1350.8500 1475.2800 31
1339.0300 1475.2800 32
1327.2000 1475.2800 32
1315.3800 1475.2800 32
1303.5600 1475.2800 33
1291.7300 1475.2800 33
1279.9100 1475.2800 34
1268.0900 1475.2800 34
1256.2600 1475.2800 34
1244.4400 1475.2800 35
1232.6200 1475.2800 35
1220.7900 1475.2800 35
1250.3500 1445.7500 35
1262.1800 1445.7500 35
1274.0000 1445.7500 34
1285.8200 1445.7500 34
1297.6500 1445.7500 34
1309.4700 1445.7500 33
1321.2900 1445.7500 33
1333.1200 1445.7500 33
1344.9400 1445.7500 32
1356.7700 1445.7500 32
1368.5900 1445.7500 32
1380.4100 1445.7500 31
1392.2400 1445.7500 31
1404.0600 1445.7500 31
1415.8800 1445.7500 30
1427.7100 1445.7500 30
1439.5300 1445.7500 30
1451.3500 1445.7500 29
1463.1800 1445.7500 29
1475.0000 1445.7500 29
1486.8200 1445.7500 28
1498.6500 1445.7500 28
1510.4700 1445.7500 28
1522.3000 1445.7500 27
1534.1200 1445.7500 27
1545.9400 1445.7500 27
1557.7700 1445.7500 26
1569.5900 1445.7500 26
1581.4100 1445.7500 26
1593.2400 1445.7500 26
1605.0600 1445.7500 25
1616.8900 1445.7500 25
1628.7100 1445.7500 25
1640.5300 1445.7500 25
1652.3600 1445.7500 24
1664.1800 1445.7500 24
1676.0000 1445.7500 24
1687.8300 1445.7500 23
1699.6500 1445.7500 23
1711.4700 1445.7500 23
1723.3000 1445.7500 23
1735.1200 1445.7500 22
1746.9500 1445.7500 22
1758.7700 1445.7500 22
1770.5900 1445.7500 22
1782.4200 1445.7500 22
1788.3300 1416.2200 22
1776.5100 1416.2200 23
1764.6800 1416.2200 23
1752.8600 1416.2200 23
1741.0300 1416.2200 23
1729.2100 1416.2200 23
1717.3900 1416.2200 24
1705.5600 1416.2200 24
1693.7400 1416.2200 24
1681.9200 1416.2200 24
1670.0900 1416.2200 25
1658.2700 1416.2200 25
1646.4400 1416.2200 25
1362.6800 1416.2200 32
1350.8500 1416.2200 33
1339.0300 1416.2200 33
1327.2000 1416.2200 33
1315.3800 1416.2200 34
1303.5600 1416.2200 34
1291.7300 1416.2200 34
1368.5900 1410.3200 32
1380.4100 1410.3200 32
1392.2400 1410.3200 32
1404.0600 1410.3200 31
1415.8800 1410.3200 31
1427.7100 1410.3200 31
1439.5300 1410.3200 30
1451.3500 1410.3200 30
1463.1800 1410.3200 30
1475.0000 1410.3200 29
1486.8200 1410.3200 29
1498.6500 1410.3200 29
1510.4700 1410.3200 28
1522.3000 1410.3200 28
1534.1200 1410.3200 28
1545.9400 1410.3200 28
1557.7700 1410.3200 27
1569.5900 1410.3200 27
1581.4100 1410.3200 27
1593.2400 1410.3200 27
1605.0600 1410.3200 26
1616.8900 1410.3200 26
1628.7100 1410.3200 26
1640.5300 1410.3200 25
1652.3600 1410.3200 25
1664.1800 1410.3200 25
1676.0000 1410.3200 25
1687.8300 1410.3200 24
1699.6500 1410.3200 24
1711.4700 1410.3200 24
1723.3000 1410.3200 24
1735.1200 1410.3200 23
1746.9500 1410.3200 23
1758.7700 1410.3200 23
1770.5900 1410.3200 23
1782.4200 1410.3200 23
1794.2400 1410.3200 22
1806.0600 1410.3200 22
1817.8900 1410.3200 22
1829.7100 1410.3200 22
1841.5400 1410.3200 22
1794.2400 1398.5100 23
1782.4200 1398.5100 23
1770.5900 1398.5100 23
1758.7700 1398.5100 23
1746.9500 1398.5100 24
1735.1200 1398.5100 24
1723.3000 1398.5100 24
1711.4700 1398.5100 24
1699.6500 1398.5100 25
1687.8300 1398.5100 25
1676.0000 1398.5100 25
1664.1800 1398.5100 25
1652.3600 1398.5100 25
1640.5300 1398.5100 26
1788.3300 1392.6000 23
1800.1500 1392.6000 23
1811.9800 1392.6000 23
1811.9800 1274.5000 26
1800.1500 1274.5000 27
1788.3300 1274.5000 27
1776.5100 1274.5000 27
1764.6800 1274.5000 27
1752.8600 1274.5000 27
1741.0300 1274.5000 27
1729.2100 1274.5000 28
1717.3900 1274.5000 28
1705.5600 1274.5000 28
1693.7400 1274.5000 28
1681.9200 1274.5000 28
1670.0900 1274.5000 29
1658.2700 1274.5000 29
1646.4400 1274.5000 29
1634.6200 1274.5000 29
1622.8000 1274.5000 30
1610.9700 1274.5000 30
1599.1500 1274.5000 30
1587.3300 1274.5000 30
1575.5000 1274.5000 30
1563.6800 1274.5000 31
1551.8500 1274.5000 31
1540.0300 1274.5000 31
1528.2100 1274.5000 31
1516.3800 1274.5000 32
1504.5600 1274.5000 32
1492.7400 1274.5000 32
1480.9100 1274.5000 33
1469.0900 1274.5000 33
1457.2700 1274.5000 33
1445.4400 1274.5000 33
1433.6200 1274.5000 34
1421.8000 1274.5000 34
1409.9700 1274.5000 34
1398.1500 1274.5000 35
1386.3200 1274.5000 35
1374.5000 1274.5000 35
1362.6800 1274.5000 35
1350.8500 1274.5000 36
1339.0300 1274.5000 36
1327.2000 1274.5000 36
1315.3800 1274.5000 37
1303.5600 1274.5000 37
1291.7300 1274.5000 37
1279.9100 1274.5000 38
1268.0900 1274.5000 38
1256.2600 1274.5000 38
1244.4400 1274.5000 38
1126.2000 1250.8800 42
1138.0300 1250.8800 42
1149.8500 1250.8800 42
1161.6700 1250.8800 41
1173.5000 1250.8800 41
1185.3200 1250.8800 41
1197.1500 1250.8800 40
1208.9700 1250.8800 40
1220.7900 1250.8800 40
1232.6200 1250.8800 39
1244.4400 1250.8800 39
1256.2600 1250.8800 39
1268.0900 1250.8800 38
1279.9100 1250.8800 38
1291.7300 1250.8800 38
1303.5600 1250.8800 37
1315.3800 1250.8800 37
1327.2000 1250.8800 37
1339.0300 1250.8800 37
1350.8500 1250.8800 36
1362.6800 1250.8800 36
1374.5000 1250.8800 36
1386.3200 1250.8800 35
1398.1500 1250.8800 35
1409.9700 1250.8800 35
1421.8000 1250.8800 35
1433.6200 1250.8800 34
1445.4400 1250.8800 34
1457.2700 1250.8800 34
1469.0900 1250.8800 33
1480.9100 1250.8800 33
1492.7400 1250.8800 33
1504.5600 1250.8800 33
1516.3800 1250.8800 32
1528.2100 1250.8800 32
1540.0300 1250.8800 32
1551.8500 1250.8800 32
1563.6800 1250.8800 31
1575.5000 1250.8800 31
1587.3300 1250.8800 31
1599.1500 1250.8800 31
1610.9700 1250.8800 30
1622.8000 1250.8800 30
1634.6200 1250.8800 30
1646.4400 1250.8800 30
1658.2700 1250.8800 30
1670.0900 1250.8800 29
1681.9200 1250.8800 29
1693.7400 1250.8800 29
1705.5600 1250.8800 29
1717.3900 1250.8800 28
1729.2100 1250.8800 28
1741.0300 1250.8800 28
1806.0600 1244.9800 27
1794.2400 1244.9800 28
1782.4200 1244.9800 28
1770.5900 1244.9800 28
1758.7700 1244.9800 28
1746.9500 1244.9800 28
1735.1200 1244.9800 28
1723.3000 1244.9800 29
1711.4700 1244.9800 29
1699.6500 1244.9800 29
1687.8300 1244.9800 29
1676.0000 1244.9800 29
1664.1800 1244.9800 30
1652.3600 1244.9800 30
1640.5300 1244.9800 30
1628.7100 1244.9800 30
1616.8900 1244.9800 30
1605.0600 1244.9800 31
1593.2400 1244.9800 31
1581.4100 1244.9800 31
1569.5900 1244.9800 31
1557.7700 1244.9800 32
1545.9400 1244.9800 32
1534.1200 1244.9800 32
1522.3000 1244.9800 32
1510.4700 1244.9800 33
1498.6500 1244.9800 33
1486.8200 1244.9800 33
1475.0000 1244.9800 33
1463.1800 1244.9800 34
1451.3500 1244.9800 34
1439.5300 1244.9800 34
1427.7100 1244.9800 35
1415.8800 1244.9800 35
1404.0600 1244.9800 35
1392.2400 1244.9800 35
1380.4100 1244.9800 36
1368.5900 1244.9800 36
1356.7700 1244.9800 36
1344.9400 1244.9800 37
1333.1200 1244.9800 37
1321.2900 1244.9800 37
1309.4700 1244.9800 37
1297.6500 1244.9800 38
1285.8200 1244.9800 38
1274.0000 1244.9800 38
1262.1800 1244.9800 39
1250.3500 1244.9800 39
1238.5300 1244.9800 39
1244.4400 1227.2600 39
1256.2600 1227.2600 39
1268.0900 1227.2600 39
1279.9100 1227.2600 39
1291.7300 1227.2600 38
1303.5600 1227.2600 38
1315.3800 1227.2600 38
1327.2000 1227.2600 37
1339.0300 1227.2600 37
1350.8500 1227.2600 37
1362.6800 1227.2600 37
1374.5000 1227.2600 36
1386.3200 1227.2600 36
1398.1500 1227.2600 36
1409.9700 1227.2600 35
1421.8000 1227.2600 35
1433.6200 1227.2600 35
1445.4400 1227.2600 35
1457.2700 1227.2600 34
1469.0900 1227.2600 34
1480.9100 1227.2600 34
1492.7400 1227.2600 34
1504.5600 1227.2600 33
1516.3800 1227.2600 33
1528.2100 1227.2600 33
1540.0300 1227.2600 33
1551.8500 1227.2600 32
1563.6800 1227.2600 32
1575.5000 1227.2600 32
1587.3300 1227.2600 32
1599.1500 1227.2600 31
1610.9700 1227.2600 31
1622.8000 1227.2600 31
1634.6200 1227.2600 31
1646.4400 1227.2600 30
1658.2700 1227.2600 30
1670.0900 1227.2600 30
1681.9200 1227.2600 30
1693.7400 1227.2600 30
1705.5600 1227.2600 29
1717.3900 1227.2600 29
1729.2100 1227.2600 29
1741.0300 1227.2600 29
1752.8600 1227.2600 29
1764.6800 1227.2600 28
1776.5100 1227.2600 28
1788.3300 1227.2600 28
1853.3600 1221.3600 28
1841.5400 1221.3600 28
1829.7100 1221.3600 28
1817.8900 1221.3600 28
1806.0600 1221.3600 28
1794.2400 1221.3600 28
1782.4200 1221.3600 28
1770.5900 1221.3600 29
1758.7700 1221.3600 29
1746.9500 1221.3600 29
1735.1200 1221.3600 29
1723.3000 1221.3600 29
1711.4700 1221.3600 29
1699.6500 1221.3600 30
1687.8300 1221.3600 30
1676.0000 1221.3600 30
1664.1800 1221.3600 30
1652.3600 1221.3600 30
1640.5300 1221.3600 31
1628.7100 1221.3600 31
1616.8900 1221.3600 31
1605.0600 1221.3600 31
1593.2400 1221.3600 32
1581.4100 1221.3600 32
1569.5900 1221.3600 32
1557.7700 1221.3600 32
1545.9400 1221.3600 33
1534.1200 1221.3600 33
1522.3000 1221.3600 33
1510.4700 1221.3600 33
1498.6500 1221.3600 34
1486.8200 1221.3600 34
1475.0000 1221.3600 34
1463.1800 1221.3600 34
1451.3500 1221.3600 35
1439.5300 1221.3600 35
1427.7100 1221.3600 35
1415.8800 1221.3600 35
1404.0600 1221.3600 36
1392.2400 1221.3600 36
1380.4100 1221.3600 36
1138.0300 1156.4000 44
1149.8500 1156.4000 44
1161.6700 1156.4000 43
1173.5000 1156.4000 43
1185.3200 1156.4000 43
1197.1500 1156.4000 42
1208.9700 1156.4000 42
1220.7900 1156.4000 42
1232.6200 1156.4000 41
1244.4400 1156.4000 41
1256.2600 1156.4000 41
1268.0900 1156.4000 41
1279.9100 1156.4000 40
1291.7300 1156.4000 40
1303.5600 1156.4000 40
1315.3800 1156.4000 39
1327.2000 1156.4000 39
1339.0300 1156.4000 39
1350.8500 1156.4000 39
1362.6800 1156.4000 38
1374.5000 1156.4000 38
1386.3200 1156.4000 38
1398.1500 1156.4000 37
1409.9700 1156.4000 37
1421.8000 1156.4000 37
1433.6200 1156.4000 37
1445.4400 1156.4000 36
1457.2700 1156.4000 36
1469.0900 1156.4000 36
1480.9100 1156.4000 36
1492.7400 1156.4000 35
1504.5600 1156.4000 35
1516.3800 1156.4000 35
1528.2100 1156.4000 35
1540.0300 1156.4000 34
1551.8500 1156.4000 34
1563.6800 1156.4000 34
1575.5000 1156.4000 34
1587.3300 1156.4000 34
1599.1500 1156.4000 33
1610.9700 1156.4000 33
1622.8000 1156.4000 33
1634.6200 1156.4000 33
1646.4400 1156.4000 33
1658.2700 1156.4000 32
1670.0900 1156.4000 32
1681.9200 1156.4000 32
1693.7400 1156.4000 32
1705.5600 1156.4000 32
1717.3900 1156.4000 31
1729.2100 1156.4000 31
1741.0300 1156.4000 31
1752.8600 1156.4000 31
1226.7000 1150.5000 42
1214.8800 1150.5000 42
1203.0600 1150.5000 42
1191.2300 1150.5000 43
1179.4100 1150.5000 43
1167.5900 1150.5000 43
1155.7600 1150.5000 44
1143.9400 1150.5000 44
1132.1100 1150.5000 44
1120.2900 1150.5000 44
1108.4700 1150.5000 45
1096.6400 1150.5000 45
1084.8200 1150.5000 45
1073.0000 1150.5000 46
1061.1700 1150.5000 46
1049.3500 1150.5000 46
1037.5300 1150.5000 47
1025.7000 1150.5000 47
1013.8800 1150.5000 47
1002.0500 1150.5000 48
990.2310 1150.5000 48
978.4070 1150.5000 48
966.5840 1150.5000 49
954.7600 1150.5000 49
942.9370 1150.5000 49
931.1130 1150.5000 50
919.2890 1150.5000 50
907.4660 1150.5000 50
895.6420 1150.5000 51
883.8180 1150.5000 51
871.9940 1150.5000 51
860.1710 1150.5000 52
848.3470 1150.5000 52
836.5240 1150.5000 52
824.7000 1150.5000 53
812.8760 1150.5000 53
801.0530 1150.5000 53
789.2290 1150.5000 54
777.4050 1150.5000 54
765.5810 1150.5000 54
753.7580 1150.5000 55
741.9340 1150.5000 55
730.1110 1150.5000 55
718.2870 1150.5000 56
706.4630 1150.5000 56
694.6400 1150.5000 56
682.8160 1150.5000 57
670.9920 1150.5000 57
659.1690 1150.5000 58
647.3450 1150.5000 58
635.5210 1150.5000 58
623.6980 1150.5000 59
611.8740 1150.5000 59
600.0500 1150.5000 59
588.2270 1150.5000 60
576.4030 1150.5000 60
564.5790 1150.5000 60
552.7560 1150.5000 61
540.9320 1150.5000 61
529.1080 1150.5000 61
517.2850 1150.5000 62
505.4610 1150.5000 62
493.6370 1150.5000 63
481.8140 1150.5000 63
469.9900 1150.5000 63
458.1660 1150.5000 64
446.3430 1150.5000 64
434.5190 1150.5000 64
422.6960 1150.5000 65
410.8720 1150.5000 65
399.0480 1150.5000 65
387.2240 1150.5000 66
375.4010 1150.5000 66
363.5770 1150.5000 67
351.7530 1150.5000 67
339.9300 1150.5000 67
1126.2000 1144.5900 44
1138.0300 1144.5900 44
1149.8500 1144.5900 44
1161.6700 1144.5900 44
1173.5000 1144.5900 43
1185.3200 1144.5900 43
1197.1500 1144.5900 43
1208.9700 1144.5900 42
1220.7900 1144.5900 42
1232.6200 1144.5900 42
1244.4400 1144.5900 41
1256.2600 1144.5900 41
1268.0900 1144.5900 41
1279.9100 1144.5900 41
1291.7300 1144.5900 40
1303.5600 1144.5900 40
1315.3800 1144.5900 40
1327.2000 1144.5900 39
1339.0300 1144.5900 39
1350.8500 1144.5900 39
1362.6800 1144.5900 39
1374.5000 1144.5900 38
1386.3200 1144.5900 38
1398.1500 1144.5900 38
1409.9700 1144.5900 38
1421.8000 1144.5900 37
1433.6200 1144.5900 37
1445.4400 1144.5900 37
1457.2700 1144.5900 37
1469.0900 1144.5900 36
1480.9100 1144.5900 36
1492.7400 1144.5900 36
1504.5600 1144.5900 36
1516.3800 1144.5900 35
1528.2100 1144.5900 35
1540.0300 1144.5900 35
1551.8500 1144.5900 35
1563.6800 1144.5900 34
1575.5000 1144.5900 34
1587.3300 1144.5900 34
1599.1500 1144.5900 34
1610.9700 1144.5900 33
1622.8000 1144.5900 33
1634.6200 1144.5900 33
1646.4400 1144.5900 33
1658.2700 1144.5900 33
1670.0900 1144.5900 32
1681.9200 1144.5900 32
1693.7400 1144.5900 32
1705.5600 1144.5900 32
1717.3900 1144.5900 32
1729.2100 1144.5900 32
1741.0300 1144.5900 31
1220.7900 1002.8700 45
1208.9700 1002.8700 46
1197.1500 1002.8700 46
1185.3200 1002.8700 46
1173.5000 1002.8700 47
1226.7000 996.9670 45
1238.5300 996.9670 45
1250.3500 996.9670 45
1409.9700 802.1010 47
1398.1500 802.1010 47
1386.3200 802.1010 48
1374.5000 802.1010 48
1362.6800 802.1010 48
1350.8500 802.1010 48
1303.5600 802.1010 49
1291.7300 802.1010 49
1279.9100 802.1010 50
1268.0900 802.1010 50
1256.2600 802.1010 50
1220.7900 802.1010 51
1208.9700 802.1010 51
1197.1500 802.1010 51
1185.3200 802.1010 52
1173.5000 802.1010 52
1138.0300 802.1010 53
1126.2000 802.1010 53
1114.3800 802.1010 53
1102.5600 802.1010 53
1090.7300 802.1010 54
1078.9100 802.1010 54
1084.8200 796.1960 54
1096.6400 796.1960 54
1108.4700 796.1960 53
1120.2900 796.1960 53
1132.1100 796.1960 53
1143.9400 796.1960 53
1155.7600 796.1960 52
1167.5900 796.1960 52
1179.4100 796.1960 52
1191.2300 796.1960 52
1226.7000 796.1960 51
1238.5300 796.1960 51
1250.3500 796.1960 50
1262.1800 796.1960 50
1274.0000 796.1960 50
1285.8200 796.1960 50
1344.9400 796.1960 48
1356.7700 796.1960 48
1368.5900 796.1960 48
1386.3200 790.2900 48
1374.5000 790.2900 48
1362.6800 790.2900 48
1350.8500 790.2900 49
1339.0300 790.2900 49
1268.0900 790.2900 50
1256.2600 790.2900 50
1244.4400 790.2900 51
1232.6200 790.2900 51
1161.6700 790.2900 52
1149.8500 790.2900 53
1138.0300 790.2900 53
1126.2000 790.2900 53
1203.0600 784.3860 52
1214.8800 784.3860 51
1226.7000 784.3860 51
1238.5300 784.3860 51
1285.8200 784.3860 50
1297.6500 784.3860 50
1309.4700 784.3860 49
1321.2900 784.3860 49
1333.1200 784.3860 49
1344.9400 784.3860 49
1374.5000 778.4810 48
1362.6800 778.4810 49
1350.8500 778.4810 49
1256.2600 778.4810 51
1244.4400 778.4810 51
1232.6200 778.4810 51
1173.5000 778.4810 52
1161.6700 778.4810 53
1149.8500 778.4810 53
1138.0300 778.4810 53
1126.2000 778.4810 53
1114.3800 778.4810 54
1102.5600 778.4810 54
1090.7300 778.4810 54
1078.9100 778.4810 54
1067.0800 778.4810 55
1055.2600 778.4810 55
1043.4400 778.4810 55
1031.6100 778.4810 56
1019.7900 778.4810 56
1007.9700 778.4810 56
996.1430 778.4810 56
984.3190 778.4810 57
972.4960 778.4810 57
960.6720 778.4810 57
948.8480 778.4810 57
937.0250 778.4810 58
925.2010 778.4810 58
913.3770 778.4810 58
901.5540 778.4810 59
889.7300 778.4810 59
877.9060 778.4810 59
866.0830 778.4810 59
854.2590 778.4810 60
842.4350 778.4810 60
830.6120 778.4810 60
818.7880 778.4810 61
806.9640 778.4810 61
795.1410 778.4810 61
783.3170 778.4810 62
771.4940 778.4810 62
759.6700 778.4810 62
747.8460 778.4810 63
736.0220 778.4810 63
1167.5900 772.5760 53
1285.8200 772.5760 50
1297.6500 772.5760 50
1309.4700 772.5760 50
1321.2900 772.5760 50
1333.1200 772.5760 49
1344.9400 772.5760 49
1356.7700 772.5760 49
1368.5900 772.5760 49
1380.4100 772.5760 49
1392.2400 772.5760 48
1404.0600 772.5760 48
1415.8800 772.5760 48
1327.2000 766.6700 50
1315.3800 766.6700 50
1232.6200 766.6700 52
1220.7900 766.6700 52
1208.9700 766.6700 52
1197.1500 766.6700 52
1096.6400 760.7650 55
1108.4700 760.7650 54
1120.2900 760.7650 54
1132.1100 760.7650 54
1203.0600 760.7650 52
1214.8800 760.7650 52
1226.7000 760.7650 52
1238.5300 760.7650 52
1262.1800 760.7650 51
1274.0000 760.7650 51
1285.8200 760.7650 51
1344.9400 760.7650 50
1327.2000 754.8610 50
1315.3800 754.8610 50
1208.9700 754.8610 52
1197.1500 754.8610 53
1149.8500 754.8610 54
1138.0300 754.8610 54
1132.1100 748.9550 54
1143.9400 748.9550 54
1155.7600 748.9550 54
1226.7000 748.9550 52
1238.5300 748.9550 52
1362.6800 743.0500 50
1279.9100 743.0500 51
1268.0900 743.0500 51
1161.6700 731.2400 54
1149.8500 731.2400 54
1138.0300 731.2400 54
1126.2000 731.2400 55
1114.3800 731.2400 55
1380.4100 725.3350 50
1392.2400 725.3350 50
1404.0600 725.3350 50
1398.1500 719.4300 50
1386.3200 719.4300 50
1374.5000 719.4300 50
1362.6800 719.4300 50
789.2290 548.1840 67
801.0530 548.1840 67
812.8760 548.1840 66
824.7000 548.1840 66
836.5240 548.1840 66
848.3470 548.1840 66
860.1710 548.1840 65
871.9940 548.1840 65
883.8180 548.1840 65
895.6420 548.1840 65
907.4660 548.1840 64
919.2890 548.1840 64
931.1130 548.1840 64
942.9370 548.1840 64
954.7600 548.1840 63
966.5840 548.1840 63
978.4070 548.1840 63
990.2310 548.1840 63
1002.0500 548.1840 62
1013.8800 548.1840 62
1025.7000 548.1840 62
1037.5300 548.1840 62
1049.3500 548.1840 61
1061.1700 548.1840 61
1073.0000 548.1840 61
1084.8200 548.1840 61
1096.6400 548.1840 60
1108.4700 548.1840 60
1120.2900 548.1840 60
1132.1100 548.1840 60
1143.9400 548.1840 59
1155.7600 548.1840 59
1167.5900 548.1840 59
1179.4100 548.1840 59
1191.2300 548.1840 59
1203.0600 548.1840 58
1214.8800 548.1840 58
1226.7000 548.1840 58
1374.5000 601.3290 54
1386.3200 601.3290 54
1398.1500 601.3290 53
1409.9700 601.3290 53
1421.8000 601.3290 53
1433.6200 601.3290 53
1445.4400 601.3290 53
1457.2700 601.3290 52
1469.0900 601.3290 52
1480.9100 601.3290 52
1492.7400 601.3290 52
1504.5600 601.3290 52
1516.3800 601.3290 52
1528.2100 601.3290 51
1540.0300 601.3290 51
1551.8500 601.3290 51
1563.6800 601.3290 51
1575.5000 601.3290 51
1587.3300 601.3290 51
1599.1500 601.3290 51
1610.9700 601.3290 50
1622.8000 601.3290 50
1634.6200 601.3290 50
1646.4400 601.3290 50
1658.2700 601.3290 50
1670.0900 601.3290 50
1681.9200 601.3290 50
1693.7400 601.3290 50
1705.5600 601.3290 49
1717.3900 601.3290 49
1729.2100 601.3290 49
1741.0300 601.3290 49
1752.8600 601.3290 49
1764.6800 601.3290 49
1776.5100 601.3290 49
1788.3300 601.3290 49
1800.1500 601.3290 49
1811.9800 601.3290 49
1823.8000 601.3290 48
1835.6200 601.3290 48
1847.4500 601.3290 48
1859.2700 601.3290 48
1871.0900 601.3290 48
1882.9200 601.3290 48
1894.7400 601.3290 48
1906.5600 601.3290 48
1918.3900 601.3290 48
1930.2100 601.3290 48
1942.0400 601.3290 48
1953.8600 601.3290 48
1965.6800 601.3290 48
1977.5100 601.3290 48
1989.3300 601.3290 48
2001.1500 601.3290 48
2012.9800 601.3290 48
2024.8000 601.3290 48
2036.6200 601.3290 48
2048.4500 601.3290 47
2060.2700 601.3290 47
2072.1000 601.3290 47
2083.9200 601.3290 47
1214.8800 536.3740 58
1203.0600 536.3740 59
1191.2300 536.3740 59
1179.4100 536.3740 59
1214.8800 1959.4900 31
1226.7000 1959.4900 31
1238.5300 1959.4900 30
1250.3500 1959.4900 30
1262.1800 1959.4900 29
1285.8200 1959.4900 29
1297.6500 1959.4900 28
1350.8500 1965.3900 26
1380.4100 1971.3000 25
1392.2400 1971.3000 25
1303.5600 1953.5800 28
1173.5000 1941.7700 32
1185.3200 1941.7700 32
1197.1500 1941.7700 32
1208.9700 1941.7700 31
1339.0300 1941.7700 27
1350.8500 1941.7700 26
1362.6800 1941.7700 26
1374.5000 1941.7700 26
1386.3200 1941.7700 25
1398.1500 1941.7700 25
1262.1800 1935.8700 29
1250.3500 1935.8700 30
1238.5300 1935.8700 30
1226.7000 1935.8700 31
1214.8800 1935.8700 31
1155.7600 1935.8700 33
1143.9400 1935.8700 34
1132.1100 1935.8700 34
1120.2900 1935.8700 34
1108.4700 1935.8700 35
1138.0300 1929.9600 34
1149.8500 1929.9600 33
1161.6700 1929.9600 33
1173.5000 1929.9600 33
1185.3200 1929.9600 32
1303.5600 1929.9600 28
1315.3800 1929.9600 28
1327.2000 1929.9600 27
1339.0300 1929.9600 27
1350.8500 1929.9600 26
1356.7700 1924.0600 26
1344.9400 1924.0600 27
1333.1200 1924.0600 27
1321.2900 1924.0600 27
1309.4700 1924.0600 28
1214.8800 1924.0600 31
1203.0600 1924.0600 32
1191.2300 1924.0600 32
1179.4100 1924.0600 32
1197.1500 1918.1500 32
1208.9700 1918.1500 31
1279.9100 1918.1500 29
1291.7300 1918.1500 28
1303.5600 1918.1500 28
1386.3200 1918.1500 25
1398.1500 1918.1500 25
1409.9700 1918.1500 24
1226.7000 1912.2500 31
1214.8800 1912.2500 31
1203.0600 1912.2500 32
1191.2300 1912.2500 32
1078.9100 1906.3400 36
1090.7300 1906.3400 35
1102.5600 1906.3400 35
1114.3800 1906.3400 35
1126.2000 1906.3400 34
1138.0300 1906.3400 34
1149.8500 1906.3400 33
1256.2600 1906.3400 30
1268.0900 1906.3400 29
1279.9100 1906.3400 29
1291.7300 1906.3400 28
1303.5600 1906.3400 28
1339.0300 1906.3400 27
1350.8500 1906.3400 26
1362.6800 1906.3400 26
1344.9400 1900.4400 27
1333.1200 1900.4400 27
1321.2900 1900.4400 28
1309.4700 1900.4400 28
1279.9100 1894.5300 29
1268.0900 1894.5300 29
1256.2600 1894.5300 30
1244.4400 1894.5300 30
1149.8500 1894.5300 33
1138.0300 1894.5300 34
1126.2000 1894.5300 34
1114.3800 1894.5300 35
1102.5600 1894.5300 35
1090.7300 1894.5300 35
1285.8200 1888.6300 29
1297.6500 1888.6300 28
1309.4700 1888.6300 28
1321.2900 1888.6300 28
1409.9700 1882.7200 25
1398.1500 1882.7200 25
1386.3200 1882.7200 25
1303.5600 1882.7200 28
1291.7300 1882.7200 29
1279.9100 1882.7200 29
1126.2000 1882.7200 34
1114.3800 1882.7200 35
1102.5600 1882.7200 35
1090.7300 1882.7200 35
1333.1200 1876.8200 27
1344.9400 1876.8200 27
1356.7700 1876.8200 26
1368.5900 1876.8200 26
1380.4100 1876.8200 26
1374.5000 1870.9100 26
1362.6800 1870.9100 26
1350.8500 1870.9100 27
1339.0300 1870.9100 27
1327.2000 1870.9100 27
1244.4400 1870.9100 30
1232.6200 1870.9100 31
1220.7900 1870.9100 31
1208.9700 1870.9100 31
1197.1500 1870.9100 32
1185.3200 1870.9100 32
1173.5000 1870.9100 33
1161.6700 1870.9100 33
1149.8500 1870.9100 33
1138.0300 1870.9100 34
1214.8800 1865.0100 31
1226.7000 1865.0100 31
1238.5300 1865.0100 30
1250.3500 1865.0100 30
1262.1800 1865.0100 30
1274.0000 1865.0100 29
1285.8200 1865.0100 29
1297.6500 1865.0100 28
1309.4700 1865.0100 28
1664.1800 1746.9100 17
670.9920 1746.9100 50
676.9040 1741.0000 50
688.7280 1741.0000 50
700.5510 1741.0000 49
712.3750 1741.0000 49
724.1990 1741.0000 49
736.0220 1741.0000 48
1670.0900 1741.0000 17
1681.9200 1741.0000 17
1693.7400 1741.0000 17
1705.5600 1741.0000 16
1717.3900 1741.0000 16
1729.2100 1741.0000 16
1865.1800 1723.2900 12
1853.3600 1723.2900 13
871.9940 1723.2900 44
860.1710 1723.2900 44
777.4050 1522.5200 49
789.2290 1522.5200 48
801.0530 1522.5200 48
812.8760 1522.5200 47
824.7000 1522.5200 47
1770.5900 1522.5200 20
1782.4200 1522.5200 19
1794.2400 1522.5200 19
1806.0600 1522.5200 19
1817.8900 1522.5200 19
1244.4400 1516.6100 34
1232.6200 1516.6100 34
1220.7900 1516.6100 35
1208.9700 1516.6100 35
1197.1500 1516.6100 35
1185.3200 1516.6100 36
1173.5000 1516.6100 36
1161.6700 1516.6100 36
1149.8500 1516.6100 37
1138.0300 1516.6100 37
1126.2000 1516.6100 38
1114.3800 1516.6100 38
1102.5600 1516.6100 38
1090.7300 1516.6100 39
1078.9100 1516.6100 39
1067.0800 1516.6100 39
1055.2600 1516.6100 40
1043.4400 1516.6100 40
1031.6100 1516.6100 40
1019.7900 1516.6100 41
1007.9700 1516.6100 41
996.1430 1516.6100 42
984.3190 1516.6100 42
972.4960 1516.6100 42
960.6720 1516.6100 43
948.8480 1516.6100 43
937.0250 1516.6100 44
925.2010 1516.6100 44
913.3770 1516.6100 44
901.5540 1516.6100 45
889.7300 1516.6100 45
877.9060 1516.6100 45
866.0830 1516.6100 46
854.2590 1516.6100 46
842.4350 1516.6100 47
830.6120 1516.6100 47
818.7880 1516.6100 47
806.9640 1516.6100 48
795.1410 1516.6100 48
783.3170 1516.6100 48
771.4940 1516.6100 49
759.6700 1516.6100 49
747.8460 1516.6100 50
736.0220 1516.6100 50
724.1990 1516.6100 50
712.3750 1516.6100 51
700.5510 1516.6100 51
688.7280 1516.6100 52
676.9040 1516.6100 52
665.0810 1516.6100 52
653.2570 1516.6100 53
641.4330 1516.6100 53
629.6090 1516.6100 54
617.7860 1516.6100 54
605.9620 1516.6100 54
594.1380 1516.6100 55
582.3150 1516.6100 55
570.4910 1516.6100 55
558.6680 1516.6100 56
546.8440 1516.6100 56
535.0200 1516.6100 57
523.1960 1516.6100 57
511.3730 1516.6100 57
499.5490 1516.6100 58
487.7250 1516.6100 58
475.9020 1516.6100 59
464.0780 1516.6100 59
452.2550 1516.6100 59
440.4310 1516.6100 60
428.6070 1516.6100 60
416.7840 1516.6100 61
404.9600 1516.6100 61
393.1360 1516.6100 61
381.3130 1516.6100 62
369.4890 1516.6100 62
357.6650 1516.6100 62
345.8420 1516.6100 63
375.4010 1487.0800 62
387.2240 1487.0800 62
399.0480 1487.0800 61
410.8720 1487.0800 61
422.6960 1487.0800 61
434.5190 1487.0800 60
446.3430 1487.0800 60
458.1660 1487.0800 59
469.9900 1487.0800 59
481.8140 1487.0800 59
493.6370 1487.0800 58
505.4610 1487.0800 58
517.2850 1487.0800 57
529.1080 1487.0800 57
540.9320 1487.0800 57
552.7560 1487.0800 56
564.5790 1487.0800 56
576.4030 1487.0800 56
588.2270 1487.0800 55
600.0500 1487.0800 55
611.8740 1487.0800 54
623.6980 1487.0800 54
635.5210 1487.0800 54
647.3450 1487.0800 53
659.1690 1487.0800 53
670.9920 1487.0800 52
682.8160 1487.0800 52
694.6400 1487.0800 52
706.4630 1487.0800 51
718.2870 1487.0800 51
730.1110 1487.0800 51
741.9340 1487.0800 50
753.7580 1487.0800 50
765.5810 1487.0800 49
777.4050 1487.0800 49
789.2290 1487.0800 49
801.0530 1487.0800 48
812.8760 1487.0800 48
824.7000 1487.0800 47
836.5240 1487.0800 47
848.3470 1487.0800 47
860.1710 1487.0800 46
871.9940 1487.0800 46
883.8180 1487.0800 46
895.6420 1487.0800 45
907.4660 1487.0800 45
919.2890 1487.0800 44
931.1130 1487.0800 44
942.9370 1487.0800 44
954.7600 1487.0800 43
966.5840 1487.0800 43
978.4070 1487.0800 43
990.2310 1487.0800 42
1002.0500 1487.0800 42
1013.8800 1487.0800 41
1025.7000 1487.0800 41
1037.5300 1487.0800 41
1049.3500 1487.0800 40
1061.1700 1487.0800 40
1073.0000 1487.0800 40
1084.8200 1487.0800 39
1096.6400 1487.0800 39
1108.4700 1487.0800 38
1120.2900 1487.0800 38
1132.1100 1487.0800 38
1143.9400 1487.0800 37
1155.7600 1487.0800 37
1167.5900 1487.0800 37
1179.4100 1487.0800 36
1191.2300 1487.0800 36
1203.0600 1487.0800 36
1214.8800 1487.0800 35
2066.1800 1475.2800 18
2054.3600 1475.2800 18
2042.5400 1475.2800 18
2030.7100 1475.2800 18
2018.8900 1475.2800 18
2007.0700 1475.2800 18
1995.2400 1475.2800 18
1983.4200 1475.2800 18
1971.5900 1475.2800 18
1959.7700 1475.2800 18
1947.9500 1475.2800 18
1936.1200 1475.2800 18
1924.3000 1475.2800 19
1912.4800 1475.2800 19
1900.6500 1475.2800 19
1888.8300 1475.2800 19
1877.0100 1475.2800 19
1865.1800 1475.2800 19
1853.3600 1475.2800 19
1841.5400 1475.2800 20
1829.7100 1475.2800 20
1817.8900 1475.2800 20
1806.0600 1475.2800 20
1794.2400 1475.2800 21
1782.4200 1475.2800 21
1770.5900 1475.2800 21
1758.7700 1475.2800 21
1746.9500 1475.2800 21
1735.1200 1475.2800 22
1723.3000 1475.2800 22
1711.4700 1475.2800 22
1699.6500 1475.2800 22
1687.8300 1475.2800 23
1676.0000 1475.2800 23
1664.1800 1475.2800 23
1652.3600 1475.2800 23
1640.5300 1475.2800 24
1628.7100 1475.2800 24
1616.8900 1475.2800 24
1605.0600 1475.2800 25
1593.2400 1475.2800 25
1581.4100 1475.2800 25
1569.5900 1475.2800 26
1557.7700 1475.2800 26
1545.9400 1475.2800 26
1534.1200 1475.2800 26
1522.3000 1475.2800 27
1510.4700 1475.2800 27
1498.6500 1475.2800 27
1486.8200 1475.2800 28
1475.0000 1475.2800 28
1463.1800 1475.2800 28
1451.3500 1475.2800 29
1439.5300 1475.2800 29
1427.7100 1475.2800 29
1415.8800 1475.2800 30
1404.0600 1475.2800 30
1392.2400 1475.2800 30
1380.4100 1475.2800 31
1368.5900 1475.2800 31
1356.7700 1475.2800 31
1344.9400 1475.2800 32
1333.1200 1475.2800 32
1321.2900 1475.2800 32
1309.4700 1475.2800 33
1297.6500 1475.2800 33
1285.8200 1475.2800 33
1274.0000 1475.2800 34
1262.1800 1475.2800 34
1250.3500 1475.2800 34
1238.5300 1475.2800 35
1226.7000 1475.2800 35
1214.8800 1475.2800 35
1256.2600 1445.7500 35
1268.0900 1445.7500 34
1279.9100 1445.7500 34
1291.7300 1445.7500 34
1303.5600 1445.7500 33
1315.3800 1445.7500 33
1327.2000 1445.7500 33
1339.0300 1445.7500 32
1350.8500 1445.7500 32
1362.6800 1445.7500 32
1374.5000 1445.7500 31
1386.3200 1445.7500 31
1398.1500 1445.7500 31
1409.9700 1445.7500 30
1421.8000 1445.7500 30
1433.6200 1445.7500 30
1445.4400 1445.7500 29
1457.2700 1445.7500 29
1469.0900 1445.7500 29
1480.9100 1445.7500 28
1492.7400 1445.7500 28
1504.5600 1445.7500 28
1516.3800 1445.7500 28
1528.2100 1445.7500 27
1540.0300 1445.7500 27
1551.8500 1445.7500 27
1563.6800 1445.7500 26
1575.5000 1445.7500 26
1587.3300 1445.7500 26
1599.1500 1445.7500 25
1610.9700 1445.7500 25
1622.8000 1445.7500 25
1634.6200 1445.7500 25
1646.4400 1445.7500 24
1658.2700 1445.7500 24
1670.0900 1445.7500 24
1681.9200 1445.7500 24
1693.7400 1445.7500 23
1705.5600 1445.7500 23
1717.3900 1445.7500 23
1729.2100 1445.7500 23
1741.0300 1445.7500 22
1752.8600 1445.7500 22
1764.6800 1445.7500 22
1776.5100 1445.7500 22
1782.4200 1416.2200 22
1770.5900 1416.2200 23
1758.7700 1416.2200 23
1746.9500 1416.2200 23
1735.1200 1416.2200 23
1723.3000 1416.2200 24
1711.4700 1416.2200 24
1699.6500 1416.2200 24
1687.8300 1416.2200 24
1676.0000 1416.2200 25
1664.1800 1416.2200 25
1652.3600 1416.2200 25
1368.5900 1416.2200 32
1356.7700 1416.2200 32
1344.9400 1416.2200 33
1333.1200 1416.2200 33
1321.2900 1416.2200 33
1309.4700 1416.2200 34
1297.6500 1416.2200 34
1374.5000 1410.3200 32
1386.3200 1410.3200 32
1398.1500 1410.3200 31
1409.9700 1410.3200 31
1421.8000 1410.3200 31
1433.6200 1410.3200 30
1445.4400 1410.3200 30
1457.2700 1410.3200 30
1469.0900 1410.3200 30
1480.9100 1410.3200 29
1492.7400 1410.3200 29
1504.5600 1410.3200 29
1516.3800 1410.3200 28
1528.2100 1410.3200 28
1540.0300 1410.3200 28
1551.8500 1410.3200 27
1563.6800 1410.3200 27
1575.5000 1410.3200 27
1587.3300 1410.3200 27
1599.1500 1410.3200 26
1610.9700 1410.3200 26
1622.8000 1410.3200 26
1634.6200 1410.3200 26
1646.4400 1410.3200 25
1658.2700 1410.3200 25
1670.0900 1410.3200 25
1681.9200 1410.3200 25
1693.7400 1410.3200 24
1705.5600 1410.3200 24
1717.3900 1410.3200 24
1729.2100 1410.3200 24
1741.0300 1410.3200 23
1752.8600 1410.3200 23
1764.6800 1410.3200 23
1776.5100 1410.3200 23
1788.3300 1410.3200 23
1800.1500 1410.3200 22
1811.9800 1410.3200 22
1823.8000 1410.3200 22
1835.6200 1410.3200 22
1847.4500 1410.3200 22
1788.3300 1398.5100 23
1776.5100 1398.5100 23
1764.6800 1398.5100 23
1752.8600 1398.5100 24
1741.0300 1398.5100 24
1729.2100 1398.5100 24
1717.3900 1398.5100 24
1705.5600 1398.5100 24
1693.7400 1398.5100 25
1681.9200 1398.5100 25
1670.0900 1398.5100 25
1658.2700 1398.5100 25
1646.4400 1398.5100 26
1782.4200 1392.6000 23
1794.2400 1392.6000 23
1806.0600 1392.6000 23
1817.8900 1392.6000 23
1817.8900 1274.5000 26
1806.0600 1274.5000 26
1794.2400 1274.5000 27
1782.4200 1274.5000 27
1770.5900 1274.5000 27
1758.7700 1274.5000 27
1746.9500 1274.5000 27
1735.1200 1274.5000 28
1723.3000 1274.5000 28
1711.4700 1274.5000 28
1699.6500 1274.5000 28
1687.8300 1274.5000 28
1676.0000 1274.5000 29
1664.1800 1274.5000 29
1652.3600 1274.5000 29
1640.5300 1274.5000 29
1628.7100 1274.5000 29
1616.8900 1274.5000 30
1605.0600 1274.5000 30
1593.2400 1274.5000 30
1581.4100 1274.5000 30
1569.5900 1274.5000 31
1557.7700 1274.5000 31
1545.9400 1274.5000 31
1534.1200 1274.5000 31
1522.3000 1274.5000 32
1510.4700 1274.5000 32
1498.6500 1274.5000 32
1486.8200 1274.5000 32
1475.0000 1274.5000 33
1463.1800 1274.5000 33
1451.3500 1274.5000 33
1439.5300 1274.5000 34
1427.7100 1274.5000 34
1415.8800 1274.5000 34
1404.0600 1274.5000 34
1392.2400 1274.5000 35
1380.4100 1274.5000 35
1368.5900 1274.5000 35
1356.7700 1274.5000 36
1344.9400 1274.5000 36
1333.1200 1274.5000 36
1321.2900 1274.5000 36
1309.4700 1274.5000 37
1297.6500 1274.5000 37
1285.8200 1274.5000 37
1274.0000 1274.5000 38
1262.1800 1274.5000 38
1250.3500 1274.5000 38
1238.5300 1274.5000 39
1120.2900 1250.8800 42
1132.1100 1250.8800 42
1143.9400 1250.8800 42
1155.7600 1250.8800 41
1167.5900 1250.8800 41
1179.4100 1250.8800 41
1191.2300 1250.8800 40
1203.0600 1250.8800 40
1214.8800 1250.8800 40
1226.7000 1250.8800 39
1238.5300 1250.8800 39
1250.3500 1250.8800 39
1262.1800 1250.8800 39
1274.0000 1250.8800 38
1285.8200 1250.8800 38
1297.6500 1250.8800 38
1309.4700 1250.8800 37
1321.2900 1250.8800 37
1333.1200 1250.8800 37
1344.9400 1250.8800 36
1356.7700 1250.8800 36
1368.5900 1250.8800 36
1380.4100 1250.8800 36
1392.2400 1250.8800 35
1404.0600 1250.8800 35
1415.8800 1250.8800 35
1427.7100 1250.8800 34
1439.5300 1250.8800 34
1451.3500 1250.8800 34
1463.1800 1250.8800 34
1475.0000 1250.8800 33
1486.8200 1250.8800 33
1498.6500 1250.8800 33
1510.4700 1250.8800 33
1522.3000 1250.8800 32
1534.1200 1250.8800 32
1545.9400 1250.8800 32
1557.7700 1250.8800 31
1569.5900 1250.8800 31
1581.4100 1250.8800 31
1593.2400 1250.8800 31
1605.0600 1250.8800 31
1616.8900 1250.8800 30
1628.7100 1250.8800 30
1640.5300 1250.8800 30
1652.3600 1250.8800 30
1664.1800 1250.8800 29
1676.0000 1250.8800 29
1687.8300 1250.8800 29
1699.6500 1250.8800 29
1711.4700 1250.8800 29
1723.3000 1250.8800 28
1735.1200 1250.8800 28
1800.1500 1244.9800 27
1788.3300 1244.9800 28
1776.5100 1244.9800 28
1764.6800 1244.9800 28
1752.8600 1244.9800 28
1741.0300 1244.9800 28
1729.2100 1244.9800 28
1717.3900 1244.9800 29
1705.5600 1244.9800 29
1693.7400 1244.9800 29
1681.9200 1244.9800 29
1670.0900 1244.9800 29
1658.2700 1244.9800 30
1646.4400 1244.9800 30
1634.6200 1244.9800 30
1622.8000 1244.9800 30
1610.9700 1244.9800 31
1599.1500 1244.9800 31
1587.3300 1244.9800 31
1575.5000 1244.9800 31
1563.6800 1244.9800 32
1551.8500 1244.9800 32
1540.0300 1244.9800 32
1528.2100 1244.9800 32
1516.3800 1244.9800 33
1504.5600 1244.9800 33
1492.7400 1244.9800 33
1480.9100 1244.9800 33
1469.0900 1244.9800 34
1457.2700 1244.9800 34
1445.4400 1244.9800 34
1433.6200 1244.9800 34
1421.8000 1244.9800 35
1409.9700 1244.9800 35
1398.1500 1244.9800 35
1386.3200 1244.9800 36
1374.5000 1244.9800 36
1362.6800 1244.9800 36
1350.8500 1244.9800 36
1339.0300 1244.9800 37
1327.2000 1244.9800 37
1315.3800 1244.9800 37
1303.5600 1244.9800 38
1291.7300 1244.9800 38
1279.9100 1244.9800 38
1268.0900 1244.9800 38
1256.2600 1244.9800 39
1244.4400 1244.9800 39
1238.5300 1227.2600 40
1250.3500 1227.2600 39
1262.1800 1227.2600 39
1274.0000 1227.2600 39
1285.8200 1227.2600 38
1297.6500 1227.2600 38
1309.4700 1227.2600 38
1321.2900 1227.2600 38
1333.1200 1227.2600 37
1344.9400 1227.2600 37
1356.7700 1227.2600 37
1368.5900 1227.2600 36
1380.4100 1227.2600 36
1392.2400 1227.2600 36
1404.0600 1227.2600 36
1415.8800 1227.2600 35
1427.7100 1227.2600 35
1439.5300 1227.2600 35
1451.3500 1227.2600 34
1463.1800 1227.2600 34
1475.0000 1227.2600 34
1486.8200 1227.2600 34
1498.6500 1227.2600 33
1510.4700 1227.2600 33
1522.3000 1227.2600 33
1534.1200 1227.2600 33
1545.9400 1227.2600 32
1557.7700 1227.2600 32
1569.5900 1227.2600 32
1581.4100 1227.2600 32
1593.2400 1227.2600 31
1605.0600 1227.2600 31
1616.8900 1227.2600 31
1628.7100 1227.2600 31
1640.5300 1227.2600 31
1652.3600 1227.2600 30
1664.1800 1227.2600 30
1676.0000 1227.2600 30
1687.8300 1227.2600 30
1699.6500 1227.2600 30
1711.4700 1227.2600 29
1723.3000 1227.2600 29
1735.1200 1227.2600 29
1746.9500 1227.2600 29
1758.7700 1227.2600 29
1770.5900 1227.2600 28
1782.4200 1227.2600 28
1859.2700 1221.3600 28
1847.4500 1221.3600 28
1835.6200 1221.3600 28
1823.8000 1221.3600 28
1811.9800 1221.3600 28
1800.1500 1221.3600 28
1788.3300 1221.3600 28
1776.5100 1221.3600 29
1764.6800 1221.3600 29
1752.8600 1221.3600 29
1741.0300 1221.3600 29
1729.2100 1221.3600 29
1717.3900 1221.3600 29
1705.5600 1221.3600 30
1693.7400 1221.3600 30
1681.9200 1221.3600 30
1670.0900 1221.3600 30
1658.2700 1221.3600 30
1646.4400 1221.3600 31
1634.6200 1221.3600 31
1622.8000 1221.3600 31
1610.9700 1221.3600 31
1599.1500 1221.3600 31
1587.3300 1221.3600 32
1575.5000 1221.3600 32
1563.6800 1221.3600 32
1551.8500 1221.3600 32
1540.0300 1221.3600 33
1528.2100 1221.3600 33
1516.3800 1221.3600 33
1504.5600 1221.3600 33
1492.7400 1221.3600 34
1480.9100 1221.3600 34
1469.0900 1221.3600 34
1457.2700 1221.3600 34
1445.4400 1221.3600 35
1433.6200 1221.3600 35
1421.8000 1221.3600 35
1409.9700 1221.3600 36
1398.1500 1221.3600 36
1386.3200 1221.3600 36
1132.1100 1156.4000 44
1143.9400 1156.4000 44
1155.7600 1156.4000 43
1167.5900 1156.4000 43
1179.4100 1156.4000 43
1191.2300 1156.4000 42
1203.0600 1156.4000 42
1214.8800 1156.4000 42
1226.7000 1156.4000 42
1238.5300 1156.4000 41
1250.3500 1156.4000 41
1262.1800 1156.4000 41
1274.0000 1156.4000 40
1285.8200 1156.4000 40
1297.6500 1156.4000 40
1309.4700 1156.4000 40
1321.2900 1156.4000 39
1333.1200 1156.4000 39
1344.9400 1156.4000 39
1356.7700 1156.4000 38
1368.5900 1156.4000 38
1380.4100 1156.4000 38
1392.2400 1156.4000 38
1404.0600 1156.4000 37
1415.8800 1156.4000 37
1427.7100 1156.4000 37
1439.5300 1156.4000 37
1451.3500 1156.4000 36
1463.1800 1156.4000 36
1475.0000 1156.4000 36
1486.8200 1156.4000 36
1498.6500 1156.4000 35
1510.4700 1156.4000 35
1522.3000 1156.4000 35
1534.1200 1156.4000 35
1545.9400 1156.4000 34
1557.7700 1156.4000 34
1569.5900 1156.4000 34
1581.4100 1156.4000 34
1593.2400 1156.4000 33
1605.0600 1156.4000 33
1616.8900 1156.4000 33
1628.7100 1156.4000 33
1640.5300 1156.4000 33
1652.3600 1156.4000 32
1664.1800 1156.4000 32
1676.0000 1156.4000 32
1687.8300 1156.4000 32
1699.6500 1156.4000 32
1711.4700 1156.4000 31
1723.3000 1156.4000 31
1735.1200 1156.4000 31
1746.9500 1156.4000 31
1232.6200 1150.5000 42
1220.7900 1150.5000 42
1208.9700 1150.5000 42
1197.1500 1150.5000 42
1185.3200 1150.5000 43
1173.5000 1150.5000 43
1161.6700 1150.5000 43
1149.8500 1150.5000 44
1138.0300 1150.5000 44
1126.2000 1150.5000 44
1114.3800 1150.5000 45
1102.5600 1150.5000 45
1090.7300 1150.5000 45
1078.9100 1150.5000 46
1067.0800 1150.5000 46
1055.2600 1150.5000 46
1043.4400 1150.5000 47
1031.6100 1150.5000 47
1019.7900 1150.5000 47
1007.9700 1150.5000 47
996.1430 1150.5000 48
984.3190 1150.5000 48
972.4960 1150.5000 48
960.6720 1150.5000 49
948.8480 1150.5000 49
937.0250 1150.5000 49
925.2010 1150.5000 50
913.3770 1150.5000 50
901.5540 1150.5000 50
889.7300 1150.5000 51
877.9060 1150.5000 51
866.0830 1150.5000 51
854.2590 1150.5000 52
842.4350 1150.5000 52
830.6120 1150.5000 53
818.7880 1150.5000 53
806.9640 1150.5000 53
795.1410 1150.5000 54
783.3170 1150.5000 54
771.4940 1150.5000 54
759.6700 1150.5000 55
747.8460 1150.5000 55
736.0220 1150.5000 55
724.1990 1150.5000 56
712.3750 1150.5000 56
700.5510 1150.5000 56
688.7280 1150.5000 57
676.9040 1150.5000 57
665.0810 1150.5000 57
653.2570 1150.5000 58
641.4330 1150.5000 58
629.6090 1150.5000 58
617.7860 1150.5000 59
605.9620 1150.5000 59
594.1380 1150.5000 60
582.3150 1150.5000 60
570.4910 1150.5000 60
558.6680 1150.5000 61
546.8440 1150.5000 61
535.0200 1150.5000 61
523.1960 1150.5000 62
511.3730 1150.5000 62
499.5490 1150.5000 62
487.7250 1150.5000 63
475.9020 1150.5000 63
464.0780 1150.5000 63
452.2550 1150.5000 64
440.4310 1150.5000 64
428.6070 1150.5000 65
416.7840 1150.5000 65
404.9600 1150.5000 65
393.1360 1150.5000 66
381.3130 1150.5000 66
369.4890 1150.5000 66
357.6650 1150.5000 67
345.8420 1150.5000 67
334.0180 1150.5000 67
1120.2900 1144.5900 45
1132.1100 1144.5900 44
1143.9400 1144.5900 44
1155.7600 1144.5900 44
1167.5900 1144.5900 43
1179.4100 1144.5900 43
1191.2300 1144.5900 43
1203.0600 1144.5900 42
1214.8800 1144.5900 42
1226.7000 1144.5900 42
1238.5300 1144.5900 42
1250.3500 1144.5900 41
1262.1800 1144.5900 41
1274.0000 1144.5900 41
1285.8200 1144.5900 40
1297.6500 1144.5900 40
1309.4700 1144.5900 40
1321.2900 1144.5900 40
1333.1200 1144.5900 39
1344.9400 1144.5900 39
1356.7700 1144.5900 39
1368.5900 1144.5900 38
1380.4100 1144.5900 38
1392.2400 1144.5900 38
1404.0600 1144.5900 38
1415.8800 1144.5900 37
1427.7100 1144.5900 37
1439.5300 1144.5900 37
1451.3500 1144.5900 37
1463.1800 1144.5900 36
1475.0000 1144.5900 36
1486.8200 1144.5900 36
1498.6500 1144.5900 36
1510.4700 1144.5900 35
1522.3000 1144.5900 35
1534.1200 1144.5900 35
1545.9400 1144.5900 35
1557.7700 1144.5900 34
1569.5900 1144.5900 34
1581.4100 1144.5900 34
1593.2400 1144.5900 34
1605.0600 1144.5900 34
1616.8900 1144.5900 33
1628.7100 1144.5900 33
1640.5300 1144.5900 33
1652.3600 1144.5900 33
1664.1800 1144.5900 33
1676.0000 1144.5900 32
1687.8300 1144.5900 32
1699.6500 1144.5900 32
1711.4700 1144.5900 32
1723.3000 1144.5900 32
1735.1200 1144.5900 32
1226.7000 1002.8700 45
1214.8800 1002.8700 46
1203.0600 1002.8700 46
1191.2300 1002.8700 46
1179.4100 1002.8700 46
1220.7900 996.9670 46
1232.6200 996.9670 45
1244.4400 996.9670 45
1415.8800 802.1010 47
1404.0600 802.1010 47
1392.2400 802.1010 47
1380.4100 802.1010 48
1368.5900 802.1010 48
1356.7700 802.1010 48
1344.9400 802.1010 48
1309.4700 802.1010 49
1297.6500 802.1010 49
1285.8200 802.1010 49
1274.0000 802.1010 50
1262.1800 802.1010 50
1250.3500 802.1010 50
1214.8800 802.1010 51
1203.0600 802.1010 51
1191.2300 802.1010 51
1179.4100 802.1010 52
1167.5900 802.1010 52
1132.1100 802.1010 53
1120.2900 802.1010 53
1108.4700 802.1010 53
1096.6400 802.1010 53
1084.8200 802.1010 54
1073.0000 802.1010 54
1090.7300 796.1960 54
1102.5600 796.1960 53
1114.3800 796.1960 53
1126.2000 796.1960 53
1138.0300 796.1960 53
1149.8500 796.1960 52
1161.6700 796.1960 52
1173.5000 796.1960 52
1185.3200 796.1960 52
1197.1500 796.1960 51
1220.7900 796.1960 51
1232.6200 796.1960 51
1244.4400 796.1960 50
1256.2600 796.1960 50
1268.0900 796.1960 50
1279.9100 796.1960 50
1339.0300 796.1960 49
1350.8500 796.1960 48
1362.6800 796.1960 48
1374.5000 796.1960 48
1380.4100 790.2900 48
1368.5900 790.2900 48
1356.7700 790.2900 48
1344.9400 790.2900 49
1333.1200 790.2900 49
1262.1800 790.2900 50
1250.3500 790.2900 50
1238.5300 790.2900 51
1226.7000 790.2900 51
1167.5900 790.2900 52
1155.7600 790.2900 52
1143.9400 790.2900 53
1132.1100 790.2900 53
1208.9700 784.3860 52
1220.7900 784.3860 51
1232.6200 784.3860 51
1244.4400 784.3860 51
1291.7300 784.3860 50
1303.5600 784.3860 50
1315.3800 784.3860 49
1327.2000 784.3860 49
1339.0300 784.3860 49
1350.8500 784.3860 49
1380.4100 778.4810 48
1368.5900 778.4810 49
1356.7700 778.4810 49
1262.1800 778.4810 51
1250.3500 778.4810 51
1238.5300 778.4810 51
1226.7000 778.4810 51
1179.4100 778.4810 52
1167.5900 778.4810 53
1155.7600 778.4810 53
1143.9400 778.4810 53
1132.1100 778.4810 53
1120.2900 778.4810 54
1108.4700 778.4810 54
1096.6400 778.4810 54
1084.8200 778.4810 54
1073.0000 778.4810 55
1061.1700 778.4810 55
1049.3500 778.4810 55
1037.5300 778.4810 55
1025.7000 778.4810 56
1013.8800 778.4810 56
1002.0500 778.4810 56
990.2310 778.4810 56
978.4070 778.4810 57
966.5840 778.4810 57
954.7600 778.4810 57
942.9370 778.4810 58
931.1130 778.4810 58
919.2890 778.4810 58
907.4660 778.4810 58
895.6420 778.4810 59
883.8180 778.4810 59
871.9940 778.4810 59
860.1710 778.4810 60
848.3470 778.4810 60
836.5240 778.4810 60
824.7000 778.4810 61
812.8760 778.4810 61
801.0530 778.4810 61
789.2290 778.4810 61
777.4050 778.4810 62
765.5810 778.4810 62
753.7580 778.4810 62
741.9340 778.4810 63
1173.5000 772.5760 53
1279.9100 772.5760 50
1291.7300 772.5760 50
1303.5600 772.5760 50
1315.3800 772.5760 50
1339.0300 772.5760 49
1350.8500 772.5760 49
1362.6800 772.5760 49
1374.5000 772.5760 49
1386.3200 772.5760 48
1398.1500 772.5760 48
1409.9700 772.5760 48
1321.2900 766.6700 50
1226.7000 766.6700 52
1214.8800 766.6700 52
1203.0600 766.6700 52
1090.7300 760.7650 55
1102.5600 760.7650 54
1114.3800 760.7650 54
1126.2000 760.7650 54
1138.0300 760.7650 54
1208.9700 760.7650 52
1220.7900 760.7650 52
1232.6200 760.7650 52
1256.2600 760.7650 51
1268.0900 760.7650 51
1279.9100 760.7650 51
1291.7300 760.7650 51
1350.8500 760.7650 49
1333.1200 754.8610 50
1321.2900 754.8610 50
1309.4700 754.8610 50
1214.8800 754.8610 52
1203.0600 754.8610 52
1191.2300 754.8610 53
1143.9400 754.8610 54
1138.0300 748.9550 54
1149.8500 748.9550 54
1232.6200 748.9550 52
1244.4400 748.9550 52
1368.5900 743.0500 50
1356.7700 743.0500 50
1274.0000 743.0500 51
1167.5900 731.2400 54
1155.7600 731.2400 54
1143.9400 731.2400 54
1132.1100 731.2400 55
1120.2900 731.2400 55
1108.4700 731.2400 55
1386.3200 725.3350 50
1398.1500 725.3350 50
1392.2400 719.4300 50
1380.4100 719.4300 50
1368.5900 719.4300 50
795.1410 548.1840 67
806.9640 548.1840 67
818.7880 548.1840 66
830.6120 548.1840 66
842.4350 548.1840 66
854.2590 548.1840 65
866.0830 548.1840 65
877.9060 548.1840 65
889.7300 548.1840 65
901.5540 548.1840 64
913.3770 548.1840 64
925.2010 548.1840 64
937.0250 548.1840 64
948.8480 548.1840 63
960.6720 548.1840 63
972.4960 548.1840 63
984.3190 548.1840 63
996.1430 548.1840 62
1007.9700 548.1840 62
1019.7900 548.1840 62
1031.6100 548.1840 62
1043.4400 548.1840 61
1055.2600 548.1840 61
1067.0800 548.1840 61
1078.9100 548.1840 61
1090.7300 548.1840 60
1102.5600 548.1840 60
1114.3800 548.1840 60
1126.2000 548.1840 60
1138.0300 548.1840 60
1149.8500 548.1840 59
1161.6700 548.1840 59
1173.5000 548.1840 59
1185.3200 548.1840 59
1197.1500 548.1840 58
1208.9700 548.1840 58
1220.7900 548.1840 58
1368.5900 601.3290 54
1380.4100 601.3290 54
1392.2400 601.3290 53
1404.0600 601.3290 53
1415.8800 601.3290 53
1427.7100 601.3290 53
1439.5300 601.3290 53
1451.3500 601.3290 53
1463.1800 601.3290 52
1475.0000 601.3290 52
1486.8200 601.3290 52
1498.6500 601.3290 52
1510.4700 601.3290 52
1522.3000 601.3290 52
1534.1200 601.3290 51
1545.9400 601.3290 51
1557.7700 601.3290 51
1569.5900 601.3290 51
1581.4100 601.3290 51
1593.2400 601.3290 51
1605.0600 601.3290 50
1616.8900 601.3290 50
1628.7100 601.3290 50
1640.5300 601.3290 50
1652.3600 601.3290 50
1664.1800 601.3290 50
1676.0000 601.3290 50
1687.8300 601.3290 50
1699.6500 601.3290 49
1711.4700 601.3290 49
1723.3000 601.3290 49
1735.1200 601.3290 49
1746.9500 601.3290 49
1758.7700 601.3290 49
1770.5900 601.3290 49
1782.4200 601.3290 49
1794.2400 601.3290 49
1806.0600 601.3290 49
1817.8900 601.3290 48
1829.7100 601.3290 48
1841.5400 601.3290 48
1853.3600 601.3290 48
1865.1800 601.3290 48
1877.0100 601.3290 48
1888.8300 601.3290 48
1900.6500 601.3290 48
1912.4800 601.3290 48
1924.3000 601.3290 48
1936.1200 601.3290 48
1947.9500 601.3290 48
1959.7700 601.3290 48
1971.5900 601.3290 48
1983.4200 601.3290 48
1995.2400 601.3290 48
2007.0700 601.3290 48
2018.8900 601.3290 48
2030.7100 601.3290 48
2042.5400 601.3290 47
2054.3600 601.3290 47
2066.1800 601.3290 47
2078.0100 601.3290 47
2089.8300 601.3290 47
1220.7900 536.3740 58
1208.9700 536.3740 59
1197.1500 536.3740 59
1185.3200 536.3740 59
1170.5400 1944.7300 33
1300.6000 1932.9200 28
1194.1900 1921.1100 32
1418.8400 1921.1100 24
1371.5400 1909.3000 26
1253.3100 1909.3000 30
1276.9500 1885.6800 29
1324.2500 1885.6800 27
1418.8400 1885.6800 24
1324.2500 1873.8600 28
342.8860 1519.5600 63
1418.8400 775.5280 48
1418.8400 799.1480 47
2092.7900 598.3770 48
1891.7800 2051.0200 8
1879.9600 2051.0200 9
1868.1400 2051.0200 9
1856.3100 2051.0200 10
1844.4900 2051.0200 10
1832.6700 2051.0200 10
1820.8400 2051.0200 11
1809.0200 2051.0200 11
1797.1900 2051.0200 11
1785.3700 2051.0200 12
1773.5500 2051.0200 12
1761.7200 2051.0200 13
1749.9000 2051.0200 13
910.4220 2051.0200 42
898.5980 2051.0200 42
886.7740 2051.0200 42
874.9500 2051.0200 43
863.1270 2051.0200 43
851.3030 2051.0200 44
839.4790 2051.0200 44
827.6560 2051.0200 44
815.8320 2051.0200 45
804.0090 2051.0200 45
792.1850 2051.0200 46
780.3610 2051.0200 46
768.5380 2051.0200 46
668.0370 2045.1100 50
774.4500 2045.1100 46
786.2730 2045.1100 46
798.0970 2045.1100 45
809.9200 2045.1100 45
821.7440 2045.1100 45
833.5680 2045.1100 44
845.3910 2045.1100 44
857.2150 2045.1100 43
869.0390 2045.1100 43
880.8620 2045.1100 43
892.6860 2045.1100 42
904.5100 2045.1100 42
1649.4000 2045.1100 16
1755.8100 2045.1100 13
1767.6400 2045.1100 12
1779.4600 2045.1100 12
1791.2800 2045.1100 12
1803.1100 2045.1100 11
1814.9300 2045.1100 11
1826.7500 2045.1100 10
1838.5800 2045.1100 10
1850.4000 2045.1100 10
1862.2200 2045.1100 9
1874.0500 2045.1100 9
1885.8700 2045.1100 8
1891.7800 2039.2100 8
1879.9600 2039.2100 9
1868.1400 2039.2100 9
1856.3100 2039.2100 9
1844.4900 2039.2100 10
1832.6700 2039.2100 10
1820.8400 2039.2100 11
1809.0200 2039.2100 11
1797.1900 2039.2100 11
1785.3700 2039.2100 12
1773.5500 2039.2100 12
1761.7200 2039.2100 13
1749.9000 2039.2100 13
1702.6100 2039.2100 15
1489.7800 2039.2100 22
910.4220 2039.2100 42
898.5980 2039.2100 42
886.7740 2039.2100 42
874.9500 2039.2100 43
863.1270 2039.2100 43
851.3030 2039.2100 44
839.4790 2039.2100 44
827.6560 2039.2100 44
815.8320 2039.2100 45
804.0090 2039.2100 45
792.1850 2039.2100 46
780.3610 2039.2100 46
768.5380 2039.2100 46
721.2430 2039.2100 48
508.4170 2039.2100 55
561.6240 2033.3000 54
774.4500 2033.3000 46
786.2730 2033.3000 46
798.0970 2033.3000 45
809.9200 2033.3000 45
821.7440 2033.3000 45
833.5680 2033.3000 44
845.3910 2033.3000 44
857.2150 2033.3000 43
869.0390 2033.3000 43
880.8620 2033.3000 43
892.6860 2033.3000 42
904.5100 2033.3000 42
1542.9900 2033.3000 20
1755.8100 2033.3000 13
1767.6400 2033.3000 12
1779.4600 2033.3000 12
1791.2800 2033.3000 11
1803.1100 2033.3000 11
1814.9300 2033.3000 11
1826.7500 2033.3000 10
1838.5800 2033.3000 10
1850.4000 2033.3000 10
1862.2200 2033.3000 9
1874.0500 2033.3000 9
1885.8700 2033.3000 8
1891.7800 2027.4000 8
1879.9600 2027.4000 8
1868.1400 2027.4000 9
1856.3100 2027.4000 9
1844.4900 2027.4000 10
1832.6700 2027.4000 10
1820.8400 2027.4000 10
1809.0200 2027.4000 11
1797.1900 2027.4000 11
1785.3700 2027.4000 12
1773.5500 2027.4000 12
1761.7200 2027.4000 12
1749.9000 2027.4000 13
1596.1900 2027.4000 18
910.4220 2027.4000 42
898.5980 2027.4000 42
886.7740 2027.4000 42
874.9500 2027.4000 43
863.1270 2027.4000 43
851.3030 2027.4000 44
839.4790 2027.4000 44
827.6560 2027.4000 44
815.8320 2027.4000 45
804.0090 2027.4000 45
792.1850 2027.4000 46
780.3610 2027.4000 46
768.5380 2027.4000 46
614.8300 2027.4000 52
768.5380 173.2150 77
780.3610 173.2150 77
792.1850 173.2150 77
804.0090 173.2150 77
815.8320 173.2150 76
827.6560 173.2150 76
839.4790 173.2150 76
851.3030 173.2150 76
863.1270 173.2150 75
874.9500 173.2150 75
886.7740 173.2150 75
898.5980 173.2150 75
910.4220 173.2150 75
1749.9000 173.2150 63
1761.7200 173.2150 63
1773.5500 173.2150 63
1785.3700 173.2150 63
1797.1900 173.2150 63
1809.0200 173.2150 63
1820.8400 173.2150 63
1832.6700 173.2150 63
1844.4900 173.2150 63
1856.3100 173.2150 63
1868.1400 173.2150 63
1879.9600 173.2150 63
1891.7800 173.2150 63
1885.8700 167.3100 63
1874.0500 167.3100 63
1862.2200 167.3100 63
1850.4000 167.3100 63
1838.5800 167.3100 63
1826.7500 167.3100 63
1814.9300 167.3100 63
1803.1100 167.3100 63
1791.2800 167.3100 63
1779.4600 167.3100 63
1767.6400 167.3100 63
1755.8100 167.3100 64
904.5100 167.3100 75
892.6860 167.3100 75
880.8620 167.3100 75
869.0390 167.3100 76
857.2150 167.3100 76
845.3910 167.3100 76
833.5680 167.3100 76
821.7440 167.3100 76
809.9200 167.3100 77
798.0970 167.3100 77
786.2730 167.3100 77
774.4500 167.3100 77
668.0370 167.3090 80
1649.4000 167.3090 64
1891.7800 161.4050 63
1879.9600 161.4050 63
1868.1400 161.4050 63
1856.3100 161.4050 63
1844.4900 161.4050 63
1832.6700 161.4050 63
1820.8400 161.4050 63
1809.0200 161.4050 63
1797.1900 161.4050 63
1785.3700 161.4050 64
1773.5500 161.4050 64
1761.7200 161.4050 64
1749.9000 161.4050 64
910.4220 161.4050 75
898.5980 161.4050 75
886.7740 161.4050 75
874.9500 161.4050 76
863.1270 161.4050 76
851.3030 161.4050 76
839.4790 161.4050 76
827.6560 161.4050 77
815.8320 161.4050 77
804.0090 161.4050 77
792.1850 161.4050 77
780.3610 161.4050 77
768.5380 161.4050 78
508.4170 161.4040 83
721.2430 161.4040 79
1489.7800 161.4040 66
1702.6100 161.4040 64
1885.8700 155.5000 63
1874.0500 155.5000 63
1862.2200 155.5000 63
1850.4000 155.5000 63
1838.5800 155.5000 63
1826.7500 155.5000 64
1814.9300 155.5000 64
1803.1100 155.5000 64
1791.2800 155.5000 64
1779.4600 155.5000 64
1767.6400 155.5000 64
1755.8100 155.5000 64
904.5100 155.5000 75
892.6860 155.5000 75
880.8620 155.5000 76
869.0390 155.5000 76
857.2150 155.5000 76
845.3910 155.5000 76
833.5680 155.5000 77
821.7440 155.5000 77
809.9200 155.5000 77
798.0970 155.5000 77
786.2730 155.5000 78
774.4500 155.5000 78
561.6240 155.4990 82
1542.9900 155.4990 66
1891.7800 149.5950 63
1879.9600 149.5950 63
1868.1400 149.5950 64
1856.3100 149.5950 64
1844.4900 149.5950 64
1832.6700 149.5950 64
1820.8400 149.5950 64
1809.0200 149.5950 64
1797.1900 149.5950 64
1785.3700 149.5950 64
1773.5500 149.5950 64
1761.7200 149.5950 64
1749.9000 149.5950 64
910.4220 149.5950 75
898.5980 149.5950 75
886.7740 149.5950 76
874.9500 149.5950 76
863.1270 149.5950 76
851.3030 149.5950 76
839.4790 149.5950 77
827.6560 149.5950 77
815.8320 149.5950 77
804.0090 149.5950 77
792.1850 149.5950 78
780.3610 149.5950 78
768.5380 149.5950 78
614.8300 149.5940 81
1596.1900 149.5940 65
1882.9200 2048.0600 9
1871.0900 2048.0600 9
1859.2700 2048.0600 9
1847.4500 2048.0600 10
1835.6200 2048.0600 10
1823.8000 2048.0600 11
1811.9700 2048.0600 11
1800.1500 2048.0600 11
1788.3300 2048.0600 12
1776.5000 2048.0600 12
1764.6800 2048.0600 12
1752.8600 2048.0600 13
1729.2100 2048.0600 14
1717.3900 2048.0600 14
1670.0900 2048.0600 16
1658.2700 2048.0600 16
1646.4400 2048.0600 16
1634.6200 2048.0600 17
1610.9700 2048.0600 18
1599.1500 2048.0600 18
1563.6800 2048.0600 19
1551.8500 2048.0600 20
1540.0300 2048.0600 20
1528.2100 2048.0600 20
1516.3800 2048.0600 21
1504.5600 2048.0600 21
1492.7400 2048.0600 22
901.5540 2048.0600 42
889.7300 2048.0600 42
877.9060 2048.0600 43
866.0830 2048.0600 43
854.2590 2048.0600 44
842.4350 2048.0600 44
830.6120 2048.0600 44
818.7880 2048.0600 45
806.9640 2048.0600 45
795.1410 2048.0600 46
783.3170 2048.0600 46
771.4940 2048.0600 46
747.8460 2048.0600 47
736.0220 2048.0600 48
688.7280 2048.0600 49
676.9040 2048.0600 50
665.0810 2048.0600 50
653.2570 2048.0600 50
629.6090 2048.0600 51
617.7860 2048.0600 52
582.3150 2048.0600 53
570.4910 2048.0600 53
558.6680 2048.0600 54
546.8440 2048.0600 54
535.0200 2048.0600 55
523.1960 2048.0600 55
511.3730 2048.0600 55
517.2850 2042.1600 55
529.1080 2042.1600 55
576.4030 2042.1600 53
588.2270 2042.1600 53
600.0500 2042.1600 52
623.6980 2042.1600 51
635.5210 2042.1600 51
647.3450 2042.1600 51
706.4630 2042.1600 49
718.2870 2042.1600 48
777.4050 2042.1600 46
789.2290 2042.1600 46
801.0530 2042.1600 45
812.8760 2042.1600 45
824.7000 2042.1600 45
836.5240 2042.1600 44
848.3470 2042.1600 44
860.1710 2042.1600 43
871.9940 2042.1600 43
883.8180 2042.1600 43
895.6420 2042.1600 42
907.4660 2042.1600 42
1498.6500 2042.1600 21
1510.4700 2042.1600 21
1557.7700 2042.1600 19
1569.5900 2042.1600 19
1581.4100 2042.1600 19
1605.0600 2042.1600 18
1616.8900 2042.1600 17
1628.7100 2042.1600 17
1687.8300 2042.1600 15
1699.6500 2042.1600 15
1758.7700 2042.1600 13
1770.5900 2042.1600 12
1782.4200 2042.1600 12
1794.2400 2042.1600 11
1806.0600 2042.1600 11
1817.8900 2042.1600 11
1829.7100 2042.1600 10
1841.5300 2042.1600 10
1853.3600 2042.1600 10
1865.1800 2042.1600 9
1877.0100 2042.1600 9
1888.8300 2042.1600 8
1882.9200 2036.2500 8
1871.0900 2036.2500 9
1859.2700 2036.2500 9
1847.4500 2036.2500 10
1835.6200 2036.2500 10
1823.8000 2036.2500 10
1811.9700 2036.2500 11
1800.1500 2036.2500 11
1788.3300 2036.2500 12
1776.5000 2036.2500 12
1764.6800 2036.2500 12
1752.8600 2036.2500 13
1705.5600 2036.2500 14
1693.7400 2036.2500 15
1681.9200 2036.2500 15
1658.2700 2036.2500 16
1646.4400 2036.2500 16
1634.6200 2036.2500 17
1551.8500 2036.2500 20
1540.0300 2036.2500 20
1528.2100 2036.2500 20
1504.5600 2036.2500 21
901.5540 2036.2500 42
889.7300 2036.2500 42
877.9060 2036.2500 43
866.0830 2036.2500 43
854.2590 2036.2500 44
842.4350 2036.2500 44
830.6120 2036.2500 44
818.7880 2036.2500 45
806.9640 2036.2500 45
795.1410 2036.2500 46
783.3170 2036.2500 46
771.4940 2036.2500 46
724.1990 2036.2500 48
712.3750 2036.2500 48
700.5510 2036.2500 49
676.9040 2036.2500 50
665.0810 2036.2500 50
653.2570 2036.2500 50
570.4910 2036.2500 53
558.6680 2036.2500 54
546.8440 2036.2500 54
523.1960 2036.2500 55
505.4610 2030.3500 55
517.2850 2030.3500 55
529.1080 2030.3500 55
540.9320 2030.3500 54
552.7560 2030.3500 54
576.4030 2030.3500 53
588.2270 2030.3500 53
600.0500 2030.3500 52
611.8740 2030.3500 52
623.6980 2030.3500 51
635.5210 2030.3500 51
647.3450 2030.3500 51
659.1690 2030.3500 50
694.6400 2030.3500 49
706.4630 2030.3500 49
718.2870 2030.3500 48
730.1110 2030.3500 48
741.9340 2030.3500 47
777.4050 2030.3500 46
789.2290 2030.3500 46
801.0530 2030.3500 45
812.8760 2030.3500 45
824.7000 2030.3500 45
836.5240 2030.3500 44
848.3470 2030.3500 44
860.1710 2030.3500 43
871.9940 2030.3500 43
883.8180 2030.3500 42
895.6420 2030.3500 42
907.4660 2030.3500 42
1486.8200 2030.3500 22
1498.6500 2030.3500 21
1510.4700 2030.3500 21
1522.3000 2030.3500 21
1534.1200 2030.3500 20
1557.7700 2030.3500 19
1569.5900 2030.3500 19
1581.4100 2030.3500 19
1593.2400 2030.3500 18
1605.0600 2030.3500 18
1616.8900 2030.3500 17
1628.7100 2030.3500 17
1640.5300 2030.3500 17
1676.0000 2030.3500 15
1687.8300 2030.3500 15
1699.6500 2030.3500 15
1711.4700 2030.3500 14
1723.3000 2030.3500 14
1758.7700 2030.3500 13
1770.5900 2030.3500 12
1782.4200 2030.3500 12
1794.2400 2030.3500 11
1806.0600 2030.3500 11
1817.8900 2030.3500 11
1829.7100 2030.3500 10
1841.5300 2030.3500 10
1853.3600 2030.3500 9
1865.1800 2030.3500 9
1877.0100 2030.3500 9
1888.8300 2030.3500 8
1882.9200 170.2620 63
1871.0900 170.2620 63
1859.2700 170.2620 63
1847.4500 170.2620 63
1835.6200 170.2620 63
1823.8000 170.2620 63
1811.9700 170.2620 63
1800.1500 170.2620 63
1788.3300 170.2620 63
1776.5000 170.2620 63
1764.6800 170.2620 63
1752.8600 170.2620 63
901.5540 170.2620 75
889.7300 170.2620 75
877.9060 170.2620 75
866.0830 170.2620 75
854.2590 170.2620 76
842.4350 170.2620 76
830.6120 170.2620 76
818.7880 170.2620 76
806.9640 170.2620 77
795.1410 170.2620 77
783.3170 170.2620 77
771.4940 170.2620 77
511.3730 170.2610 83
523.1960 170.2610 83
535.0200 170.2610 82
546.8440 170.2610 82
558.6680 170.2610 82
570.4910 170.2610 82
582.3150 170.2610 81
617.7860 170.2610 81
629.6090 170.2610 80
653.2570 170.2610 80
665.0810 170.2610 80
676.9040 170.2610 79
688.7280 170.2610 79
736.0220 170.2610 78
747.8460 170.2610 78
1492.7400 170.2610 66
1504.5600 170.2610 66
1516.3800 170.2610 65
1528.2100 170.2610 65
1540.0300 170.2610 65
1551.8500 170.2610 65
1563.6800 170.2610 65
1599.1500 170.2610 65
1610.9700 170.2610 65
1634.6200 170.2610 64
1646.4400 170.2610 64
1658.2700 170.2610 64
1670.0900 170.2610 64
1717.3900 170.2610 64
1729.2100 170.2610 64
1888.8300 164.3570 63
1877.0100 164.3570 63
1865.1800 164.3570 63
1853.3600 164.3570 63
1841.5300 164.3570 63
1829.7100 164.3570 63
1817.8900 164.3570 63
1806.0600 164.3570 63
1794.2400 164.3570 63
1782.4200 164.3570 63
1770.5900 164.3570 64
1758.7700 164.3570 64
907.4660 164.3570 75
895.6420 164.3570 75
883.8180 164.3570 75
871.9940 164.3570 76
860.1710 164.3570 76
848.3470 164.3570 76
836.5240 164.3570 76
824.7000 164.3570 76
812.8760 164.3570 77
801.0530 164.3570 77
789.2290 164.3570 77
777.4050 164.3570 77
517.2850 164.3570 83
529.1080 164.3570 83
576.4030 164.3570 82
588.2270 164.3570 81
600.0500 164.3570 81
623.6980 164.3570 81
635.5210 164.3570 80
647.3450 164.3570 80
706.4630 164.3570 79
718.2870 164.3570 79
1498.6500 164.3570 66
1510.4700 164.3570 66
1557.7700 164.3570 65
1569.5900 164.3570 65
1581.4100 164.3570 65
1605.0600 164.3570 65
1616.8900 164.3570 65
1628.7100 164.3570 65
1687.8300 164.3570 64
1699.6500 164.3570 64
1882.9200 158.4520 63
1871.0900 158.4520 63
1859.2700 158.4520 63
1847.4500 158.4520 63
1835.6200 158.4520 63
1823.8000 158.4520 63
1811.9700 158.4520 63
1800.1500 158.4520 64
1788.3300 158.4520 64
1776.5000 158.4520 64
1764.6800 158.4520 64
1752.8600 158.4520 64
901.5540 158.4520 75
889.7300 158.4520 75
877.9060 158.4520 76
866.0830 158.4520 76
854.2590 158.4520 76
842.4350 158.4520 76
830.6120 158.4520 77
818.7880 158.4520 77
806.9640 158.4520 77
795.1410 158.4520 77
783.3170 158.4520 77
771.4940 158.4520 78
523.1960 158.4510 83
546.8440 158.4510 83
558.6680 158.4510 82
570.4910 158.4510 82
653.2570 158.4510 80
665.0810 158.4510 80
676.9040 158.4510 80
700.5510 158.4510 79
712.3750 158.4510 79
724.1990 158.4510 79
1504.5600 158.4510 66
1528.2100 158.4510 66
1540.0300 158.4510 66
1551.8500 158.4510 65
1634.6200 158.4510 65
1646.4400 158.4510 65
1658.2700 158.4510 65
1681.9200 158.4510 64
1693.7400 158.4510 64
1705.5600 158.4510 64
1888.8300 152.5470 63
1877.0100 152.5470 63
1865.1800 152.5470 63
1853.3600 152.5470 63
1841.5300 152.5470 64
1829.7100 152.5470 64
1817.8900 152.5470 64
1806.0600 152.5470 64
1794.2400 152.5470 64
1782.4200 152.5470 64
1770.5900 152.5470 64
1758.7700 152.5470 64
907.4660 152.5470 75
895.6420 152.5470 75
883.8180 152.5470 76
871.9940 152.5470 76
860.1710 152.5470 76
848.3470 152.5470 76
836.5240 152.5470 77
824.7000 152.5470 77
812.8760 152.5470 77
801.0530 152.5470 77
789.2290 152.5470 78
777.4050 152.5470 78
505.4610 152.5460 84
517.2850 152.5460 83
529.1080 152.5460 83
540.9320 152.5460 83
552.7560 152.5460 83
576.4030 152.5460 82
588.2270 152.5460 82
600.0500 152.5460 82
611.8740 152.5460 81
623.6980 152.5460 81
635.5210 152.5460 81
647.3450 152.5460 80
659.1690 152.5460 80
694.6400 152.5460 79
706.4630 152.5460 79
718.2870 152.5460 79
730.1110 152.5460 79
741.9340 152.5460 78
1486.8200 152.5460 66
1498.6500 152.5460 66
1510.4700 152.5460 66
1522.3000 152.5460 66
1534.1200 152.5460 66
1557.7700 152.5460 66
1569.5900 152.5460 66
1581.4100 152.5460 65
1593.2400 152.5460 65
1605.0600 152.5460 65
1616.8900 152.5460 65
1628.7100 152.5460 65
1640.5300 152.5460 65
1676.0000 152.5460 65
1687.8300 152.5460 64
1699.6500 152.5460 64
1711.4700 152.5460 64
1723.3000 152.5460 64
1888.8300 2048.0600 8
1877.0100 2048.0600 9
1865.1800 2048.0600 9
1853.3600 2048.0600 10
1841.5300 2048.0600 10
1829.7100 2048.0600 10
1817.8900 2048.0600 11
1806.0600 2048.0600 11
1794.2400 2048.0600 11
1782.4200 2048.0600 12
1770.5900 2048.0600 12
1758.7700 2048.0600 13
1723.3000 2048.0600 14
1711.4700 2048.0600 14
1664.1800 2048.0600 16
1640.5300 2048.0600 17
1616.8900 2048.0600 17
1605.0600 2048.0600 18
1569.5900 2048.0600 19
1557.7700 2048.0600 19
1534.1200 2048.0600 20
1522.3000 2048.0600 21
1510.4700 2048.0600 21
1498.6500 2048.0600 21
907.4660 2048.0600 42
895.6420 2048.0600 42
883.8180 2048.0600 43
871.9940 2048.0600 43
860.1710 2048.0600 43
848.3470 2048.0600 44
836.5240 2048.0600 44
824.7000 2048.0600 45
812.8760 2048.0600 45
801.0530 2048.0600 45
789.2290 2048.0600 46
777.4050 2048.0600 46
741.9340 2048.0600 47
730.1110 2048.0600 48
682.8160 2048.0600 49
659.1690 2048.0600 50
635.5210 2048.0600 51
623.6980 2048.0600 51
588.2270 2048.0600 53
576.4030 2048.0600 53
552.7560 2048.0600 54
540.9320 2048.0600 54
529.1080 2048.0600 55
517.2850 2048.0600 55
511.3730 2042.1600 55
523.1960 2042.1600 55
570.4910 2042.1600 53
582.3150 2042.1600 53
594.1380 2042.1600 52
629.6090 2042.1600 51
641.4330 2042.1600 51
700.5510 2042.1600 49
712.3750 2042.1600 48
771.4940 2042.1600 46
783.3170 2042.1600 46
795.1410 2042.1600 46
806.9640 2042.1600 45
818.7880 2042.1600 45
830.6120 2042.1600 44
842.4350 2042.1600 44
854.2590 2042.1600 44
866.0830 2042.1600 43
877.9060 2042.1600 43
889.7300 2042.1600 42
901.5540 2042.1600 42
1492.7400 2042.1600 22
1504.5600 2042.1600 21
1551.8500 2042.1600 20
1563.6800 2042.1600 19
1575.5000 2042.1600 19
1610.9700 2042.1600 18
1622.8000 2042.1600 17
1681.9200 2042.1600 15
1693.7400 2042.1600 15
1752.8600 2042.1600 13
1764.6800 2042.1600 12
1776.5000 2042.1600 12
1788.3300 2042.1600 12
1800.1500 2042.1600 11
1811.9700 2042.1600 11
1823.8000 2042.1600 10
1835.6200 2042.1600 10
1847.4500 2042.1600 10
1859.2700 2042.1600 9
1871.0900 2042.1600 9
1882.9200 2042.1600 9
1888.8300 2036.2500 8
1877.0100 2036.2500 9
1865.1800 2036.2500 9
1853.3600 2036.2500 9
1841.5300 2036.2500 10
1829.7100 2036.2500 10
1817.8900 2036.2500 11
1806.0600 2036.2500 11
1794.2400 2036.2500 11
1782.4200 2036.2500 12
1770.5900 2036.2500 12
1758.7700 2036.2500 13
1711.4700 2036.2500 14
1699.6500 2036.2500 15
1687.8300 2036.2500 15
1652.3600 2036.2500 16
1640.5300 2036.2500 17
1557.7700 2036.2500 19
1545.9400 2036.2500 20
1534.1200 2036.2500 20
1498.6500 2036.2500 21
907.4660 2036.2500 42
895.6420 2036.2500 42
883.8180 2036.2500 43
871.9940 2036.2500 43
860.1710 2036.2500 43
848.3470 2036.2500 44
836.5240 2036.2500 44
824.7000 2036.2500 45
812.8760 2036.2500 45
801.0530 2036.2500 45
789.2290 2036.2500 46
777.4050 2036.2500 46
730.1110 2036.2500 48
718.2870 2036.2500 48
706.4630 2036.2500 49
670.9920 2036.2500 50
659.1690 2036.2500 50
576.4030 2036.2500 53
564.5790 2036.2500 53
552.7560 2036.2500 54
517.2850 2036.2500 55
511.3730 2030.3500 55
523.1960 2030.3500 55
546.8440 2030.3500 54
558.6680 2030.3500 54
582.3150 2030.3500 53
605.9620 2030.3500 52
629.6090 2030.3500 51
653.2570 2030.3500 50
665.0810 2030.3500 50
688.7280 2030.3500 49
700.5510 2030.3500 49
712.3750 2030.3500 48
724.1990 2030.3500 48
736.0220 2030.3500 48
747.8460 2030.3500 47
771.4940 2030.3500 46
783.3170 2030.3500 46
795.1410 2030.3500 46
806.9640 2030.3500 45
818.7880 2030.3500 45
830.6120 2030.3500 44
842.4350 2030.3500 44
854.2590 2030.3500 44
866.0830 2030.3500 43
877.9060 2030.3500 43
889.7300 2030.3500 42
901.5540 2030.3500 42
1492.7400 2030.3500 22
1504.5600 2030.3500 21
1528.2100 2030.3500 20
1540.0300 2030.3500 20
1563.6800 2030.3500 19
1587.3300 2030.3500 18
1610.9700 2030.3500 18
1634.6200 2030.3500 17
1646.4400 2030.3500 16
1670.0900 2030.3500 16
1681.9200 2030.3500 15
1693.7400 2030.3500 15
1705.5600 2030.3500 14
1717.3900 2030.3500 14
1729.2100 2030.3500 14
1752.8600 2030.3500 13
1764.6800 2030.3500 12
1776.5000 2030.3500 12
1788.3300 2030.3500 12
1800.1500 2030.3500 11
1811.9700 2030.3500 11
1823.8000 2030.3500 10
1835.6200 2030.3500 10
1847.4500 2030.3500 10
1859.2700 2030.3500 9
1871.0900 2030.3500 9
1882.9200 2030.3500 8
1888.8300 170.2620 63
1877.0100 170.2620 63
1865.1800 170.2620 63
1853.3600 170.2620 63
1841.5300 170.2620 63
1829.7100 170.2620 63
1817.8900 170.2620 63
1806.0600 170.2620 63
1794.2400 170.2620 63
1782.4200 170.2620 63
1770.5900 170.2620 63
1758.7700 170.2620 63
907.4660 170.2620 75
895.6420 170.2620 75
883.8180 170.2620 75
871.9940 170.2620 75
860.1710 170.2620 76
848.3470 170.2620 76
836.5240 170.2620 76
824.7000 170.2620 76
812.8760 170.2620 77
801.0530 170.2620 77
789.2290 170.2620 77
777.4050 170.2620 77
517.2850 170.2610 83
529.1080 170.2610 83
540.9320 170.2610 82
552.7560 170.2610 82
576.4030 170.2610 82
588.2270 170.2610 81
623.6980 170.2610 81
635.5210 170.2610 80
659.1690 170.2610 80
682.8160 170.2610 79
730.1110 170.2610 78
741.9340 170.2610 78
1498.6500 170.2610 66
1510.4700 170.2610 66
1522.3000 170.2610 65
1534.1200 170.2610 65
1557.7700 170.2610 65
1569.5900 170.2610 65
1605.0600 170.2610 65
1616.8900 170.2610 64
1640.5300 170.2610 64
1664.1800 170.2610 64
1711.4700 170.2610 64
1723.3000 170.2610 64
1882.9200 164.3570 63
1871.0900 164.3570 63
1859.2700 164.3570 63
1847.4500 164.3570 63
1835.6200 164.3570 63
1823.8000 164.3570 63
1811.9700 164.3570 63
1800.1500 164.3570 63
1788.3300 164.3570 63
1776.5000 164.3570 64
1764.6800 164.3570 64
1752.8600 164.3570 64
901.5540 164.3570 75
889.7300 164.3570 75
877.9060 164.3570 75
866.0830 164.3570 76
854.2590 164.3570 76
842.4350 164.3570 76
830.6120 164.3570 76
818.7880 164.3570 77
806.9640 164.3570 77
795.1410 164.3570 77
783.3170 164.3570 77
771.4940 164.3570 78
511.3730 164.3570 83
523.1960 164.3570 83
570.4910 164.3570 82
582.3150 164.3570 82
594.1380 164.3570 81
629.6090 164.3570 81
641.4330 164.3570 80
700.5510 164.3570 79
712.3750 164.3570 79
1492.7400 164.3570 66
1504.5600 164.3570 66
1551.8500 164.3570 65
1563.6800 164.3570 65
1575.5000 164.3570 65
1610.9700 164.3570 65
1622.8000 164.3570 65
1681.9200 164.3570 64
1693.7400 164.3570 64
1888.8300 158.4520 63
1877.0100 158.4520 63
1865.1800 158.4520 63
1853.3600 158.4520 63
1841.5300 158.4520 63
1829.7100 158.4520 63
1817.8900 158.4520 63
1806.0600 158.4520 64
1794.2400 158.4520 64
1782.4200 158.4520 64
1770.5900 158.4520 64
1758.7700 158.4520 64
907.4660 158.4520 75
895.6420 158.4520 75
883.8180 158.4520 75
871.9940 158.4520 76
860.1710 158.4520 76
848.3470 158.4520 76
836.5240 158.4520 76
824.7000 158.4520 77
812.8760 158.4520 77
801.0530 158.4520 77
789.2290 158.4520 77
777.4050 158.4520 78
517.2850 158.4510 83
552.7560 158.4510 82
564.5790 158.4510 82
576.4030 158.4510 82
659.1690 158.4510 80
670.9920 158.4510 80
706.4630 158.4510 79
718.2870 158.4510 79
730.1110 158.4510 79
1498.6500 158.4510 66
1534.1200 158.4510 66
1545.9400 158.4510 66
1557.7700 158.4510 65
1640.5300 158.4510 65
1652.3600 158.4510 65
1687.8300 158.4510 64
1699.6500 158.4510 64
1711.4700 158.4510 64
1882.9200 152.5470 63
1871.0900 152.5470 63
1859.2700 152.5470 63
1847.4500 152.5470 64
1835.6200 152.5470 64
1823.8000 152.5470 64
1811.9700 152.5470 64
1800.1500 152.5470 64
1788.3300 152.5470 64
1776.5000 152.5470 64
1764.6800 152.5470 64
1752.8600 152.5470 64
901.5540 152.5470 75
889.7300 152.5470 76
877.9060 152.5470 76
866.0830 152.5470 76
854.2590 152.5470 76
842.4350 152.5470 76
830.6120 152.5470 77
818.7880 152.5470 77
806.9640 152.5470 77
795.1410 152.5470 77
783.3170 152.5470 78
771.4940 152.5470 78
511.3730 152.5460 83
523.1960 152.5460 83
546.8440 152.5460 83
558.6680 152.5460 82
582.3150 152.5460 82
605.9620 152.5460 81
629.6090 152.5460 81
653.2570 152.5460 80
665.0810 152.5460 80
688.7280 152.5460 80
700.5510 152.5460 79
712.3750 152.5460 79
724.1990 152.5460 79
736.0220 152.5460 79
747.8460 152.5460 78
1492.7400 152.5460 66
1504.5600 152.5460 66
1528.2100 152.5460 66
1540.0300 152.5460 66
1563.6800 152.5460 66
1587.3300 152.5460 65
1610.9700 152.5460 65
1634.6200 152.5460 65
1646.4400 152.5460 65
1670.0900 152.5460 65
1681.9200 152.5460 65
1693.7400 152.5460 64
1705.5600 152.5460 64
1717.3900 152.5460 64
1729.2100 152.5460 64
1885.8700 2051.0200 9
1874.0500 2051.0200 9
1862.2200 2051.0200 9
1850.4000 2051.0200 10
1838.5800 2051.0200 10
1826.7500 2051.0200 10
1814.9300 2051.0200 11
1803.1100 2051.0200 11
1791.2800 2051.0200 12
1779.4600 2051.0200 12
1767.6400 2051.0200 12
1755.8100 2051.0200 13
904.5100 2051.0200 42
892.6860 2051.0200 42
880.8620 2051.0200 43
869.0390 2051.0200 43
857.2150 2051.0200 43
845.3910 2051.0200 44
833.5680 2051.0200 44
821.7440 2051.0200 45
809.9200 2051.0200 45
798.0970 2051.0200 45
786.2730 2051.0200 46
774.4500 2051.0200 46
768.5380 2045.1100 46
780.3610 2045.1100 46
792.1850 2045.1100 46
804.0090 2045.1100 45
815.8320 2045.1100 45
827.6560 2045.1100 44
839.4790 2045.1100 44
851.3030 2045.1100 44
863.1270 2045.1100 43
874.9500 2045.1100 43
886.7740 2045.1100 42
898.5980 2045.1100 42
910.4220 2045.1100 42
1749.9000 2045.1100 13
1761.7200 2045.1100 13
1773.5500 2045.1100 12
1785.3700 2045.1100 12
1797.1900 2045.1100 11
1809.0200 2045.1100 11
1820.8400 2045.1100 11
1832.6700 2045.1100 10
1844.4900 2045.1100 10
1856.3100 2045.1100 9
1868.1400 2045.1100 9
1879.9600 2045.1100 9
1891.7800 2045.1100 8
1885.8700 2039.2100 8
1874.0500 2039.2100 9
1862.2200 2039.2100 9
1850.4000 2039.2100 10
1838.5800 2039.2100 10
1826.7500 2039.2100 10
1814.9300 2039.2100 11
1803.1100 2039.2100 11
1791.2800 2039.2100 12
1779.4600 2039.2100 12
1767.6400 2039.2100 12
1755.8100 2039.2100 13
904.5100 2039.2100 42
892.6860 2039.2100 42
880.8620 2039.2100 43
869.0390 2039.2100 43
857.2150 2039.2100 43
845.3910 2039.2100 44
833.5680 2039.2100 44
821.7440 2039.2100 45
809.9200 2039.2100 45
798.0970 2039.2100 45
786.2730 2039.2100 46
774.4500 2039.2100 46
768.5380 2033.3000 46
780.3610 2033.3000 46
792.1850 2033.3000 46
804.0090 2033.3000 45
815.8320 2033.3000 45
827.6560 2033.3000 44
839.4790 2033.3000 44
851.3030 2033.3000 44
863.1270 2033.3000 43
874.9500 2033.3000 43
886.7740 2033.3000 42
898.5980 2033.3000 42
910.4220 2033.3000 42
1749.9000 2033.3000 13
1761.7200 2033.3000 12
1773.5500 2033.3000 12
1785.3700 2033.3000 12
1797.1900 2033.3000 11
1809.0200 2033.3000 11
1820.8400 2033.3000 10
1832.6700 2033.3000 10
1844.4900 2033.3000 10
1856.3100 2033.3000 9
1868.1400 2033.3000 9
1879.9600 2033.3000 9
1891.7800 2033.3000 8
1885.8700 2027.4000 8
1874.0500 2027.4000 9
1862.2200 2027.4000 9
1850.4000 2027.4000 9
1838.5800 2027.4000 10
1826.7500 2027.4000 10
1814.9300 2027.4000 11
1803.1100 2027.4000 11
1791.2800 2027.4000 11
1779.4600 2027.4000 12
1767.6400 2027.4000 12
1755.8100 2027.4000 13
904.5100 2027.4000 42
892.6860 2027.4000 42
880.8620 2027.4000 43
869.0390 2027.4000 43
857.2150 2027.4000 43
845.3910 2027.4000 44
833.5680 2027.4000 44
821.7440 2027.4000 45
809.9200 2027.4000 45
798.0970 2027.4000 45
786.2730 2027.4000 46
774.4500 2027.4000 46
774.4500 173.2150 77
786.2730 173.2150 77
798.0970 173.2150 77
809.9200 173.2150 77
821.7440 173.2150 76
833.5680 173.2150 76
845.3910 173.2150 76
857.2150 173.2150 76
869.0390 173.2150 75
880.8620 173.2150 75
892.6860 173.2150 75
904.5100 173.2150 75
1755.8100 173.2150 63
1767.6400 173.2150 63
1779.4600 173.2150 63
1791.2800 173.2150 63
1803.1100 173.2150 63
1814.9300 173.2150 63
1826.7500 173.2150 63
1838.5800 173.2150 63
1850.4000 173.2150 63
1862.2200 173.2150 63
1874.0500 173.2150 63
1885.8700 173.2150 63
1891.7800 167.3100 63
1879.9600 167.3100 63
1868.1400 167.3100 63
1856.3100 167.3100 63
1844.4900 167.3100 63
1832.6700 167.3100 63
1820.8400 167.3100 63
1809.0200 167.3100 63
1797.1900 167.3100 63
1785.3700 167.3100 63
1773.5500 167.3100 63
1761.7200 167.3100 63
1749.9000 167.3100 64
910.4220 167.3100 75
898.5980 167.3100 75
886.7740 167.3100 75
874.9500 167.3100 75
863.1270 167.3100 76
851.3030 167.3100 76
839.4790 167.3100 76
827.6560 167.3100 76
815.8320 167.3100 77
804.0090 167.3100 77
792.1850 167.3100 77
780.3610 167.3100 77
768.5380 167.3100 78
774.4500 161.4050 78
786.2730 161.4050 77
798.0970 161.4050 77
809.9200 161.4050 77
821.7440 161.4050 77
833.5680 161.4050 76
845.3910 161.4050 76
857.2150 161.4050 76
869.0390 161.4050 76
880.8620 161.4050 75
892.6860 161.4050 75
904.5100 161.4050 75
1755.8100 161.4050 64
1767.6400 161.4050 64
1779.4600 161.4050 64
1791.2800 161.4050 64
1803.1100 161.4050 63
1814.9300 161.4050 63
1826.7500 161.4050 63
1838.5800 161.4050 63
1850.4000 161.4050 63
1862.2200 161.4050 63
1874.0500 161.4050 63
1885.8700 161.4050 63
1891.7800 155.5000 63
1879.9600 155.5000 63
1868.1400 155.5000 63
1856.3100 155.5000 63
1844.4900 155.5000 63
1832.6700 155.5000 63
1820.8400 155.5000 64
1809.0200 155.5000 64
1797.1900 155.5000 64
1785.3700 155.5000 64
1773.5500 155.5000 64
1761.7200 155.5000 64
1749.9000 155.5000 64
910.4220 155.5000 75
898.5980 155.5000 75
886.7740 155.5000 76
874.9500 155.5000 76
863.1270 155.5000 76
851.3030 155.5000 76
839.4790 155.5000 76
827.6560 155.5000 77
815.8320 155.5000 77
804.0090 155.5000 77
792.1850 155.5000 77
780.3610 155.5000 78
768.5380 155.5000 78
774.4500 149.5950 78
786.2730 149.5950 78
798.0970 149.5950 77
809.9200 149.5950 77
821.7440 149.5950 77
833.5680 149.5950 77
845.3910 149.5950 76
857.2150 149.5950 76
869.0390 149.5950 76
880.8620 149.5950 76
892.6860 149.5950 76
904.5100 149.5950 75
1755.8100 149.5950 64
1767.6400 149.5950 64
1779.4600 149.5950 64
1791.2800 149.5950 64
1803.1100 149.5950 64
1814.9300 149.5950 64
1826.7500 149.5950 64
1838.5800 149.5950 64
1850.4000 149.5950 64
1862.2200 149.5950 64
1874.0500 149.5950 63
1885.8700 149.5950 63
0.0000 0.0000 100
2104.6100 1968.3500 0