n 1380 
m 10 
tmax 2831.900 
2918.0000 6528.0000 0
2925.0000 6597.0000 3
2926.0000 6609.0000 3
2927.0000 6312.0000 8
2930.0000 6328.0000 8
2934.0000 6545.0000 1
2938.0000 7412.0000 33
2941.0000 6456.0000 3
2945.0000 6284.0000 10
2947.0000 6663.0000 6
2948.0000 6513.0000 2
2948.0000 7456.0000 35
2950.0000 6350.0000 7
2950.0000 6480.0000 3
2951.0000 7293.0000 29
2959.0000 6385.0000 6
2963.0000 6476.0000 3
2965.0000 6450.0000 4
2965.0000 6602.0000 4
2968.0000 7322.0000 30
2969.0000 6212.0000 12
2972.0000 6406.0000 5
2973.0000 6671.0000 6
2977.0000 6493.0000 3
2981.0000 6576.0000 3
2982.0000 6333.0000 8
2983.0000 7487.0000 36
2987.0000 6551.0000 3
2995.0000 7425.0000 34
3001.0000 6577.0000 4
3002.0000 6598.0000 5
3004.0000 6394.0000 6
3005.0000 6345.0000 8
3007.0000 7303.0000 29
3009.0000 6209.0000 13
3009.0000 6657.0000 6
3010.0000 6230.0000 12
3010.0000 6643.0000 6
3014.0000 6478.0000 4
3018.0000 6382.0000 7
3019.0000 7435.0000 34
3020.0000 6429.0000 6
3021.0000 6137.0000 15
3024.0000 6768.0000 10
3025.0000 6547.0000 5
3026.0000 6604.0000 5
3026.0000 7407.0000 33
3026.0000 7421.0000 34
3029.0000 5998.0000 20
3029.0000 6048.0000 19
3033.0000 6180.0000 14
3033.0000 6639.0000 6
3035.0000 6801.0000 11
3036.0000 6232.0000 12
3036.0000 6669.0000 7
3038.0000 7183.0000 25
3038.0000 7291.0000 29
3042.0000 7212.0000 26
3045.0000 6035.0000 19
3045.0000 6846.0000 13
3046.0000 6527.0000 5
3046.0000 7502.0000 37
3048.0000 6270.0000 11
3048.0000 6488.0000 6
3048.0000 6886.0000 15
3049.0000 6691.0000 8
3051.0000 6572.0000 6
3052.0000 6596.0000 6
3052.0000 6753.0000 10
3053.0000 6639.0000 7
3055.0000 7323.0000 30
3056.0000 7378.0000 32
3057.0000 6012.0000 20
3057.0000 6351.0000 9
3058.0000 6070.0000 18
3062.0000 7227.0000 27
3063.0000 6054.0000 19
3064.0000 6217.0000 13
3065.0000 6534.0000 6
3068.0000 6450.0000 7
3068.0000 6788.0000 12
3068.0000 7146.0000 24
3072.0000 6121.0000 17
3076.0000 6326.0000 10
3078.0000 6724.0000 10
3079.0000 6259.0000 12
3080.0000 6857.0000 14
3082.0000 6348.0000 9
3083.0000 6505.0000 7
3086.0000 7082.0000 22
3087.0000 6768.0000 11
3087.0000 7046.0000 21
3088.0000 6091.0000 18
3088.0000 7339.0000 31
3090.0000 6962.0000 18
3093.0000 6059.0000 19
3093.0000 6374.0000 9
3093.0000 6414.0000 8
3093.0000 7177.0000 25
3095.0000 6567.0000 7
3096.0000 6686.0000 9
3097.0000 6766.0000 11
3097.0000 6984.0000 19
3099.0000 6275.0000 12
3099.0000 6833.0000 14
3101.0000 7028.0000 20
3102.0000 6459.0000 8
3103.0000 7463.0000 36
3104.0000 6870.0000 15
3107.0000 6900.0000 16
3110.0000 6091.0000 18
3113.0000 6336.0000 11
3115.0000 7272.0000 29
3116.0000 6445.0000 8
3116.0000 6489.0000 8
3117.0000 7239.0000 28
3118.0000 7194.0000 26
3122.0000 6617.0000 9
3124.0000 6563.0000 8
3124.0000 7075.0000 22
3125.0000 7161.0000 25
3128.0000 6113.0000 18
3130.0000 7349.0000 32
3135.0000 6650.0000 10
3139.0000 6528.0000 9
3140.0000 6372.0000 10
3140.0000 6807.0000 14
3141.0000 6324.0000 12
3143.0000 6440.0000 9
3143.0000 7104.0000 23
3144.0000 6595.0000 9
3145.0000 5877.0000 26
3145.0000 6750.0000 12
3145.0000 7447.0000 35
3146.0000 6063.0000 20
3147.0000 6176.0000 16
3147.0000 6981.0000 19
3148.0000 6097.0000 19
3148.0000 6902.0000 17
3148.0000 7403.0000 34
3152.0000 6204.0000 15
3155.0000 6692.0000 11
3157.0000 5987.0000 22
3159.0000 5921.0000 25
3159.0000 6482.0000 10
3161.0000 6627.0000 10
3163.0000 6220.0000 15
3165.0000 6020.0000 21
3167.0000 6844.0000 15
3170.0000 6146.0000 17
3170.0000 7025.0000 21
3171.0000 6372.0000 11
3175.0000 6440.0000 11
3175.0000 7163.0000 26
3176.0000 7033.0000 21
3177.0000 6887.0000 17
3179.0000 6246.0000 15
3179.0000 7078.0000 23
3182.0000 6331.0000 13
3182.0000 6578.0000 10
3182.0000 6810.0000 15
3183.0000 5959.0000 24
3183.0000 7202.0000 27
3186.0000 6354.0000 12
3186.0000 6469.0000 11
3188.0000 6184.0000 17
3188.0000 6672.0000 12
3188.0000 7242.0000 29
3188.0000 7304.0000 31
3189.0000 6617.0000 11
3194.0000 5840.0000 28
3194.0000 6531.0000 11
3195.0000 6031.0000 21
3196.0000 7354.0000 33
3201.0000 6507.0000 11
3203.0000 6221.0000 16
3203.0000 6930.0000 19
3203.0000 7370.0000 33
3205.0000 6412.0000 12
3205.0000 7014.0000 21
3206.0000 7425.0000 35
3208.0000 6743.0000 14
3208.0000 6860.0000 17
3211.0000 5999.0000 23
3212.0000 6360.0000 13
3214.0000 6564.0000 11
3214.0000 7119.0000 25
3215.0000 6709.0000 13
3216.0000 6115.0000 19
3217.0000 7074.0000 23
3218.0000 6482.0000 12
3218.0000 6673.0000 13
3219.0000 6636.0000 12
3220.0000 6396.0000 13
3220.0000 6868.0000 17
3222.0000 6992.0000 21
3224.0000 6262.0000 15
3225.0000 6180.0000 18
3225.0000 7283.0000 31
3227.0000 6951.0000 20
3228.0000 6241.0000 16
3228.0000 7468.0000 37
3230.0000 6050.0000 22
3230.0000 6303.0000 15
3231.0000 6833.0000 17
3234.0000 6449.0000 13
3240.0000 7257.0000 30
3241.0000 5956.0000 25
3241.0000 6806.0000 16
3244.0000 6696.0000 14
3245.0000 6479.0000 13
3245.0000 7040.0000 23
3247.0000 6222.0000 17
3247.0000 6594.0000 13
3247.0000 7384.0000 34
3251.0000 6670.0000 14
3252.0000 6879.0000 18
3253.0000 7013.0000 22
3253.0000 7334.0000 33
3253.0000 7451.0000 37
3254.0000 6637.0000 14
3255.0000 5840.0000 29
3257.0000 6251.0000 17
3258.0000 6503.0000 13
3259.0000 6332.0000 15
3261.0000 6101.0000 21
3262.0000 6982.0000 22
3264.0000 6735.0000 15
3266.0000 5874.0000 28
3267.0000 6133.0000 20
3268.0000 6938.0000 20
3269.0000 7278.0000 31
3270.0000 6012.0000 24
3270.0000 6558.0000 14
3272.0000 5994.0000 24
3275.0000 7480.0000 38
3276.0000 6459.0000 14
3278.0000 7163.0000 27
3281.0000 6521.0000 14
3282.0000 6792.0000 17
3284.0000 5940.0000 26
3285.0000 7434.0000 37
3288.0000 6170.0000 19
3288.0000 6294.0000 17
3289.0000 6203.0000 19
3289.0000 6817.0000 18
3292.0000 6452.0000 15
3294.0000 6654.0000 15
3295.0000 6737.0000 16
3296.0000 6114.0000 21
3296.0000 6342.0000 16
3296.0000 6512.0000 14
3296.0000 6602.0000 15
3296.0000 7079.0000 25
3301.0000 6897.0000 20
3302.0000 6138.0000 21
3302.0000 6364.0000 16
3302.0000 6572.0000 15
3303.0000 7012.0000 23
3304.0000 6231.0000 18
3305.0000 6263.0000 18
3306.0000 6706.0000 16
3307.0000 7184.0000 29
3310.0000 6391.0000 16
3310.0000 6490.0000 15
3310.0000 6622.0000 15
3313.0000 6600.0000 15
3314.0000 5898.0000 28
3316.0000 6102.0000 22
3319.0000 6878.0000 20
3320.0000 6859.0000 20
3322.0000 5956.0000 26
3322.0000 6189.0000 20
3323.0000 7155.0000 28
3324.0000 7129.0000 27
3325.0000 7223.0000 30
3328.0000 6735.0000 17
3329.0000 5833.0000 30
3329.0000 5896.0000 28
3329.0000 6986.0000 23
3333.0000 7057.0000 25
3334.0000 6638.0000 16
3335.0000 6253.0000 19
3336.0000 6088.0000 23
3336.0000 6124.0000 22
3336.0000 6360.0000 17
3336.0000 6662.0000 17
3337.0000 7128.0000 27
3337.0000 7335.0000 34
3339.0000 6065.0000 24
3339.0000 6756.0000 18
3340.0000 5974.0000 26
3340.0000 6424.0000 17
3340.0000 6908.0000 21
3341.0000 6177.0000 21
3341.0000 6305.0000 18
3341.0000 6820.0000 19
3341.0000 7490.0000 39
3345.0000 6469.0000 16
3351.0000 6889.0000 21
3351.0000 7198.0000 30
3353.0000 7048.0000 25
3353.0000 7376.0000 36
3355.0000 7255.0000 32
3358.0000 7024.0000 25
3359.0000 7454.0000 38
3362.0000 5997.0000 26
3364.0000 6412.0000 17
3364.0000 6913.0000 22
3366.0000 6174.0000 22
3366.0000 6501.0000 17
3368.0000 6993.0000 24
3369.0000 5819.0000 31
3369.0000 6698.0000 18
3369.0000 6835.0000 21
3370.0000 6111.0000 23
3371.0000 6489.0000 17
3375.0000 6450.0000 18
3376.0000 7219.0000 31
3377.0000 6964.0000 24
3378.0000 6093.0000 24
3378.0000 6531.0000 17
3379.0000 5933.0000 28
3379.0000 6809.0000 20
3381.0000 6372.0000 19
3381.0000 6556.0000 18
3381.0000 6740.0000 19
3382.0000 6232.0000 21
3382.0000 6654.0000 18
3382.0000 6707.0000 19
3382.0000 6860.0000 22
3386.0000 6015.0000 26
3388.0000 6951.0000 24
3390.0000 7505.0000 41
3391.0000 7068.0000 27
3392.0000 5909.0000 29
3392.0000 6420.0000 18
3394.0000 6258.0000 21
3394.0000 7102.0000 28
3395.0000 6795.0000 21
3398.0000 6296.0000 20
3398.0000 7178.0000 30
3398.0000 7327.0000 35
3400.0000 6586.0000 18
3404.0000 6166.0000 23
3404.0000 6633.0000 19
3404.0000 6950.0000 24
3405.0000 7046.0000 27
3406.0000 5820.0000 32
3406.0000 6080.0000 25
3406.0000 6194.0000 22
3406.0000 7166.0000 30
3409.0000 7117.0000 29
3410.0000 6776.0000 21
3411.0000 6130.0000 24
3411.0000 6336.0000 20
3412.0000 6509.0000 19
3413.0000 6691.0000 20
3413.0000 7017.0000 26
3415.0000 7453.0000 39
3417.0000 6022.0000 27
3418.0000 6364.0000 20
3418.0000 6405.0000 19
3419.0000 6479.0000 19
3421.0000 6973.0000 25
3422.0000 6535.0000 19
3423.0000 6053.0000 26
3425.0000 6875.0000 23
3427.0000 6294.0000 21
3427.0000 6853.0000 23
3427.0000 7021.0000 27
3428.0000 5978.0000 28
3429.0000 7061.0000 28
3432.0000 6245.0000 22
3433.0000 6448.0000 20
3433.0000 7140.0000 30
3435.0000 6929.0000 25
3437.0000 6139.0000 24
3439.0000 7260.0000 34
3441.0000 7183.0000 31
3443.0000 6472.0000 20
3443.0000 6643.0000 20
3444.0000 6338.0000 21
3446.0000 6193.0000 24
3446.0000 6601.0000 20
3449.0000 7080.0000 29
3450.0000 7104.0000 29
3452.0000 6766.0000 22
3452.0000 7003.0000 27
3452.0000 7060.0000 28
3453.0000 6103.0000 26
3454.0000 6704.0000 21
3454.0000 7220.0000 33
3455.0000 6882.0000 24
3456.0000 6905.0000 25
3456.0000 6923.0000 25
3457.0000 6936.0000 25
3458.0000 6193.0000 24
3458.0000 6514.0000 20
3458.0000 7386.0000 38
3459.0000 6310.0000 22
3460.0000 6417.0000 21
3461.0000 6163.0000 25
3464.0000 6272.0000 23
3464.0000 6375.0000 21
3465.0000 7099.0000 30
3466.0000 6125.0000 26
3466.0000 6952.0000 26
3470.0000 6075.0000 27
3471.0000 6541.0000 21
3471.0000 7523.0000 42
3472.0000 6772.0000 23
3473.0000 6225.0000 24
3475.0000 6479.0000 21
3477.0000 6245.0000 24
3478.0000 6451.0000 21
3482.0000 6101.0000 27
3482.0000 6393.0000 22
3485.0000 6621.0000 22
3485.0000 7114.0000 31
3486.0000 6710.0000 22
3487.0000 5976.0000 30
3489.0000 6356.0000 22
3489.0000 6888.0000 25
3490.0000 6153.0000 26
3490.0000 6750.0000 23
3492.0000 7720.0000 49
3495.0000 5927.0000 31
3496.0000 6650.0000 22
3500.0000 6756.0000 24
3501.0000 6372.0000 23
3502.0000 6488.0000 22
3503.0000 6124.0000 27
3503.0000 6588.0000 22
3503.0000 6845.0000 25
3503.0000 7129.0000 31
3508.0000 7090.0000 31
3508.0000 7667.0000 48
3509.0000 6699.0000 23
3510.0000 6223.0000 25
3510.0000 7023.0000 29
3510.0000 7370.0000 38
3512.0000 7123.0000 32
3512.0000 7275.0000 36
3515.0000 6172.0000 26
3516.0000 6910.0000 27
3516.0000 6977.0000 28
3517.0000 7048.0000 30
3519.0000 7459.0000 41
3520.0000 7107.0000 31
3522.0000 6645.0000 23
3524.0000 6325.0000 24
3524.0000 6618.0000 23
3526.0000 6171.0000 26
3526.0000 6992.0000 29
3526.0000 7347.0000 38
3526.0000 7525.0000 44
3527.0000 6200.0000 26
3527.0000 6532.0000 23
3528.0000 6149.0000 27
3528.0000 6288.0000 25
3530.0000 6557.0000 23
3530.0000 7286.0000 36
3531.0000 6470.0000 23
3532.0000 6513.0000 23
3534.0000 7566.0000 45
3536.0000 6267.0000 25
3537.0000 6460.0000 23
3541.0000 6802.0000 26
3542.0000 6424.0000 24
3542.0000 6882.0000 27
3543.0000 6358.0000 24
3544.0000 6762.0000 25
3545.0000 6584.0000 24
3550.0000 6097.0000 29
3552.0000 6845.0000 27
3552.0000 7154.0000 33
3553.0000 6250.0000 26
3557.0000 6279.0000 26
3557.0000 6325.0000 25
3557.0000 7180.0000 34
3558.0000 7206.0000 35
3559.0000 6703.0000 25
3563.0000 6473.0000 24
3563.0000 7097.0000 32
3564.0000 6757.0000 26
3565.0000 6448.0000 25
3565.0000 6573.0000 24
3565.0000 6631.0000 25
3568.0000 6542.0000 24
3568.0000 6921.0000 29
3569.0000 6363.0000 25
3570.0000 6401.0000 25
3570.0000 7349.0000 39
3570.0000 7502.0000 44
3571.0000 7619.0000 47
3572.0000 7699.0000 50
3574.0000 7773.0000 52
3575.0000 6159.0000 28
3575.0000 6439.0000 25
3576.0000 6344.0000 26
3577.0000 7041.0000 31
3577.0000 7434.0000 42
3578.0000 6076.0000 30
3578.0000 6121.0000 29
3578.0000 6317.0000 26
3581.0000 6249.0000 27
3582.0000 6608.0000 25
3586.0000 6513.0000 25
3587.0000 6566.0000 25
3587.0000 6877.0000 28
3589.0000 6793.0000 27
3592.0000 6663.0000 26
3593.0000 6544.0000 25
3594.0000 7253.0000 37
3596.0000 6219.0000 28
3598.0000 7029.0000 32
3601.0000 6970.0000 31
3603.0000 6093.0000 30
3604.0000 6691.0000 26
3606.0000 7698.0000 51
3606.0000 7716.0000 51
3607.0000 7151.0000 35
3609.0000 6729.0000 27
3610.0000 6945.0000 30
3610.0000 7221.0000 37
3611.0000 6631.0000 26
3611.0000 6764.0000 27
3612.0000 6582.0000 26
3615.0000 7508.0000 45
3617.0000 6305.0000 28
3619.0000 7357.0000 41
3620.0000 7021.0000 32
3622.0000 6258.0000 28
3623.0000 6597.0000 27
3624.0000 6192.0000 29
3625.0000 6280.0000 28
3630.0000 6823.0000 29
3630.0000 7103.0000 34
3630.0000 7311.0000 40
3630.0000 7572.0000 47
3639.0000 6152.0000 30
3639.0000 6261.0000 29
3639.0000 6889.0000 30
3639.0000 7712.0000 52
3642.0000 6330.0000 28
3646.0000 7509.0000 46
3652.0000 7207.0000 37
3652.0000 7853.0000 56
3653.0000 6765.0000 29
3653.0000 7404.0000 43
3653.0000 7436.0000 44
3655.0000 6108.0000 32
3655.0000 6955.0000 32
3657.0000 6213.0000 30
3657.0000 6761.0000 29
3660.0000 6105.0000 32
3660.0000 7566.0000 48
3660.0000 7825.0000 56
3661.0000 6701.0000 29
3666.0000 6945.0000 32
3669.0000 6855.0000 31
3674.0000 7592.0000 49
3675.0000 7133.0000 36
3678.0000 7181.0000 37
3680.0000 6638.0000 29
3681.0000 6287.0000 30
3681.0000 6546.0000 29
3681.0000 6603.0000 29
3682.0000 6093.0000 33
3682.0000 7121.0000 36
3683.0000 6222.0000 31
3683.0000 7305.0000 41
3684.0000 6578.0000 29
3685.0000 7245.0000 39
3688.0000 6499.0000 29
3688.0000 7442.0000 45
3692.0000 6903.0000 32
3699.0000 6157.0000 32
3699.0000 7769.0000 55
3702.0000 6303.0000 31
3702.0000 7657.0000 51
3703.0000 6467.0000 30
3703.0000 7754.0000 54
3705.0000 6667.0000 30
3706.0000 6193.0000 32
3706.0000 6625.0000 30
3709.0000 7044.0000 35
3710.0000 7167.0000 38
3711.0000 6762.0000 31
3711.0000 7345.0000 42
3713.0000 6222.0000 32
3716.0000 6117.0000 34
3717.0000 6422.0000 30
3717.0000 7631.0000 51
3721.0000 6252.0000 32
3722.0000 6128.0000 34
3722.0000 7118.0000 37
3723.0000 6391.0000 31
3726.0000 6152.0000 33
3731.0000 6715.0000 31
3732.0000 6353.0000 31
3732.0000 6497.0000 31
3732.0000 7375.0000 44
3734.0000 6286.0000 32
3734.0000 6609.0000 31
3736.0000 6948.0000 34
3739.0000 7546.0000 49
3742.0000 6329.0000 32
3742.0000 6520.0000 31
3743.0000 6208.0000 33
3744.0000 6811.0000 33
3745.0000 6555.0000 31
3745.0000 6762.0000 32
3748.0000 7333.0000 43
3749.0000 6115.0000 35
3750.0000 6664.0000 32
3753.0000 7194.0000 40
3757.0000 6174.0000 34
3758.0000 7507.0000 48
3760.0000 7450.0000 47
3762.0000 7041.0000 37
3763.0000 7856.0000 59
3768.0000 7110.0000 38
3771.0000 6742.0000 33
3773.0000 7368.0000 45
3773.0000 7642.0000 52
3774.0000 6440.0000 32
3776.0000 7638.0000 52
3777.0000 6153.0000 35
3777.0000 6905.0000 35
3777.0000 7783.0000 57
3778.0000 6476.0000 32
3779.0000 6340.0000 33
3779.0000 7308.0000 43
3781.0000 6920.0000 35
3782.0000 6630.0000 33
3783.0000 6723.0000 33
3785.0000 6568.0000 33
3786.0000 6185.0000 35
3789.0000 6258.0000 34
3789.0000 7229.0000 42
3792.0000 6322.0000 34
3793.0000 6432.0000 33
3794.0000 7726.0000 55
3797.0000 7188.0000 41
3800.0000 6781.0000 34
3800.0000 6879.0000 35
3801.0000 6132.0000 36
3803.0000 6974.0000 37
3812.0000 7509.0000 49
3814.0000 6484.0000 34
3814.0000 7430.0000 47
3815.0000 6828.0000 35
3817.0000 7647.0000 53
3819.0000 6529.0000 34
3819.0000 7209.0000 42
3819.0000 7327.0000 45
3821.0000 6194.0000 36
3826.0000 7594.0000 52
3827.0000 6338.0000 35
3827.0000 6754.0000 35
3828.0000 7117.0000 40
3830.0000 6606.0000 34
3830.0000 7541.0000 51
3833.0000 7286.0000 44
3836.0000 7747.0000 57
3838.0000 6480.0000 34
3838.0000 6673.0000 35
3840.0000 6864.0000 37
3842.0000 7708.0000 56
3844.0000 6439.0000 35
3845.0000 6241.0000 36
3845.0000 6996.0000 39
3847.0000 6206.0000 37
3848.0000 7062.0000 40
3852.0000 7851.0000 60
3853.0000 6732.0000 36
3857.0000 7232.0000 44
3860.0000 7784.0000 58
3861.0000 6838.0000 37
3862.0000 6526.0000 35
3867.0000 7124.0000 42
3867.0000 7781.0000 58
3868.0000 7089.0000 41
3868.0000 7541.0000 52
3869.0000 6558.0000 36
3872.0000 6801.0000 37
3874.0000 7135.0000 42
3875.0000 7678.0000 56
3879.0000 7469.0000 50
3882.0000 6399.0000 36
3882.0000 7294.0000 46
3883.0000 6327.0000 37
3883.0000 6636.0000 36
3883.0000 6936.0000 39
3884.0000 6491.0000 36
3887.0000 7409.0000 49
3890.0000 7889.0000 62
3891.0000 6257.0000 38
3892.0000 7196.0000 44
3892.0000 7354.0000 48
3896.0000 7037.0000 41
3896.0000 7260.0000 46
3897.0000 7098.0000 42
3899.0000 6554.0000 37
3900.0000 7753.0000 58
3901.0000 7435.0000 50
3904.0000 6206.0000 39
3905.0000 6514.0000 37
3905.0000 7076.0000 42
3906.0000 6376.0000 37
3907.0000 7857.0000 62
3908.0000 6247.0000 38
3909.0000 6717.0000 38
3909.0000 6948.0000 40
3909.0000 7544.0000 53
3910.0000 7590.0000 54
3912.0000 6441.0000 37
3914.0000 6975.0000 41
3917.0000 6611.0000 37
3918.0000 7502.0000 52
3922.0000 6497.0000 38
3922.0000 7166.0000 44
3922.0000 7358.0000 49
3931.0000 6906.0000 40
3932.0000 6792.0000 39
3934.0000 6571.0000 38
3935.0000 6329.0000 39
3935.0000 7075.0000 43
3937.0000 7926.0000 64
3938.0000 7745.0000 59
3941.0000 7243.0000 47
3943.0000 6415.0000 39
3944.0000 6624.0000 38
3945.0000 6548.0000 38
3945.0000 7612.0000 56
3946.0000 7279.0000 47
3949.0000 7666.0000 57
3951.0000 6710.0000 39
3951.0000 7782.0000 60
3952.0000 6975.0000 42
3952.0000 7522.0000 53
3955.0000 6234.0000 40
3959.0000 7453.0000 52
3962.0000 6280.0000 40
3962.0000 7708.0000 59
3968.0000 7868.0000 63
3969.0000 6486.0000 39
3970.0000 6773.0000 40
3970.0000 6822.0000 41
3971.0000 6594.0000 39
3973.0000 6395.0000 40
3973.0000 6997.0000 43
3975.0000 7136.0000 45
3977.0000 6841.0000 41
3977.0000 6970.0000 43
3981.0000 7202.0000 47
3982.0000 7190.0000 47
3983.0000 7111.0000 45
3983.0000 7233.0000 48
3983.0000 7322.0000 49
3984.0000 7985.0000 67
3985.0000 6443.0000 40
3987.0000 6246.0000 41
3988.0000 7533.0000 55
3991.0000 6265.0000 41
3991.0000 7882.0000 64
3993.0000 7416.0000 52
3994.0000 7087.0000 45
3995.0000 6531.0000 40
3995.0000 7564.0000 56
3995.0000 7808.0000 62
3999.0000 7292.0000 49
4000.0000 7342.0000 50
4004.0000 6894.0000 43
4004.0000 6964.0000 44
4004.0000 6997.0000 44
4005.0000 6480.0000 41
4006.0000 7146.0000 47
4007.0000 6288.0000 42
4012.0000 7753.0000 61
4014.0000 6652.0000 41
4014.0000 7823.0000 63
4023.0000 7175.0000 48
4027.0000 6364.0000 42
4030.0000 7126.0000 47
4032.0000 6560.0000 42
4032.0000 7316.0000 51
4032.0000 7917.0000 66
4034.0000 6912.0000 44
4038.0000 7486.0000 55
4038.0000 7945.0000 67
4041.0000 6270.0000 43
4043.0000 7096.0000 47
4045.0000 6422.0000 42
4045.0000 6743.0000 43
4046.0000 6620.0000 42
4046.0000 6797.0000 43
4047.0000 7717.0000 61
4050.0000 8038.0000 70
4051.0000 7057.0000 47
4051.0000 7381.0000 53
4052.0000 7661.0000 60
4053.0000 6527.0000 42
4054.0000 6409.0000 43
4054.0000 7240.0000 50
4055.0000 6864.0000 44
4055.0000 7044.0000 47
4057.0000 7573.0000 58
4059.0000 7190.0000 49
4062.0000 7903.0000 66
4064.0000 6994.0000 46
4064.0000 7161.0000 49
4065.0000 7124.0000 48
4067.0000 6319.0000 44
4068.0000 7508.0000 56
4068.0000 7806.0000 64
4068.0000 8111.0000 73
4073.0000 6832.0000 45
4073.0000 7220.0000 50
4079.0000 7325.0000 52
4084.0000 6489.0000 44
4085.0000 6352.0000 44
4089.0000 6450.0000 44
4092.0000 7098.0000 49
4094.0000 7442.0000 55
4095.0000 6921.0000 46
4095.0000 7524.0000 57
4097.0000 7278.0000 52
4099.0000 7251.0000 52
4100.0000 6450.0000 44
4103.0000 6966.0000 47
4110.0000 7601.0000 60
4118.0000 6553.0000 45
4119.0000 7150.0000 50
4122.0000 6868.0000 47
4122.0000 7390.0000 55
4122.0000 7924.0000 68
4123.0000 6700.0000 45
4123.0000 7222.0000 52
4126.0000 6430.0000 45
4127.0000 6635.0000 45
4127.0000 7522.0000 58
4128.0000 7349.0000 54
4129.0000 8025.0000 71
4130.0000 6489.0000 45
4130.0000 7212.0000 52
4130.0000 7469.0000 57
4131.0000 6836.0000 47
4133.0000 6563.0000 45
4136.0000 6764.0000 46
4137.0000 7763.0000 64
4139.0000 6790.0000 47
4141.0000 7276.0000 53
4142.0000 6528.0000 46
4142.0000 7646.0000 62
4143.0000 7167.0000 51
4143.0000 7862.0000 67
4144.0000 6931.0000 48
4146.0000 7030.0000 49
4149.0000 6815.0000 47
4163.0000 6989.0000 49
4164.0000 7013.0000 50
4167.0000 6922.0000 49
4167.0000 7594.0000 61
4168.0000 7065.0000 51
4170.0000 7348.0000 56
4171.0000 7964.0000 71
4173.0000 7905.0000 69
4176.0000 6816.0000 48
4177.0000 6457.0000 47
4177.0000 7111.0000 52
4180.0000 7250.0000 54
4183.0000 7517.0000 60
4189.0000 6400.0000 48
4189.0000 6963.0000 50
4190.0000 7288.0000 55
4190.0000 7857.0000 68
4192.0000 6529.0000 47
4193.0000 7437.0000 58
4199.0000 6805.0000 49
4203.0000 6997.0000 51
4204.0000 6698.0000 48
4204.0000 7221.0000 54
4204.0000 7650.0000 63
4210.0000 6464.0000 48
4210.0000 7199.0000 54
4210.0000 7532.0000 61
4211.0000 6866.0000 50
4213.0000 6389.0000 49
4214.0000 6736.0000 49
4214.0000 7048.0000 52
4214.0000 7147.0000 53
4217.0000 6902.0000 50
4218.0000 6845.0000 50
4220.0000 7736.0000 66
4223.0000 7817.0000 68
4224.0000 6927.0000 51
4233.0000 7048.0000 53
4234.0000 6638.0000 49
4235.0000 7347.0000 58
4237.0000 7959.0000 72
4241.0000 7015.0000 52
4245.0000 6506.0000 49
4246.0000 6964.0000 52
4248.0000 7468.0000 61
4249.0000 7114.0000 54
4250.0000 6425.0000 50
4253.0000 7406.0000 59
4254.0000 6907.0000 52
4257.0000 6387.0000 50
4260.0000 7916.0000 72
4263.0000 7167.0000 55
4265.0000 6583.0000 50
4266.0000 6627.0000 50
4266.0000 6832.0000 51
4271.0000 7268.0000 57
4275.0000 6788.0000 51
4276.0000 7059.0000 54
4276.0000 7423.0000 60
4278.0000 7195.0000 56
4279.0000 7610.0000 65
4281.0000 6979.0000 53
4282.0000 6686.0000 51
4283.0000 6502.0000 51
4283.0000 6989.0000 54
4284.0000 7039.0000 54
4285.0000 6376.0000 51
4287.0000 6315.0000 52
4292.0000 6259.0000 52
4292.0000 7524.0000 63
4293.0000 6825.0000 52
4294.0000 6917.0000 53
4297.0000 7773.0000 69
4298.0000 6460.0000 51
4300.0000 6546.0000 51
4300.0000 6764.0000 52
4303.0000 6402.0000 52
4306.0000 6710.0000 52
4307.0000 6866.0000 53
4308.0000 7558.0000 64
4309.0000 7108.0000 56
4312.0000 6645.0000 52
4314.0000 6359.0000 52
4314.0000 6604.0000 52
4322.0000 6971.0000 55
4324.0000 6307.0000 53
4328.0000 6822.0000 54
4329.0000 7388.0000 61
4331.0000 7430.0000 62
4336.0000 6713.0000 53
4337.0000 6401.0000 53
4337.0000 7238.0000 59
4337.0000 7665.0000 68
4338.0000 7076.0000 57
4339.0000 7337.0000 61
4340.0000 6856.0000 54
4341.0000 7482.0000 64
4343.0000 7597.0000 66
4348.0000 6326.0000 54
4348.0000 6469.0000 53
4348.0000 6580.0000 53
4349.0000 6942.0000 55
4351.0000 6214.0000 55
4351.0000 6613.0000 53
4357.0000 6445.0000 54
4360.0000 6534.0000 54
4360.0000 6652.0000 54
4361.0000 7371.0000 62
4363.0000 6594.0000 54
4365.0000 6810.0000 55
4366.0000 6404.0000 54
4366.0000 6867.0000 55
4366.0000 7461.0000 64
4368.0000 6402.0000 54
4370.0000 6291.0000 55
4370.0000 7071.0000 58
4371.0000 6977.0000 57
4372.0000 6751.0000 55
4375.0000 6494.0000 54
4375.0000 7229.0000 60
4376.0000 7203.0000 60
4382.0000 7134.0000 59
4384.0000 6229.0000 56
4388.0000 6692.0000 55
4391.0000 6189.0000 56
4393.0000 6834.0000 56
4393.0000 7533.0000 66
4395.0000 7052.0000 58
4396.0000 6435.0000 55
4396.0000 6866.0000 56
4396.0000 7630.0000 68
4398.0000 6322.0000 56
4398.0000 6369.0000 55
4398.0000 7052.0000 58
4400.0000 6291.0000 56
4404.0000 6943.0000 57
4405.0000 6541.0000 55
4408.0000 7239.0000 61
4410.0000 7417.0000 65
4413.0000 6718.0000 56
4414.0000 7586.0000 68
4416.0000 6680.0000 56
4417.0000 7353.0000 64
4418.0000 6628.0000 56
4418.0000 6792.0000 57
4419.0000 7651.0000 70
4421.0000 6591.0000 56
4421.0000 7474.0000 66
4423.0000 6914.0000 58
4424.0000 7151.0000 61
4430.0000 6829.0000 57
4430.0000 7318.0000 63
4433.0000 7033.0000 59
4443.0000 6389.0000 57
4444.0000 7500.0000 67
4448.0000 6334.0000 57
4452.0000 7389.0000 65
4454.0000 6868.0000 58
4454.0000 7690.0000 72
4461.0000 7222.0000 63
4466.0000 6740.0000 58
4469.0000 7236.0000 63
4470.0000 6789.0000 59
4471.0000 6423.0000 58
4472.0000 7563.0000 69
4477.0000 7177.0000 63
4478.0000 6483.0000 58
4478.0000 7114.0000 62
4478.0000 7476.0000 68
4480.0000 7029.0000 61
4480.0000 7158.0000 63
4480.0000 7635.0000 71
4481.0000 6681.0000 58
4481.0000 7315.0000 65
4484.0000 6646.0000 58
4488.0000 6512.0000 58
4493.0000 7291.0000 65
4497.0000 6973.0000 61
4498.0000 7703.0000 73
4500.0000 6665.0000 59
4501.0000 6884.0000 60
4501.0000 7412.0000 67
4502.0000 6572.0000 59
4506.0000 7554.0000 70
4507.0000 6552.0000 59
4508.0000 6491.0000 59
4511.0000 7619.0000 72
4514.0000 6832.0000 60
4517.0000 6930.0000 61
4519.0000 6707.0000 60
4521.0000 7721.0000 74
4525.0000 7436.0000 69
4526.0000 7069.0000 63
4528.0000 6430.0000 60
4533.0000 7359.0000 67
4535.0000 7032.0000 63
4535.0000 7118.0000 64
4538.0000 6901.0000 62
4539.0000 7645.0000 73
4542.0000 6455.0000 60
4542.0000 7177.0000 65
4543.0000 6534.0000 60
4545.0000 6355.0000 61
4546.0000 6398.0000 61
4549.0000 7243.0000 66
4551.0000 6988.0000 63
4551.0000 7599.0000 73
4555.0000 8101.0000 84
4558.0000 6772.0000 62
4561.0000 7198.0000 66
4561.0000 7673.0000 74
4563.0000 6673.0000 61
4566.0000 7130.0000 65
4567.0000 7387.0000 69
4568.0000 6527.0000 61
4569.0000 7266.0000 67
4572.0000 7504.0000 71
4574.0000 6553.0000 62
4575.0000 6488.0000 62
4576.0000 7710.0000 76
4577.0000 6770.0000 62
4577.0000 7649.0000 74
4579.0000 7338.0000 69
4581.0000 7203.0000 67
4582.0000 6897.0000 63
4584.0000 6838.0000 63
4584.0000 8095.0000 85
4585.0000 7186.0000 67
4587.0000 6512.0000 62
4588.0000 6585.0000 62
4590.0000 6416.0000 62
4591.0000 7078.0000 65
4594.0000 7549.0000 73
4597.0000 8040.0000 84
4598.0000 7614.0000 74
4598.0000 7690.0000 76
4601.0000 6907.0000 64
4602.0000 6999.0000 65
4602.0000 7125.0000 66
4606.0000 7042.0000 66
4606.0000 7394.0000 70
4608.0000 7263.0000 68
4608.0000 7290.0000 69
4610.0000 6440.0000 63
4611.0000 7630.0000 75
4613.0000 7451.0000 72
4615.0000 6802.0000 64
4617.0000 7420.0000 71
4623.0000 6479.0000 63
4625.0000 7716.0000 77
4626.0000 7077.0000 67
4626.0000 8069.0000 85
4628.0000 6707.0000 64
4629.0000 7830.0000 80
4629.0000 8024.0000 84
4630.0000 6911.0000 65
4630.0000 7574.0000 74
4631.0000 7327.0000 70
4632.0000 6522.0000 64
4632.0000 6775.0000 64
4633.0000 7207.0000 69
4634.0000 7654.0000 76
4638.0000 8095.0000 86
4639.0000 6747.0000 64
4641.0000 6678.0000 64
4644.0000 6844.0000 65
4645.0000 6893.0000 66
4645.0000 7550.0000 75
4647.0000 7883.0000 82
4649.0000 6493.0000 64
4649.0000 7401.0000 72
4651.0000 7762.0000 79
4654.0000 6816.0000 65
4655.0000 7981.0000 84
4657.0000 6925.0000 66
4657.0000 7947.0000 83
4658.0000 7846.0000 81
4659.0000 6599.0000 65
4660.0000 7601.0000 76
4661.0000 7475.0000 74
4662.0000 7205.0000 69
4663.0000 7014.0000 67
4664.0000 7798.0000 80
4664.0000 8123.0000 88
4668.0000 7139.0000 69
4669.0000 7717.0000 79
4671.0000 7612.0000 76
4672.0000 6783.0000 66
4674.0000 6845.0000 66
4675.0000 6711.0000 66
4678.0000 7555.0000 76
4680.0000 7629.0000 77
4683.0000 8040.0000 86
4686.0000 7928.0000 84
4693.0000 7382.0000 73
4695.0000 7109.0000 69
4696.0000 6665.0000 66
4697.0000 7297.0000 72
4699.0000 7344.0000 73
4699.0000 7760.0000 80
4700.0000 7253.0000 71
4700.0000 7446.0000 74
4700.0000 7980.0000 85
4701.0000 6934.0000 68
4705.0000 6877.0000 68
4710.0000 7049.0000 69
4713.0000 7549.0000 77
4713.0000 8130.0000 89
4714.0000 8093.0000 88
4715.0000 7283.0000 72
4715.0000 7828.0000 82
4715.0000 7857.0000 83
4718.0000 7143.0000 71
4718.0000 7824.0000 82
4725.0000 6742.0000 68
4727.0000 7241.0000 72
4729.0000 7642.0000 79
4730.0000 7598.0000 78
4730.0000 7684.0000 80
4735.0000 7735.0000 81
4736.0000 6617.0000 68
4736.0000 7000.0000 70
4736.0000 7494.0000 76
4738.0000 7791.0000 82
4738.0000 7994.0000 87
4739.0000 8087.0000 89
4740.0000 6659.0000 68
4741.0000 7766.0000 82
4743.0000 7314.0000 74
4743.0000 7947.0000 86
4744.0000 7084.0000 71
4748.0000 7591.0000 79
4748.0000 8027.0000 88
4749.0000 8174.0000 91
4751.0000 6913.0000 70
4751.0000 7920.0000 85
4753.0000 6958.0000 70
4756.0000 7869.0000 84
4760.0000 7169.0000 72
4761.0000 6760.0000 69
4763.0000 6889.0000 70
4766.0000 7407.0000 76
4766.0000 7694.0000 81
4767.0000 8112.0000 90
4768.0000 7209.0000 73
4768.0000 7338.0000 75
4770.0000 6683.0000 69
4771.0000 7586.0000 79
4772.0000 7938.0000 86
4773.0000 6930.0000 70
4774.0000 7775.0000 83
4776.0000 7640.0000 80
4776.0000 7910.0000 86
4778.0000 7735.0000 82
4778.0000 8065.0000 89
4780.0000 8002.0000 88
4784.0000 7311.0000 75
4791.0000 7259.0000 75
4792.0000 7073.0000 72
4794.0000 7620.0000 81
4795.0000 6713.0000 70
4795.0000 7827.0000 85
4796.0000 7018.0000 72
4800.0000 7873.0000 86
4801.0000 7572.0000 80
4803.0000 7911.0000 87
4805.0000 7327.0000 76
4809.0000 6974.0000 72
4812.0000 7126.0000 74
4812.0000 7233.0000 75
4813.0000 6920.0000 72
4817.0000 7673.0000 82
4820.0000 7942.0000 88
4822.0000 7067.0000 73
4823.0000 7507.0000 79
4827.0000 7980.0000 89
4829.0000 7701.0000 83
4833.0000 7293.0000 77
4836.0000 7192.0000 75
4838.0000 7813.0000 86
4839.0000 7635.0000 82
4839.0000 7685.0000 83
4840.0000 7129.0000 75
4846.0000 6963.0000 73
4849.0000 7759.0000 85
4852.0000 7886.0000 88
4859.0000 7719.0000 84
4861.0000 7926.0000 89
4863.0000 7157.0000 76
4863.0000 7599.0000 82
4865.0000 7808.0000 86
4867.0000 7662.0000 84
4868.0000 7835.0000 87
4869.0000 7551.0000 82
4875.0000 7956.0000 90
4876.0000 7366.0000 79
4881.0000 6947.0000 75
4883.0000 7025.0000 75
4883.0000 7755.0000 86
4885.0000 7530.0000 82
4885.0000 7863.0000 88
4886.0000 7634.0000 84
4887.0000 7187.0000 77
4887.0000 7236.0000 78
4891.0000 7124.0000 76
4892.0000 7393.0000 80
4895.0000 7585.0000 83
4897.0000 7267.0000 78
4898.0000 7321.0000 79
4899.0000 7005.0000 76
4899.0000 8000.0000 91
4904.0000 7788.0000 87
4906.0000 7907.0000 90
4909.0000 7066.0000 77
4910.0000 7698.0000 86
4912.0000 7847.0000 89
4916.0000 7802.0000 88
4917.0000 7536.0000 83
4918.0000 7492.0000 82
4919.0000 7958.0000 91
4920.0000 7661.0000 85
4920.0000 7743.0000 87
4930.0000 7178.0000 78
4933.0000 7636.0000 85
4939.0000 7887.0000 90
4943.0000 7929.0000 91
4944.0000 7985.0000 93
4945.0000 7869.0000 90
4947.0000 7528.0000 84
4954.0000 7673.0000 87
4954.0000 7864.0000 90
4955.0000 7288.0000 81
4956.0000 7220.0000 80
4963.0000 7343.0000 82
4964.0000 7318.0000 81
4968.0000 7724.0000 88
4971.0000 7474.0000 84
4977.0000 7767.0000 89
4979.0000 8026.0000 94
4980.0000 7814.0000 90
4982.0000 8073.0000 96
4985.0000 7143.0000 80
4988.0000 7490.0000 85
4988.0000 7882.0000 92
4990.0000 7364.0000 83
4992.0000 7407.0000 84
4996.0000 7741.0000 89
4996.0000 8017.0000 95
4997.0000 7983.0000 94
5000.0000 7246.0000 82
5000.0000 7592.0000 87
5005.0000 7643.0000 88
5009.0000 7698.0000 89
5013.0000 7313.0000 83
5013.0000 7574.0000 87
5013.0000 7828.0000 91
5019.0000 8067.0000 97
5021.0000 7083.0000 81
5024.0000 7434.0000 85
5025.0000 7190.0000 82
5025.0000 7515.0000 86
5025.0000 8085.0000 97
5029.0000 7867.0000 93
5036.0000 7421.0000 85
5038.0000 7114.0000 82
5040.0000 7241.0000 83
5041.0000 7344.0000 84
5045.0000 7623.0000 89
5048.0000 8141.0000 99
5057.0000 7723.0000 91
5061.0000 7063.0000 82
5064.0000 7459.0000 87
5065.0000 7284.0000 84
5065.0000 7543.0000 88
5069.0000 6992.0000 82
5070.0000 7490.0000 87
5071.0000 8133.0000 100
5077.0000 7714.0000 91
5077.0000 7744.0000 92
5080.0000 7382.0000 86
5080.0000 7595.0000 89
5085.0000 7074.0000 83
5086.0000 7641.0000 90
5088.0000 7681.0000 91
5090.0000 7158.0000 84
5093.0000 7186.0000 84
5103.0000 7037.0000 83
5103.0000 7231.0000 85
5116.0000 7131.0000 85
5117.0000 7614.0000 91
5126.0000 7292.0000 87
5131.0000 7473.0000 89
5136.0000 7469.0000 89
5141.0000 7094.0000 85
5149.0000 7419.0000 89
5155.0000 7064.0000 85
5156.0000 7259.0000 87
5158.0000 7404.0000 89
5162.0000 7172.0000 87
5167.0000 7134.0000 86
5169.0000 7560.0000 92
5175.0000 7503.0000 91
5190.0000 7226.0000 88
5193.0000 7432.0000 91
5193.0000 7473.0000 91
5195.0000 7089.0000 87
5202.0000 7192.0000 88
5206.0000 7285.0000 89
5206.0000 7358.0000 90
5211.0000 7329.0000 90
5212.0000 7134.0000 88
5219.0000 7419.0000 91
5239.0000 7285.0000 91
5250.0000 7312.0000 91
5259.0000 7234.0000 91
5263.0000 7358.0000 92
5294.0000 7376.0000 94
2918.0000 6528.0000 0