n 2320 
m 10 
tmax 11712.800 
3400.0000 2500.0000 0
3500.0000 2500.0000 2
3600.0000 2400.0000 4
3700.0000 2500.0000 5
3700.0000 2400.0000 5
3600.0000 2500.0000 4
3400.0000 2400.0000 2
3300.0000 2400.0000 3
3300.0000 2300.0000 4
3400.0000 2300.0000 4
3500.0000 2300.0000 4
3400.0000 2200.0000 5
3400.0000 2100.0000 7
3700.0000 1900.0000 11
3500.0000 2100.0000 7
3500.0000 2200.0000 5
3600.0000 2100.0000 7
3700.0000 2100.0000 8
3600.0000 2200.0000 6
3600.0000 2300.0000 5
3700.0000 2200.0000 7
3800.0000 2100.0000 9
3900.0000 2200.0000 9
4000.0000 2100.0000 11
3900.0000 2100.0000 10
3800.0000 2200.0000 8
3800.0000 2300.0000 7
3700.0000 2300.0000 6
3800.0000 2400.0000 7
3900.0000 2400.0000 8
4000.0000 2400.0000 10
3900.0000 2300.0000 9
4000.0000 2300.0000 10
4100.0000 2300.0000 11
4000.0000 2200.0000 11
4100.0000 2100.0000 13
4100.0000 2200.0000 12
4200.0000 2100.0000 14
4300.0000 2200.0000 15
4400.0000 2100.0000 17
4300.0000 2100.0000 15
4200.0000 2200.0000 13
4200.0000 2300.0000 13
4200.0000 2400.0000 13
4300.0000 2300.0000 14
4400.0000 2300.0000 16
4500.0000 2200.0000 18
4400.0000 2200.0000 16
4500.0000 2100.0000 18
4600.0000 2100.0000 19
4600.0000 2200.0000 19
4700.0000 2300.0000 20
4600.0000 2300.0000 19
4700.0000 2200.0000 21
4800.0000 2300.0000 22
4900.0000 2300.0000 23
5000.0000 2300.0000 25
4900.0000 2200.0000 23
4800.0000 2200.0000 22
4800.0000 2100.0000 22
4900.0000 2100.0000 24
5000.0000 2100.0000 25
5000.0000 2200.0000 25
5100.0000 2100.0000 27
5100.0000 2200.0000 26
5200.0000 2100.0000 28
5300.0000 2200.0000 29
5400.0000 2100.0000 31
5300.0000 2100.0000 30
5200.0000 2200.0000 28
5200.0000 2300.0000 28
5100.0000 2300.0000 26
5200.0000 2400.0000 28
5300.0000 2300.0000 29
5400.0000 2300.0000 31
5500.0000 2200.0000 32
5400.0000 2200.0000 31
5500.0000 2100.0000 33
5600.0000 2100.0000 34
5700.0000 2100.0000 36
5600.0000 2200.0000 34
5700.0000 2300.0000 35
5600.0000 2300.0000 34
5700.0000 2200.0000 35
5800.0000 2300.0000 37
5900.0000 2200.0000 38
5800.0000 2200.0000 37
5800.0000 2100.0000 37
5900.0000 2100.0000 39
6000.0000 2100.0000 40
6000.0000 2200.0000 40
6100.0000 2100.0000 41
6100.0000 2200.0000 41
6200.0000 2100.0000 43
6300.0000 2200.0000 44
6400.0000 2100.0000 46
6300.0000 2100.0000 44
6200.0000 2200.0000 43
6200.0000 2300.0000 43
6300.0000 2400.0000 44
6200.0000 2400.0000 43
6400.0000 2200.0000 46
6600.0000 2100.0000 49
6600.0000 2200.0000 49
6500.0000 2100.0000 47
6500.0000 2200.0000 47
6400.0000 2300.0000 46
6400.0000 2400.0000 46
6500.0000 2400.0000 47
6600.0000 2300.0000 49
6600.0000 2400.0000 49
6600.0000 2500.0000 49
6500.0000 2500.0000 47
6600.0000 2600.0000 49
6500.0000 2600.0000 47
6400.0000 2500.0000 46
6300.0000 2600.0000 44
6300.0000 2700.0000 44
6300.0000 2800.0000 44
6400.0000 2800.0000 46
6600.0000 2700.0000 49
6600.0000 2800.0000 49
6500.0000 2800.0000 47
6400.0000 2700.0000 46
6500.0000 2700.0000 47
6400.0000 2600.0000 46
6300.0000 2500.0000 44
6200.0000 2500.0000 43
6100.0000 2500.0000 41
6100.0000 2400.0000 41
6000.0000 2300.0000 40
6000.0000 2400.0000 40
6000.0000 2500.0000 40
5900.0000 2500.0000 38
5900.0000 2400.0000 38
5800.0000 2500.0000 37
5800.0000 2400.0000 37
5700.0000 2500.0000 35
5700.0000 2400.0000 35
5600.0000 2500.0000 34
5600.0000 2400.0000 34
5500.0000 2300.0000 32
5500.0000 2400.0000 32
5400.0000 2400.0000 31
5500.0000 2500.0000 32
5400.0000 2500.0000 31
5300.0000 2500.0000 29
5300.0000 2400.0000 29
5200.0000 2500.0000 28
5100.0000 2500.0000 26
5100.0000 2400.0000 26
5000.0000 2400.0000 25
5000.0000 2500.0000 25
4900.0000 2500.0000 23
4900.0000 2400.0000 23
4800.0000 2500.0000 22
4800.0000 2400.0000 22
4700.0000 2500.0000 20
4700.0000 2400.0000 20
4600.0000 2500.0000 19
4600.0000 2400.0000 19
4500.0000 2300.0000 17
4500.0000 2400.0000 17
4400.0000 2400.0000 16
4500.0000 2500.0000 17
4400.0000 2500.0000 16
4300.0000 2500.0000 14
4300.0000 2400.0000 14
4200.0000 2500.0000 13
4100.0000 2600.0000 11
4100.0000 2500.0000 11
4100.0000 2400.0000 11
4000.0000 2500.0000 10
4000.0000 2600.0000 10
3900.0000 2600.0000 8
4000.0000 2700.0000 10
3900.0000 2700.0000 9
3900.0000 2800.0000 9
3800.0000 2700.0000 7
3800.0000 2800.0000 8
3700.0000 2800.0000 7
3600.0000 2900.0000 7
3700.0000 2900.0000 8
3800.0000 2900.0000 9
3900.0000 2900.0000 10
3800.0000 3000.0000 10
3700.0000 3000.0000 9
3800.0000 3100.0000 11
3700.0000 3100.0000 11
3600.0000 3000.0000 9
3600.0000 3100.0000 10
3600.0000 3200.0000 11
3700.0000 3300.0000 13
3800.0000 3400.0000 15
3800.0000 3300.0000 14
3700.0000 3400.0000 15
3600.0000 3300.0000 13
3600.0000 3400.0000 14
3600.0000 3500.0000 16
3700.0000 3600.0000 18
3800.0000 3600.0000 18
3900.0000 3600.0000 19
3900.0000 3700.0000 20
3800.0000 3700.0000 19
3700.0000 3800.0000 21
3800.0000 3900.0000 22
3900.0000 3900.0000 23
3800.0000 3800.0000 21
3600.0000 3600.0000 17
3600.0000 3700.0000 19
3600.0000 3800.0000 20
3600.0000 3900.0000 22
3600.0000 4000.0000 23
3800.0000 4100.0000 25
3900.0000 4100.0000 26
3800.0000 4200.0000 27
3900.0000 4200.0000 27
4000.0000 4200.0000 28
3900.0000 4300.0000 29
3800.0000 4400.0000 30
3700.0000 4500.0000 31
3800.0000 4600.0000 33
3700.0000 4600.0000 32
3800.0000 4500.0000 31
3600.0000 4300.0000 28
3600.0000 4400.0000 29
3600.0000 4500.0000 31
3600.0000 4600.0000 32
3600.0000 4700.0000 34
3700.0000 4700.0000 34
3800.0000 4700.0000 34
3900.0000 4800.0000 36
4000.0000 4800.0000 36
3900.0000 4700.0000 34
3800.0000 4800.0000 36
3900.0000 4900.0000 37
3900.0000 5000.0000 39
3800.0000 4900.0000 37
3700.0000 4900.0000 37
3700.0000 4800.0000 35
3600.0000 4800.0000 35
3600.0000 4900.0000 37
3600.0000 5000.0000 38
3700.0000 5000.0000 38
3800.0000 5000.0000 39
3900.0000 5100.0000 40
4000.0000 5100.0000 41
3900.0000 5200.0000 42
3800.0000 5100.0000 40
3800.0000 5200.0000 41
3700.0000 5200.0000 41
3600.0000 5300.0000 43
3700.0000 5300.0000 43
3800.0000 5400.0000 44
3800.0000 5300.0000 43
3700.0000 5400.0000 44
3700.0000 5500.0000 46
3800.0000 5600.0000 47
3800.0000 5700.0000 49
3700.0000 5700.0000 49
3700.0000 5600.0000 47
3600.0000 5600.0000 47
3600.0000 5700.0000 49
3600.0000 5800.0000 50
3700.0000 5900.0000 52
3800.0000 5900.0000 52
3700.0000 6000.0000 53
3800.0000 6100.0000 55
3700.0000 6100.0000 55
3800.0000 6000.0000 53
3900.0000 6000.0000 54
4100.0000 6200.0000 57
4200.0000 6100.0000 56
4300.0000 6200.0000 58
4400.0000 6200.0000 58
4300.0000 6100.0000 56
4200.0000 6200.0000 57
4100.0000 6100.0000 56
4000.0000 6100.0000 55
3900.0000 6100.0000 55
4000.0000 6200.0000 57
4000.0000 6300.0000 58
4100.0000 6400.0000 60
4000.0000 6400.0000 60
4100.0000 6300.0000 59
4200.0000 6300.0000 59
4300.0000 6400.0000 61
4200.0000 6400.0000 60
4300.0000 6300.0000 59
4400.0000 6400.0000 61
4500.0000 6400.0000 61
4400.0000 6300.0000 59
4500.0000 6300.0000 60
4600.0000 6200.0000 59
4700.0000 6200.0000 59
4600.0000 6100.0000 57
4500.0000 6200.0000 58
4600.0000 6300.0000 60
4700.0000 6400.0000 62
4600.0000 6400.0000 62
4700.0000 6300.0000 61
4800.0000 6400.0000 63
4900.0000 6400.0000 63
5000.0000 6300.0000 62
5100.0000 6400.0000 64
5000.0000 6400.0000 64
4900.0000 6300.0000 62
4800.0000 6300.0000 61
4900.0000 6200.0000 60
4800.0000 6200.0000 60
4800.0000 6100.0000 58
4900.0000 6000.0000 58
5100.0000 6200.0000 62
5200.0000 6100.0000 61
5300.0000 6200.0000 63
5400.0000 6200.0000 64
5300.0000 6100.0000 62
5200.0000 6200.0000 62
5100.0000 6100.0000 60
5000.0000 6100.0000 60
4900.0000 6100.0000 59
5000.0000 6200.0000 61
5100.0000 6300.0000 63
5200.0000 6300.0000 64
5300.0000 6400.0000 66
5200.0000 6400.0000 65
5300.0000 6300.0000 64
5400.0000 6400.0000 66
5500.0000 6400.0000 67
5400.0000 6300.0000 65
5500.0000 6300.0000 66
5600.0000 6200.0000 65
5700.0000 6200.0000 66
5800.0000 6100.0000 65
5900.0000 6100.0000 66
5800.0000 6200.0000 67
5700.0000 6100.0000 65
5600.0000 6100.0000 64
5500.0000 6200.0000 64
5600.0000 6300.0000 66
5700.0000 6400.0000 68
5600.0000 6400.0000 68
5700.0000 6300.0000 67
5800.0000 6400.0000 69
5900.0000 6400.0000 70
6000.0000 6400.0000 71
5900.0000 6300.0000 69
5800.0000 6300.0000 68
5900.0000 6200.0000 68
6000.0000 6200.0000 68
6100.0000 6200.0000 69
6000.0000 6300.0000 70
6100.0000 6400.0000 72
6200.0000 6300.0000 71
6300.0000 6200.0000 71
6200.0000 6200.0000 70
6100.0000 6300.0000 70
6200.0000 6400.0000 73
6300.0000 6400.0000 73
6300.0000 6300.0000 72
6400.0000 6400.0000 74
6600.0000 6300.0000 75
6700.0000 6400.0000 77
6800.0000 6400.0000 78
6700.0000 6300.0000 76
6600.0000 6400.0000 76
6500.0000 6400.0000 75
6400.0000 6300.0000 73
6400.0000 6200.0000 72
6500.0000 6300.0000 74
6500.0000 6200.0000 73
6600.0000 6100.0000 73
6500.0000 6100.0000 72
6600.0000 6200.0000 74
6700.0000 6100.0000 74
6800.0000 6100.0000 75
6900.0000 6100.0000 76
6800.0000 6200.0000 76
6700.0000 6200.0000 75
6800.0000 6300.0000 77
6900.0000 6400.0000 79
6900.0000 6300.0000 78
6900.0000 6200.0000 77
7000.0000 6100.0000 77
7100.0000 6100.0000 78
7200.0000 6000.0000 78
7200.0000 6100.0000 79
7100.0000 6000.0000 77
7200.0000 5900.0000 77
7100.0000 5900.0000 76
7000.0000 5900.0000 75
7000.0000 6000.0000 76
6900.0000 6000.0000 75
6900.0000 5900.0000 74
6800.0000 5900.0000 73
6800.0000 6000.0000 74
6700.0000 6000.0000 73
6700.0000 5900.0000 72
6600.0000 5900.0000 71
6600.0000 6000.0000 72
6500.0000 5900.0000 70
6500.0000 6000.0000 71
6400.0000 6000.0000 70
6400.0000 5900.0000 69
6300.0000 5900.0000 68
6300.0000 6000.0000 69
6400.0000 6100.0000 71
6300.0000 6100.0000 70
6200.0000 6100.0000 69
6200.0000 6000.0000 68
6200.0000 5900.0000 67
6100.0000 5900.0000 66
6100.0000 6000.0000 67
6000.0000 5900.0000 65
6000.0000 6000.0000 66
6100.0000 6100.0000 68
6000.0000 6100.0000 67
5900.0000 6000.0000 65
5900.0000 5900.0000 64
5800.0000 5900.0000 63
5800.0000 6000.0000 64
5700.0000 6000.0000 63
5700.0000 5900.0000 62
5600.0000 5900.0000 61
5600.0000 6000.0000 63
5500.0000 5900.0000 60
5500.0000 6000.0000 62
5400.0000 6000.0000 61
5500.0000 6100.0000 63
5400.0000 6100.0000 62
5300.0000 6000.0000 60
5400.0000 5900.0000 60
5300.0000 5900.0000 59
5200.0000 5900.0000 58
5200.0000 6000.0000 60
5100.0000 5900.0000 58
5100.0000 6000.0000 59
5000.0000 5900.0000 57
5000.0000 6000.0000 58
4900.0000 5900.0000 56
4800.0000 5900.0000 56
4800.0000 6000.0000 57
4700.0000 6000.0000 57
4700.0000 5900.0000 55
4600.0000 5900.0000 55
4600.0000 6000.0000 56
4500.0000 5900.0000 54
4500.0000 6000.0000 56
4400.0000 6000.0000 55
4500.0000 6100.0000 57
4400.0000 6100.0000 57
4300.0000 6000.0000 55
4400.0000 5900.0000 54
4300.0000 5900.0000 53
4200.0000 5800.0000 51
4200.0000 5900.0000 53
4200.0000 6000.0000 54
4100.0000 5900.0000 53
4100.0000 6000.0000 54
4000.0000 5900.0000 52
4000.0000 6000.0000 54
3900.0000 5900.0000 52
3900.0000 5800.0000 51
4000.0000 5800.0000 51
4100.0000 5800.0000 51
4200.0000 5700.0000 50
4200.0000 5600.0000 49
4100.0000 5700.0000 50
4100.0000 5600.0000 48
4000.0000 5600.0000 48
4000.0000 5700.0000 49
3900.0000 5600.0000 48
3900.0000 5500.0000 46
4000.0000 5500.0000 46
4100.0000 5500.0000 47
4200.0000 5400.0000 46
4200.0000 5500.0000 47
4100.0000 5400.0000 45
4200.0000 5300.0000 44
4200.0000 5200.0000 43
4100.0000 5300.0000 44
4000.0000 5300.0000 43
4000.0000 5400.0000 45
3900.0000 5400.0000 45
3900.0000 5300.0000 43
4000.0000 5200.0000 42
4100.0000 5200.0000 42
4200.0000 5100.0000 41
4300.0000 5100.0000 42
4300.0000 5000.0000 40
4200.0000 4900.0000 38
4200.0000 5000.0000 40
4100.0000 5100.0000 41
4100.0000 5000.0000 39
4000.0000 5000.0000 39
4100.0000 4900.0000 38
4000.0000 4900.0000 38
4100.0000 4800.0000 37
4200.0000 4700.0000 36
4300.0000 4800.0000 38
4200.0000 4800.0000 37
4100.0000 4700.0000 35
4000.0000 4700.0000 35
4100.0000 4600.0000 34
4300.0000 4500.0000 33
4200.0000 4400.0000 31
4200.0000 4500.0000 33
4200.0000 4600.0000 34
4100.0000 4500.0000 32
4000.0000 4500.0000 32
4000.0000 4600.0000 33
3900.0000 4500.0000 31
4000.0000 4400.0000 30
3900.0000 4400.0000 30
4000.0000 4300.0000 29
4100.0000 4300.0000 29
4200.0000 4200.0000 29
4300.0000 4200.0000 29
4200.0000 4300.0000 30
4100.0000 4200.0000 28
4200.0000 4100.0000 27
4200.0000 4000.0000 26
4100.0000 4100.0000 27
4000.0000 4100.0000 26
3900.0000 4000.0000 24
4000.0000 3900.0000 23
4100.0000 4000.0000 25
4000.0000 4000.0000 25
4100.0000 3900.0000 24
4200.0000 3700.0000 22
4200.0000 3800.0000 23
4300.0000 3900.0000 25
4200.0000 3900.0000 25
4100.0000 3800.0000 23
4000.0000 3800.0000 22
4100.0000 3700.0000 21
4000.0000 3700.0000 21
4100.0000 3600.0000 20
4200.0000 3500.0000 20
4300.0000 3600.0000 22
4200.0000 3600.0000 21
4100.0000 3500.0000 19
4000.0000 3500.0000 18
4000.0000 3600.0000 19
3900.0000 3500.0000 17
3900.0000 3400.0000 16
4000.0000 3400.0000 17
4100.0000 3400.0000 18
4200.0000 3300.0000 17
4300.0000 3300.0000 19
4200.0000 3400.0000 19
4100.0000 3300.0000 16
4200.0000 3200.0000 16
4300.0000 3200.0000 18
4400.0000 3100.0000 18
4500.0000 3100.0000 19
4400.0000 3200.0000 19
4300.0000 3100.0000 17
4200.0000 3100.0000 16
4100.0000 3200.0000 15
4000.0000 3200.0000 14
4000.0000 3300.0000 16
3900.0000 3300.0000 15
3900.0000 3200.0000 13
3900.0000 3100.0000 12
4000.0000 3000.0000 12
4100.0000 3100.0000 14
4000.0000 3100.0000 13
4100.0000 3000.0000 13
4200.0000 2900.0000 14
4300.0000 3000.0000 16
4200.0000 3000.0000 15
4100.0000 2900.0000 13
4000.0000 2900.0000 11
4100.0000 2800.0000 12
4000.0000 2800.0000 11
4100.0000 2700.0000 11
4200.0000 2600.0000 13
4300.0000 2700.0000 14
4200.0000 2700.0000 13
4200.0000 2800.0000 13
4300.0000 2800.0000 15
4300.0000 2900.0000 15
4400.0000 3000.0000 17
4500.0000 3000.0000 19
4600.0000 2900.0000 19
4700.0000 3000.0000 21
4600.0000 3000.0000 20
4500.0000 2900.0000 18
4400.0000 2900.0000 17
4500.0000 2800.0000 18
4400.0000 2800.0000 16
4400.0000 2700.0000 16
4400.0000 2600.0000 16
4500.0000 2700.0000 17
4500.0000 2600.0000 17
4600.0000 2600.0000 19
4700.0000 2600.0000 20
4600.0000 2700.0000 19
4700.0000 2800.0000 21
4600.0000 2800.0000 19
4700.0000 2700.0000 20
4800.0000 2800.0000 22
4900.0000 2700.0000 23
4800.0000 2700.0000 22
4800.0000 2600.0000 22
4900.0000 2600.0000 23
5000.0000 2600.0000 25
5100.0000 2600.0000 26
5000.0000 2700.0000 25
5100.0000 2800.0000 26
5000.0000 2800.0000 25
5100.0000 2700.0000 26
5200.0000 2600.0000 28
5300.0000 2600.0000 29
5200.0000 2700.0000 28
5200.0000 2800.0000 28
5300.0000 2700.0000 29
5400.0000 2800.0000 31
5500.0000 2800.0000 32
5400.0000 2700.0000 31
5400.0000 2600.0000 31
5500.0000 2700.0000 32
5500.0000 2600.0000 32
5600.0000 2600.0000 34
5700.0000 2600.0000 35
5600.0000 2700.0000 34
5700.0000 2800.0000 35
5600.0000 2800.0000 34
5700.0000 2700.0000 35
5800.0000 2800.0000 37
5900.0000 2800.0000 38
6000.0000 2800.0000 40
5900.0000 2700.0000 38
5800.0000 2700.0000 37
5800.0000 2600.0000 37
5900.0000 2600.0000 38
6000.0000 2600.0000 40
6100.0000 2600.0000 41
6000.0000 2700.0000 40
6100.0000 2800.0000 41
6200.0000 2700.0000 43
6200.0000 2600.0000 43
6100.0000 2700.0000 41
6200.0000 2800.0000 43
6400.0000 2900.0000 46
6300.0000 3000.0000 45
6400.0000 3100.0000 46
6500.0000 3100.0000 48
6700.0000 3000.0000 51
6600.0000 2900.0000 49
6600.0000 3000.0000 49
6600.0000 3100.0000 49
6500.0000 3000.0000 48
6400.0000 3000.0000 46
6300.0000 3100.0000 45
6400.0000 3200.0000 47
6300.0000 3200.0000 45
6300.0000 3300.0000 46
6300.0000 3400.0000 46
6400.0000 3500.0000 48
6500.0000 3400.0000 49
6400.0000 3400.0000 48
6400.0000 3300.0000 47
6500.0000 3300.0000 49
6600.0000 3200.0000 50
6500.0000 3200.0000 48
6600.0000 3300.0000 50
6800.0000 3400.0000 53
6900.0000 3500.0000 55
6900.0000 3400.0000 55
6800.0000 3500.0000 54
6700.0000 3400.0000 52
6600.0000 3400.0000 50
6700.0000 3300.0000 51
6800.0000 3200.0000 53
6900.0000 3300.0000 54
7000.0000 3300.0000 56
6900.0000 3200.0000 54
6800.0000 3300.0000 53
6700.0000 3200.0000 51
6700.0000 3100.0000 51
6800.0000 3100.0000 52
6900.0000 3100.0000 54
6800.0000 3000.0000 52
6900.0000 3000.0000 54
6800.0000 2900.0000 52
6900.0000 2900.0000 53
7000.0000 2900.0000 55
7200.0000 2900.0000 58
7100.0000 2900.0000 56
7000.0000 3000.0000 55
7100.0000 3100.0000 57
7200.0000 3000.0000 58
7200.0000 3100.0000 58
7100.0000 3000.0000 57
7000.0000 3100.0000 55
7100.0000 3200.0000 57
7000.0000 3200.0000 56
7100.0000 3300.0000 57
7200.0000 3200.0000 59
7200.0000 3300.0000 59
7200.0000 3400.0000 59
7100.0000 3400.0000 58
7200.0000 3500.0000 59
7100.0000 3500.0000 58
7000.0000 3400.0000 56
7000.0000 3500.0000 57
7000.0000 3600.0000 57
7200.0000 3600.0000 60
7200.0000 3700.0000 60
7200.0000 3800.0000 61
7100.0000 3800.0000 59
7100.0000 3700.0000 59
7100.0000 3600.0000 58
7000.0000 3700.0000 57
6900.0000 3600.0000 56
6800.0000 3700.0000 55
6800.0000 3600.0000 54
6900.0000 3700.0000 56
7000.0000 3800.0000 58
6900.0000 3800.0000 57
7000.0000 3900.0000 58
6900.0000 3900.0000 57
6900.0000 4000.0000 58
7000.0000 4000.0000 59
7100.0000 3900.0000 60
7200.0000 3900.0000 61
7200.0000 4000.0000 62
7100.0000 4000.0000 60
7200.0000 4100.0000 62
7100.0000 4100.0000 61
7000.0000 4100.0000 60
7000.0000 4200.0000 60
7100.0000 4300.0000 62
7200.0000 4200.0000 63
7200.0000 4300.0000 64
7100.0000 4200.0000 62
7000.0000 4300.0000 61
7000.0000 4400.0000 62
7100.0000 4400.0000 63
7200.0000 4400.0000 64
7200.0000 4500.0000 65
7100.0000 4500.0000 64
7200.0000 4600.0000 66
7100.0000 4600.0000 64
7200.0000 4700.0000 66
7100.0000 4700.0000 65
7000.0000 4600.0000 63
6900.0000 4700.0000 63
6900.0000 4600.0000 62
7000.0000 4700.0000 64
7000.0000 4800.0000 65
7100.0000 4900.0000 67
7200.0000 4800.0000 67
7200.0000 4900.0000 68
7100.0000 4800.0000 66
7000.0000 4900.0000 65
6900.0000 5000.0000 65
6900.0000 4900.0000 64
7000.0000 5000.0000 66
7100.0000 5000.0000 68
7000.0000 5100.0000 67
7200.0000 5000.0000 69
7200.0000 5100.0000 70
7200.0000 5200.0000 70
7200.0000 5300.0000 71
7100.0000 5200.0000 69
7100.0000 5100.0000 68
7000.0000 5200.0000 68
6900.0000 5300.0000 68
6900.0000 5200.0000 67
7000.0000 5300.0000 69
7100.0000 5300.0000 70
7000.0000 5400.0000 70
7100.0000 5500.0000 72
7200.0000 5400.0000 72
7200.0000 5500.0000 73
7100.0000 5400.0000 71
7000.0000 5500.0000 71
6900.0000 5500.0000 70
6900.0000 5400.0000 69
6800.0000 5500.0000 69
6800.0000 5400.0000 68
6700.0000 5500.0000 67
6700.0000 5400.0000 66
6800.0000 5300.0000 67
6800.0000 5200.0000 66
6700.0000 5300.0000 65
6700.0000 5200.0000 65
6700.0000 5100.0000 64
6800.0000 5000.0000 64
6900.0000 5100.0000 66
6800.0000 5100.0000 65
6700.0000 5000.0000 63
6800.0000 4900.0000 63
6700.0000 4900.0000 62
6700.0000 4800.0000 61
6800.0000 4700.0000 61
6900.0000 4800.0000 63
6800.0000 4800.0000 62
6700.0000 4700.0000 60
6800.0000 4600.0000 60
6700.0000 4600.0000 59
6700.0000 4500.0000 58
6800.0000 4400.0000 59
6900.0000 4500.0000 61
6900.0000 4400.0000 60
6800.0000 4500.0000 60
6700.0000 4400.0000 58
6700.0000 4300.0000 57
6800.0000 4300.0000 58
6900.0000 4300.0000 60
6900.0000 4200.0000 59
6800.0000 4200.0000 58
6700.0000 4200.0000 56
6800.0000 4100.0000 57
6800.0000 4000.0000 56
6700.0000 4000.0000 55
6600.0000 4000.0000 54
6700.0000 3900.0000 54
6800.0000 3800.0000 55
6800.0000 3900.0000 56
6700.0000 3800.0000 54
6700.0000 3700.0000 53
6600.0000 3700.0000 52
6600.0000 3800.0000 52
6600.0000 3900.0000 53
6500.0000 3800.0000 51
6500.0000 3700.0000 50
6600.0000 3600.0000 51
6700.0000 3600.0000 53
6600.0000 3500.0000 51
6500.0000 3600.0000 50
6400.0000 3600.0000 48
6400.0000 3700.0000 49
6300.0000 3800.0000 48
6300.0000 3900.0000 49
6300.0000 4000.0000 50
6400.0000 4000.0000 51
6500.0000 4000.0000 52
6400.0000 3900.0000 50
6500.0000 3900.0000 52
6400.0000 3800.0000 50
6300.0000 3700.0000 48
6200.0000 3700.0000 46
6100.0000 3800.0000 45
6100.0000 3700.0000 45
6200.0000 3600.0000 46
6300.0000 3600.0000 47
6200.0000 3500.0000 45
6100.0000 3600.0000 44
6000.0000 3500.0000 42
6000.0000 3600.0000 43
6000.0000 3700.0000 43
6000.0000 3800.0000 44
5900.0000 3800.0000 43
6000.0000 3900.0000 45
5900.0000 3900.0000 44
5800.0000 3900.0000 42
5800.0000 3800.0000 41
5900.0000 3700.0000 42
5900.0000 3600.0000 41
5800.0000 3700.0000 41
5700.0000 3800.0000 40
5700.0000 3700.0000 39
5800.0000 3600.0000 40
5700.0000 3600.0000 39
5800.0000 3500.0000 40
5700.0000 3500.0000 38
5600.0000 3500.0000 37
5600.0000 3600.0000 37
5600.0000 3700.0000 38
5600.0000 3800.0000 39
5600.0000 3900.0000 40
5500.0000 3800.0000 38
5500.0000 3900.0000 38
5400.0000 3900.0000 37
5600.0000 4000.0000 40
5700.0000 4100.0000 43
5800.0000 4000.0000 43
5900.0000 4000.0000 44
5800.0000 4100.0000 44
5700.0000 4000.0000 42
5600.0000 4100.0000 41
5500.0000 4000.0000 39
5400.0000 4000.0000 38
5300.0000 3900.0000 36
5400.0000 3800.0000 36
5300.0000 3800.0000 35
5400.0000 3700.0000 36
5500.0000 3700.0000 37
5500.0000 3600.0000 36
5400.0000 3600.0000 35
5500.0000 3500.0000 35
5400.0000 3500.0000 34
5300.0000 3600.0000 33
5300.0000 3700.0000 34
5200.0000 3800.0000 34
5200.0000 3900.0000 35
5200.0000 4000.0000 36
5300.0000 4000.0000 37
5400.0000 4100.0000 39
5300.0000 4100.0000 38
5300.0000 4200.0000 39
5400.0000 4300.0000 41
5500.0000 4300.0000 42
5600.0000 4200.0000 42
5700.0000 4200.0000 43
5600.0000 4300.0000 43
5500.0000 4200.0000 41
5400.0000 4200.0000 40
5300.0000 4300.0000 40
5400.0000 4400.0000 42
5400.0000 4500.0000 43
5500.0000 4500.0000 44
5600.0000 4500.0000 45
5700.0000 4600.0000 47
5800.0000 4600.0000 48
5700.0000 4500.0000 46
5600.0000 4600.0000 46
5500.0000 4600.0000 45
5400.0000 4600.0000 44
5300.0000 4600.0000 43
5300.0000 4500.0000 42
5300.0000 4400.0000 41
5200.0000 4300.0000 39
5200.0000 4200.0000 38
5100.0000 4300.0000 38
5200.0000 4400.0000 40
5100.0000 4400.0000 39
5000.0000 4300.0000 37
5000.0000 4400.0000 38
5000.0000 4500.0000 39
5100.0000 4500.0000 40
5200.0000 4600.0000 42
5300.0000 4700.0000 44
5400.0000 4700.0000 45
5300.0000 4800.0000 45
5200.0000 4700.0000 43
5100.0000 4600.0000 41
5000.0000 4600.0000 40
4900.0000 4600.0000 39
4900.0000 4700.0000 40
5000.0000 4800.0000 43
4900.0000 4800.0000 42
4900.0000 4900.0000 43
4900.0000 5000.0000 44
5000.0000 4900.0000 44
5100.0000 4800.0000 43
5100.0000 4900.0000 45
5200.0000 4800.0000 44
5200.0000 4900.0000 46
5200.0000 5000.0000 47
5300.0000 5100.0000 49
5400.0000 5200.0000 51
5300.0000 5200.0000 50
5200.0000 5100.0000 48
5300.0000 5000.0000 48
5400.0000 5100.0000 50
5500.0000 5200.0000 52
5500.0000 5100.0000 51
5600.0000 5000.0000 50
5700.0000 5100.0000 53
5800.0000 5000.0000 53
5900.0000 5000.0000 54
6000.0000 4900.0000 54
6100.0000 5000.0000 56
6200.0000 4900.0000 56
6200.0000 5000.0000 57
6100.0000 4900.0000 55
6000.0000 5000.0000 55
5900.0000 4900.0000 53
5800.0000 4900.0000 51
5700.0000 5000.0000 51
5600.0000 5100.0000 52
5500.0000 5000.0000 50
5400.0000 5000.0000 49
5300.0000 4900.0000 46
5400.0000 4900.0000 47
5500.0000 4900.0000 48
5400.0000 4800.0000 46
5500.0000 4800.0000 47
5600.0000 4700.0000 47
5500.0000 4700.0000 46
5600.0000 4800.0000 48
5700.0000 4900.0000 50
5600.0000 4900.0000 49
5700.0000 4800.0000 49
5800.0000 4700.0000 49
5700.0000 4700.0000 48
5800.0000 4800.0000 50
5900.0000 4800.0000 51
6000.0000 4800.0000 53
5900.0000 4700.0000 50
5900.0000 4600.0000 50
6000.0000 4700.0000 52
6100.0000 4800.0000 54
6200.0000 4700.0000 54
6300.0000 4800.0000 56
6200.0000 4800.0000 55
6100.0000 4700.0000 53
6200.0000 4600.0000 53
6300.0000 4500.0000 53
6200.0000 4500.0000 52
6100.0000 4600.0000 52
6000.0000 4600.0000 51
6100.0000 4500.0000 51
6200.0000 4400.0000 51
6200.0000 4300.0000 50
6100.0000 4400.0000 50
6000.0000 4400.0000 49
6000.0000 4500.0000 50
5900.0000 4500.0000 49
5900.0000 4400.0000 48
5900.0000 4300.0000 47
6000.0000 4300.0000 48
6100.0000 4300.0000 49
6200.0000 4200.0000 50
6300.0000 4200.0000 51
6200.0000 4100.0000 49
6100.0000 4200.0000 48
6100.0000 4100.0000 48
6000.0000 4100.0000 46
6000.0000 4200.0000 47
5900.0000 4200.0000 46
5800.0000 4300.0000 46
5800.0000 4400.0000 46
5800.0000 4500.0000 47
5700.0000 4400.0000 45
5700.0000 4300.0000 44
5800.0000 4200.0000 45
6000.0000 4000.0000 46
6100.0000 4000.0000 47
6200.0000 3900.0000 47
6200.0000 3800.0000 47
6200.0000 4000.0000 48
6400.0000 4100.0000 52
6400.0000 4200.0000 52
6500.0000 4200.0000 54
6600.0000 4100.0000 54
6600.0000 4200.0000 55
6600.0000 4300.0000 56
6500.0000 4300.0000 54
6600.0000 4400.0000 56
6500.0000 4400.0000 55
6400.0000 4300.0000 53
6300.0000 4300.0000 52
6400.0000 4400.0000 54
6300.0000 4400.0000 53
6400.0000 4500.0000 55
6500.0000 4500.0000 56
6600.0000 4500.0000 57
6600.0000 4600.0000 58
6500.0000 4600.0000 57
6600.0000 4700.0000 59
6500.0000 4700.0000 58
6400.0000 4600.0000 55
6300.0000 4600.0000 54
6400.0000 4700.0000 56
6300.0000 4700.0000 55
6400.0000 4800.0000 57
6500.0000 4800.0000 58
6600.0000 4800.0000 60
6600.0000 4900.0000 61
6500.0000 4900.0000 59
6600.0000 5000.0000 61
6500.0000 5000.0000 60
6400.0000 4900.0000 58
6300.0000 4900.0000 57
6400.0000 5000.0000 59
6300.0000 5000.0000 58
6300.0000 5100.0000 59
6400.0000 5200.0000 61
6500.0000 5300.0000 63
6600.0000 5200.0000 63
6600.0000 5300.0000 64
6500.0000 5200.0000 62
6600.0000 5100.0000 62
6500.0000 5100.0000 61
6400.0000 5100.0000 60
6300.0000 5200.0000 60
6400.0000 5300.0000 62
6300.0000 5300.0000 61
6400.0000 5400.0000 63
6500.0000 5400.0000 64
6600.0000 5400.0000 65
6600.0000 5500.0000 66
6500.0000 5500.0000 65
6400.0000 5500.0000 64
6300.0000 5500.0000 63
6300.0000 5400.0000 62
6200.0000 5500.0000 62
6200.0000 5400.0000 61
6200.0000 5300.0000 60
6200.0000 5200.0000 59
6100.0000 5300.0000 59
6100.0000 5200.0000 58
6200.0000 5100.0000 58
6100.0000 5100.0000 57
6000.0000 5100.0000 56
6000.0000 5200.0000 57
5900.0000 5100.0000 55
5800.0000 5200.0000 55
5800.0000 5100.0000 54
5900.0000 5200.0000 56
6000.0000 5300.0000 58
5900.0000 5300.0000 57
6000.0000 5400.0000 59
6100.0000 5500.0000 61
6100.0000 5400.0000 60
6000.0000 5500.0000 60
5900.0000 5500.0000 59
5900.0000 5400.0000 58
5800.0000 5500.0000 58
5800.0000 5400.0000 57
5800.0000 5300.0000 56
5700.0000 5300.0000 55
5700.0000 5400.0000 56
5700.0000 5500.0000 57
5600.0000 5500.0000 56
5600.0000 5400.0000 55
5600.0000 5300.0000 54
5700.0000 5200.0000 54
5600.0000 5200.0000 53
5500.0000 5300.0000 53
5500.0000 5400.0000 54
5400.0000 5400.0000 53
5500.0000 5500.0000 55
5400.0000 5500.0000 55
5300.0000 5500.0000 54
5300.0000 5400.0000 53
5400.0000 5300.0000 52
5300.0000 5300.0000 51
5200.0000 5400.0000 52
5200.0000 5300.0000 50
5200.0000 5200.0000 49
5100.0000 5200.0000 48
5100.0000 5100.0000 47
5000.0000 5100.0000 46
5000.0000 5200.0000 48
5000.0000 5300.0000 49
5100.0000 5400.0000 51
5200.0000 5500.0000 53
5100.0000 5500.0000 52
5000.0000 5500.0000 52
5000.0000 5400.0000 50
4900.0000 5300.0000 48
4900.0000 5400.0000 50
4900.0000 5500.0000 51
4800.0000 5500.0000 50
4800.0000 5400.0000 49
4700.0000 5500.0000 50
4700.0000 5400.0000 48
4800.0000 5300.0000 47
4900.0000 5200.0000 47
4800.0000 5200.0000 46
4700.0000 5300.0000 47
4600.0000 5200.0000 45
4600.0000 5300.0000 46
4700.0000 5200.0000 45
4700.0000 5100.0000 44
4800.0000 5000.0000 44
4900.0000 5100.0000 46
4800.0000 5100.0000 45
4700.0000 5000.0000 43
4700.0000 4900.0000 41
4800.0000 4900.0000 42
4800.0000 4800.0000 41
4700.0000 4800.0000 40
4800.0000 4700.0000 40
4700.0000 4600.0000 38
4800.0000 4600.0000 38
4900.0000 4500.0000 38
4800.0000 4500.0000 37
4900.0000 4400.0000 37
4800.0000 4400.0000 36
4700.0000 4500.0000 36
4600.0000 4300.0000 33
4600.0000 4400.0000 34
4700.0000 4300.0000 34
4800.0000 4300.0000 35
4700.0000 4200.0000 33
4900.0000 4300.0000 36
4900.0000 4200.0000 35
5000.0000 4100.0000 34
5100.0000 4100.0000 36
5200.0000 4100.0000 37
5100.0000 4000.0000 35
5000.0000 4000.0000 33
4900.0000 4100.0000 33
4900.0000 4000.0000 32
4800.0000 4100.0000 32
4800.0000 4200.0000 34
4700.0000 4100.0000 31
4600.0000 4000.0000 29
4600.0000 4100.0000 31
4700.0000 4000.0000 30
4800.0000 4000.0000 31
4700.0000 3900.0000 29
4800.0000 3800.0000 29
4900.0000 3900.0000 31
5000.0000 3800.0000 31
5100.0000 3800.0000 33
5100.0000 3700.0000 32
5000.0000 3700.0000 31
4900.0000 3800.0000 30
4800.0000 3900.0000 30
4700.0000 3800.0000 28
4600.0000 3700.0000 26
4600.0000 3800.0000 27
4700.0000 3700.0000 27
4800.0000 3700.0000 28
4700.0000 3600.0000 26
4800.0000 3500.0000 26
4900.0000 3400.0000 27
4800.0000 3400.0000 25
4700.0000 3500.0000 25
4800.0000 3600.0000 27
4900.0000 3700.0000 29
4900.0000 3600.0000 28
4900.0000 3500.0000 28
5000.0000 3600.0000 30
5100.0000 3500.0000 30
5200.0000 3500.0000 31
5300.0000 3500.0000 33
5200.0000 3600.0000 32
5100.0000 3600.0000 31
5000.0000 3500.0000 29
5100.0000 3400.0000 29
5000.0000 3300.0000 27
5100.0000 3200.0000 28
5200.0000 3200.0000 29
5100.0000 3300.0000 29
5200.0000 3300.0000 30
5300.0000 3400.0000 32
5200.0000 3400.0000 31
5300.0000 3300.0000 31
5400.0000 3200.0000 32
5500.0000 3100.0000 33
5400.0000 3100.0000 32
5300.0000 3200.0000 31
5400.0000 3300.0000 33
5500.0000 3400.0000 35
5400.0000 3400.0000 33
5500.0000 3300.0000 34
5500.0000 3200.0000 34
5600.0000 3100.0000 35
5700.0000 3200.0000 37
5800.0000 3200.0000 38
5700.0000 3100.0000 36
5600.0000 3200.0000 35
5600.0000 3300.0000 36
5700.0000 3400.0000 38
5600.0000 3400.0000 36
5700.0000 3300.0000 37
5800.0000 3400.0000 39
5900.0000 3400.0000 40
6000.0000 3300.0000 41
6200.0000 3100.0000 43
6200.0000 3200.0000 44
6200.0000 3300.0000 44
6200.0000 3400.0000 45
6100.0000 3400.0000 43
6000.0000 3400.0000 42
5900.0000 3300.0000 40
5800.0000 3300.0000 38
5900.0000 3200.0000 39
5900.0000 3100.0000 39
6000.0000 3200.0000 41
6100.0000 3300.0000 43
6100.0000 3200.0000 42
6100.0000 3100.0000 42
6200.0000 3000.0000 43
6200.0000 2900.0000 43
6100.0000 3000.0000 42
6000.0000 2900.0000 40
6000.0000 3000.0000 40
6000.0000 3100.0000 41
5900.0000 3000.0000 39
5800.0000 3100.0000 38
5800.0000 3000.0000 37
5700.0000 3000.0000 36
5800.0000 2900.0000 37
5700.0000 2900.0000 36
5600.0000 2900.0000 34
5600.0000 3000.0000 34
5500.0000 2900.0000 33
5500.0000 3000.0000 33
5400.0000 3000.0000 31
5400.0000 2900.0000 31
5300.0000 2900.0000 30
5300.0000 3000.0000 30
5200.0000 3100.0000 29
5200.0000 3000.0000 29
5200.0000 2900.0000 28
5100.0000 3000.0000 27
5100.0000 3100.0000 28
5000.0000 3200.0000 27
4900.0000 3300.0000 26
4900.0000 3200.0000 25
4900.0000 3100.0000 25
5000.0000 3000.0000 26
5000.0000 2900.0000 25
4900.0000 3000.0000 24
4900.0000 2900.0000 24
4900.0000 2800.0000 23
4800.0000 2900.0000 22
4800.0000 3000.0000 23
4800.0000 3100.0000 23
4700.0000 3100.0000 22
4800.0000 3200.0000 24
4700.0000 3200.0000 23
4800.0000 3300.0000 25
4700.0000 3400.0000 24
4700.0000 3300.0000 23
4600.0000 3400.0000 23
4600.0000 3300.0000 22
4600.0000 3200.0000 21
4600.0000 3100.0000 21
4500.0000 3200.0000 20
4500.0000 3300.0000 21
4400.0000 3300.0000 20
4500.0000 3400.0000 22
4600.0000 3500.0000 24
4500.0000 3500.0000 23
4400.0000 3400.0000 21
4300.0000 3400.0000 20
4400.0000 3500.0000 22
4300.0000 3500.0000 21
4400.0000 3600.0000 23
4500.0000 3600.0000 24
4600.0000 3600.0000 25
4500.0000 3700.0000 25
4500.0000 3800.0000 26
4400.0000 3700.0000 24
4300.0000 3700.0000 23
4400.0000 3800.0000 25
4300.0000 3800.0000 24
4400.0000 3900.0000 26
4500.0000 3900.0000 27
4600.0000 3900.0000 28
4500.0000 4000.0000 28
4500.0000 4100.0000 30
4400.0000 4000.0000 28
4300.0000 4000.0000 27
4400.0000 4100.0000 29
4300.0000 4100.0000 28
4400.0000 4200.0000 30
4500.0000 4200.0000 31
4600.0000 4200.0000 32
4500.0000 4300.0000 32
4500.0000 4400.0000 33
4400.0000 4300.0000 31
4300.0000 4300.0000 31
4400.0000 4400.0000 33
4400.0000 4500.0000 34
4500.0000 4500.0000 35
4600.0000 4500.0000 36
4600.0000 4600.0000 37
4500.0000 4600.0000 36
4600.0000 4700.0000 38
4500.0000 4700.0000 37
4400.0000 4600.0000 35
4400.0000 4700.0000 37
4300.0000 4700.0000 36
4400.0000 4800.0000 38
4500.0000 4800.0000 39
4600.0000 4800.0000 39
4600.0000 4900.0000 41
4500.0000 4900.0000 40
4600.0000 5000.0000 42
4500.0000 5000.0000 41
4400.0000 4900.0000 40
4300.0000 4900.0000 39
4400.0000 5000.0000 41
4400.0000 5100.0000 42
4500.0000 5100.0000 43
4600.0000 5100.0000 43
4500.0000 5200.0000 44
4500.0000 5300.0000 46
4400.0000 5200.0000 44
4300.0000 5200.0000 43
4400.0000 5300.0000 45
4300.0000 5300.0000 45
4300.0000 5400.0000 46
4400.0000 5500.0000 48
4500.0000 5500.0000 48
4600.0000 5400.0000 48
4400.0000 5400.0000 47
4300.0000 5500.0000 48
4400.0000 5600.0000 49
4300.0000 5600.0000 49
4400.0000 5700.0000 51
4300.0000 5800.0000 52
4400.0000 5800.0000 52
4500.0000 5800.0000 53
4600.0000 5800.0000 53
4500.0000 5700.0000 51
4500.0000 5600.0000 50
4600.0000 5500.0000 49
4600.0000 5600.0000 50
4700.0000 5700.0000 52
4800.0000 5800.0000 54
4700.0000 5800.0000 54
4600.0000 5700.0000 52
4700.0000 5600.0000 51
4800.0000 5600.0000 52
4900.0000 5700.0000 54
5000.0000 5800.0000 56
4900.0000 5800.0000 55
4800.0000 5700.0000 53
4900.0000 5600.0000 52
5000.0000 5600.0000 53
5100.0000 5600.0000 54
5000.0000 5700.0000 54
5100.0000 5800.0000 56
5200.0000 5700.0000 56
5300.0000 5600.0000 55
5200.0000 5600.0000 54
5100.0000 5700.0000 55
5200.0000 5800.0000 57
5300.0000 5800.0000 58
5300.0000 5700.0000 56
5400.0000 5800.0000 58
5500.0000 5800.0000 59
5400.0000 5700.0000 57
5400.0000 5600.0000 56
5500.0000 5700.0000 58
5500.0000 5600.0000 57
5600.0000 5600.0000 58
5700.0000 5600.0000 58
5600.0000 5700.0000 59
5700.0000 5800.0000 61
5600.0000 5800.0000 60
5700.0000 5700.0000 60
5800.0000 5800.0000 62
5900.0000 5800.0000 63
6000.0000 5800.0000 64
5900.0000 5700.0000 61
5800.0000 5700.0000 61
5800.0000 5600.0000 59
5900.0000 5600.0000 60
6000.0000 5600.0000 61
6100.0000 5600.0000 62
6000.0000 5700.0000 62
6100.0000 5800.0000 65
6200.0000 5700.0000 64
6300.0000 5600.0000 64
6200.0000 5600.0000 63
6100.0000 5700.0000 63
6200.0000 5800.0000 65
6300.0000 5800.0000 66
6300.0000 5700.0000 65
6400.0000 5800.0000 67
6500.0000 5800.0000 68
6400.0000 5700.0000 66
6400.0000 5600.0000 65
6500.0000 5700.0000 67
6500.0000 5600.0000 66
6600.0000 5600.0000 67
6700.0000 5600.0000 68
6600.0000 5700.0000 68
6700.0000 5800.0000 71
6600.0000 5800.0000 70
6700.0000 5700.0000 70
6800.0000 5800.0000 72
6900.0000 5800.0000 73
7000.0000 5800.0000 74
6900.0000 5700.0000 72
6800.0000 5700.0000 71
6800.0000 5600.0000 70
6900.0000 5600.0000 71
7000.0000 5600.0000 72
7100.0000 5600.0000 73
7000.0000 5700.0000 73
7100.0000 5800.0000 75
7200.0000 5700.0000 75
7300.0000 5700.0000 76
7200.0000 5600.0000 74
7100.0000 5700.0000 74
7200.0000 5800.0000 76
7300.0000 5800.0000 77
7300.0000 5900.0000 78
7300.0000 6000.0000 79
7300.0000 6100.0000 80
7400.0000 6100.0000 81
7600.0000 5600.0000 79
7600.0000 5700.0000 80
7600.0000 5800.0000 81
7600.0000 5900.0000 82
7600.0000 6000.0000 83
7600.0000 6100.0000 84
7500.0000 6100.0000 82
7400.0000 6000.0000 80
7500.0000 6000.0000 81
7500.0000 5900.0000 80
7400.0000 5900.0000 79
7500.0000 5800.0000 80
7400.0000 5800.0000 78
7500.0000 5700.0000 79
7400.0000 5700.0000 77
7500.0000 5600.0000 78
7400.0000 5600.0000 76
7300.0000 5600.0000 75
7300.0000 5500.0000 74
7400.0000 5500.0000 76
7500.0000 5500.0000 77
7600.0000 5400.0000 77
7600.0000 5500.0000 78
7500.0000 5400.0000 76
7400.0000 5400.0000 75
7500.0000 5300.0000 75
7400.0000 5300.0000 74
7300.0000 5400.0000 73
7300.0000 5300.0000 73
7300.0000 5200.0000 72
7400.0000 5200.0000 73
7500.0000 5200.0000 74
7600.0000 5100.0000 75
7600.0000 5200.0000 75
7500.0000 5100.0000 73
7500.0000 5000.0000 73
7400.0000 5000.0000 71
7300.0000 5100.0000 71
7300.0000 5000.0000 70
7300.0000 4900.0000 69
7400.0000 4900.0000 71
7500.0000 4900.0000 72
7600.0000 4800.0000 72
7600.0000 4900.0000 73
7500.0000 4800.0000 71
7400.0000 4800.0000 70
7300.0000 4800.0000 68
7400.0000 4700.0000 69
7300.0000 4600.0000 67
7400.0000 4600.0000 68
7500.0000 4700.0000 70
7600.0000 4600.0000 71
7700.0000 4600.0000 72
7600.0000 4700.0000 72
7500.0000 4600.0000 70
7600.0000 4500.0000 70
7700.0000 4500.0000 72
7600.0000 4400.0000 70
7500.0000 4500.0000 69
7400.0000 4500.0000 68
7500.0000 4400.0000 68
7400.0000 4400.0000 67
7300.0000 4400.0000 66
7300.0000 4300.0000 65
7400.0000 4300.0000 66
7500.0000 4300.0000 68
7600.0000 4200.0000 69
7700.0000 4200.0000 70
7600.0000 4300.0000 69
7500.0000 4200.0000 67
7400.0000 4200.0000 66
7500.0000 4100.0000 67
7400.0000 4100.0000 65
7300.0000 4200.0000 64
7300.0000 4100.0000 64
7300.0000 4000.0000 63
7400.0000 4000.0000 65
7500.0000 4000.0000 66
7600.0000 3900.0000 67
7700.0000 3900.0000 68
7600.0000 4000.0000 67
7500.0000 3900.0000 66
7400.0000 3900.0000 64
7500.0000 3800.0000 65
7400.0000 3800.0000 64
7300.0000 3900.0000 63
7300.0000 3800.0000 62
7300.0000 3700.0000 62
7400.0000 3700.0000 63
7500.0000 3700.0000 65
7600.0000 3600.0000 66
7700.0000 3600.0000 67
7600.0000 3700.0000 66
7500.0000 3600.0000 64
7400.0000 3600.0000 63
7500.0000 3500.0000 64
7400.0000 3500.0000 62
7300.0000 3600.0000 61
7300.0000 3500.0000 61
7300.0000 3400.0000 61
7400.0000 3300.0000 62
7500.0000 3400.0000 64
7600.0000 3300.0000 65
7700.0000 3300.0000 66
7600.0000 3200.0000 64
7500.0000 3300.0000 63
7500.0000 3200.0000 63
7400.0000 3200.0000 61
7300.0000 3300.0000 60
7300.0000 3200.0000 60
7300.0000 3100.0000 60
7400.0000 3100.0000 61
7500.0000 3100.0000 63
7600.0000 3000.0000 64
7700.0000 3000.0000 65
7600.0000 3100.0000 64
7500.0000 3000.0000 62
7400.0000 3000.0000 61
7500.0000 2900.0000 62
7400.0000 2900.0000 61
7500.0000 2800.0000 62
7400.0000 2800.0000 61
7300.0000 2900.0000 59
7200.0000 2800.0000 58
7300.0000 2700.0000 59
7200.0000 2700.0000 58
7100.0000 2800.0000 56
7100.0000 2700.0000 56
7000.0000 2800.0000 55
7000.0000 2700.0000 55
7100.0000 2600.0000 56
7000.0000 2600.0000 55
7100.0000 2500.0000 56
7000.0000 2500.0000 55
6900.0000 2600.0000 53
6900.0000 2700.0000 53
6900.0000 2800.0000 53
6800.0000 2800.0000 52
6800.0000 2700.0000 52
6700.0000 2800.0000 50
6700.0000 2700.0000 50
6800.0000 2600.0000 52
6900.0000 2500.0000 53
6800.0000 2500.0000 52
6700.0000 2600.0000 50
6700.0000 2500.0000 50
6800.0000 2400.0000 52
6700.0000 2400.0000 50
6800.0000 2300.0000 52
6700.0000 2200.0000 50
6800.0000 2100.0000 52
6700.0000 2100.0000 50
6800.0000 2200.0000 52
6900.0000 2100.0000 53
7000.0000 2100.0000 55
7100.0000 2200.0000 56
7200.0000 2100.0000 58
7300.0000 2200.0000 59
7400.0000 2100.0000 61
7300.0000 2100.0000 59
7200.0000 2200.0000 58
7100.0000 2100.0000 56
7000.0000 2200.0000 55
6900.0000 2300.0000 53
6900.0000 2400.0000 53
7000.0000 2300.0000 55
7000.0000 2400.0000 55
7100.0000 2300.0000 56
7200.0000 2300.0000 58
7300.0000 2400.0000 59
7200.0000 2400.0000 58
7100.0000 2400.0000 56
7200.0000 2500.0000 58
7200.0000 2600.0000 58
7300.0000 2500.0000 59
7300.0000 2600.0000 59
7400.0000 2700.0000 61
7500.0000 2700.0000 62
7600.0000 2600.0000 64
7600.0000 2700.0000 64
7500.0000 2600.0000 62
7400.0000 2600.0000 61
7500.0000 2500.0000 62
7400.0000 2500.0000 61
7500.0000 2400.0000 62
7400.0000 2400.0000 61
7500.0000 2300.0000 62
7400.0000 2300.0000 61
7300.0000 2300.0000 59
7400.0000 2200.0000 61
7500.0000 2200.0000 62
7500.0000 2100.0000 62
7600.0000 2100.0000 64
7700.0000 2100.0000 65
7600.0000 2200.0000 64
7600.0000 2300.0000 64
7700.0000 2200.0000 65
7900.0000 2200.0000 68
8000.0000 2100.0000 70
8100.0000 2200.0000 71
8400.0000 1900.0000 76
8300.0000 2200.0000 74
8400.0000 2100.0000 76
8400.0000 2200.0000 76
8300.0000 2100.0000 74
8200.0000 2200.0000 73
8100.0000 2100.0000 71
8000.0000 2200.0000 70
7900.0000 2100.0000 68
7800.0000 2200.0000 67
7900.0000 2300.0000 68
8000.0000 2300.0000 70
8100.0000 2300.0000 71
8000.0000 2400.0000 70
7900.0000 2400.0000 68
7800.0000 2300.0000 67
7700.0000 2300.0000 65
7800.0000 2400.0000 67
7900.0000 2500.0000 68
7900.0000 2600.0000 68
7800.0000 2500.0000 67
7700.0000 2500.0000 65
7700.0000 2400.0000 65
7600.0000 2400.0000 64
7600.0000 2500.0000 64
7700.0000 2600.0000 65
7800.0000 2600.0000 67
7900.0000 2700.0000 68
8000.0000 2700.0000 70
7900.0000 2800.0000 68
7800.0000 2700.0000 67
7800.0000 2800.0000 67
7700.0000 2800.0000 65
7700.0000 2700.0000 65
7600.0000 2800.0000 64
7600.0000 2900.0000 64
7700.0000 2900.0000 65
7800.0000 2900.0000 67
7900.0000 3000.0000 68
8000.0000 3000.0000 70
7900.0000 2900.0000 68
7800.0000 3000.0000 67
7900.0000 3100.0000 69
7900.0000 3200.0000 69
7800.0000 3100.0000 67
7700.0000 3100.0000 66
7800.0000 3200.0000 67
7900.0000 3300.0000 69
7900.0000 3400.0000 69
7800.0000 3300.0000 68
7700.0000 3400.0000 66
7600.0000 3500.0000 65
7700.0000 3500.0000 67
7800.0000 3500.0000 68
7900.0000 3600.0000 70
8000.0000 3600.0000 72
7900.0000 3500.0000 70
7800.0000 3600.0000 69
7900.0000 3700.0000 70
7900.0000 3800.0000 71
7800.0000 3700.0000 69
7700.0000 3700.0000 68
7600.0000 3800.0000 67
7700.0000 3800.0000 68
7800.0000 3800.0000 69
7900.0000 3900.0000 71
7900.0000 4000.0000 72
7800.0000 3900.0000 70
7800.0000 4000.0000 70
7700.0000 4000.0000 69
7600.0000 4100.0000 68
7700.0000 4100.0000 69
7800.0000 4100.0000 71
7900.0000 4100.0000 72
7800.0000 4200.0000 71
7900.0000 4200.0000 73
7800.0000 4300.0000 72
7700.0000 4400.0000 71
8000.0000 4500.0000 76
8100.0000 4600.0000 78
8200.0000 4700.0000 80
8100.0000 4700.0000 78
8000.0000 4600.0000 76
8000.0000 4700.0000 77
7900.0000 4700.0000 76
7900.0000 4600.0000 75
7800.0000 4500.0000 73
7800.0000 4400.0000 72
7900.0000 4500.0000 74
7900.0000 4400.0000 74
7900.0000 4300.0000 73
8000.0000 4400.0000 75
8100.0000 4500.0000 77
8200.0000 4400.0000 78
8300.0000 4500.0000 80
8200.0000 4500.0000 79
8100.0000 4400.0000 77
8200.0000 4300.0000 77
8300.0000 4200.0000 78
8200.0000 4200.0000 77
8100.0000 4300.0000 76
8000.0000 4200.0000 74
8100.0000 4100.0000 75
8200.0000 4000.0000 76
8200.0000 4100.0000 76
8100.0000 4200.0000 76
8000.0000 4100.0000 74
8000.0000 4000.0000 73
8000.0000 3900.0000 73
8100.0000 3800.0000 74
8200.0000 3700.0000 75
8200.0000 3800.0000 75
8300.0000 3900.0000 77
8200.0000 3900.0000 76
8100.0000 3900.0000 74
8000.0000 3800.0000 72
8100.0000 3700.0000 73
8000.0000 3700.0000 72
8100.0000 3600.0000 73
8200.0000 3500.0000 74
8300.0000 3600.0000 76
8200.0000 3600.0000 74
8100.0000 3500.0000 73
8000.0000 3500.0000 71
8000.0000 3400.0000 71
8100.0000 3300.0000 72
8200.0000 3300.0000 74
8300.0000 3300.0000 75
8200.0000 3400.0000 74
8100.0000 3400.0000 72
8000.0000 3300.0000 71
8100.0000 3200.0000 72
8000.0000 3100.0000 70
8100.0000 3100.0000 72
8200.0000 3100.0000 73
8200.0000 3000.0000 73
8300.0000 3000.0000 74
8200.0000 2900.0000 73
8200.0000 2800.0000 73
8100.0000 2900.0000 71
8100.0000 2800.0000 71
8000.0000 2800.0000 70
8100.0000 2700.0000 71
8200.0000 2600.0000 73
8300.0000 2700.0000 74
8200.0000 2700.0000 73
8100.0000 2600.0000 71
8000.0000 2600.0000 70
8100.0000 2500.0000 71
8000.0000 2500.0000 70
8100.0000 2400.0000 71
8200.0000 2300.0000 73
8300.0000 2300.0000 74
8400.0000 2300.0000 76
8400.0000 2400.0000 76
8300.0000 2400.0000 74
8200.0000 2400.0000 73
8200.0000 2500.0000 73
8300.0000 2500.0000 74
8400.0000 2500.0000 76
8400.0000 2600.0000 76
8300.0000 2600.0000 74
8400.0000 2700.0000 76
8400.0000 2800.0000 76
8300.0000 2800.0000 74
8400.0000 2900.0000 76
8300.0000 2900.0000 74
8400.0000 3000.0000 76
8400.0000 3100.0000 76
8300.0000 3100.0000 75
8400.0000 3200.0000 76
8300.0000 3200.0000 75
8400.0000 3300.0000 77
8500.0000 3200.0000 78
8600.0000 2300.0000 79
8600.0000 2400.0000 79
8600.0000 2500.0000 79
8600.0000 2600.0000 79
8600.0000 2700.0000 79
8600.0000 2800.0000 79
8600.0000 2900.0000 79
8600.0000 3000.0000 79
8600.0000 3100.0000 79
8600.0000 3200.0000 79
8600.0000 3300.0000 79
8600.0000 3400.0000 80
8500.0000 3300.0000 78
8400.0000 3400.0000 77
8300.0000 3400.0000 75
8400.0000 3500.0000 77
8300.0000 3500.0000 76
8400.0000 3600.0000 77
8400.0000 3700.0000 78
8300.0000 3700.0000 76
8400.0000 3800.0000 78
8300.0000 3800.0000 77
8400.0000 3900.0000 78
8400.0000 4000.0000 79
8300.0000 4000.0000 77
8400.0000 4100.0000 79
8300.0000 4100.0000 78
8400.0000 4200.0000 80
8500.0000 4300.0000 82
8600.0000 3500.0000 80
8600.0000 3600.0000 80
8600.0000 3700.0000 81
8600.0000 3800.0000 81
8600.0000 3900.0000 81
8600.0000 4000.0000 82
8600.0000 4100.0000 82
8600.0000 4200.0000 83
8600.0000 4300.0000 83
8600.0000 4400.0000 84
8600.0000 4500.0000 84
8500.0000 4400.0000 82
8400.0000 4300.0000 80
8300.0000 4300.0000 79
8400.0000 4400.0000 81
8300.0000 4400.0000 79
8400.0000 4500.0000 81
8400.0000 4600.0000 82
8300.0000 4600.0000 81
8400.0000 4700.0000 83
8300.0000 4700.0000 81
8300.0000 4800.0000 82
8400.0000 4900.0000 84
8400.0000 4800.0000 83
8300.0000 4900.0000 82
8400.0000 5000.0000 84
8300.0000 5000.0000 83
8300.0000 5100.0000 84
8400.0000 5200.0000 86
8400.0000 5100.0000 85
8300.0000 5200.0000 84
8400.0000 5300.0000 87
8400.0000 5400.0000 87
8500.0000 5400.0000 89
8600.0000 4600.0000 85
8600.0000 4700.0000 85
8600.0000 4800.0000 86
8600.0000 4900.0000 86
8600.0000 5000.0000 87
8600.0000 5100.0000 88
8600.0000 5200.0000 88
8600.0000 5300.0000 89
8600.0000 5400.0000 90
8600.0000 5500.0000 91
8500.0000 5500.0000 89
8600.0000 5600.0000 91
8500.0000 5600.0000 90
8400.0000 5500.0000 88
8300.0000 5400.0000 86
8300.0000 5300.0000 85
8200.0000 5200.0000 83
8200.0000 5300.0000 84
8200.0000 5400.0000 85
8200.0000 5500.0000 85
8200.0000 5600.0000 86
8300.0000 5500.0000 87
8400.0000 5600.0000 89
8300.0000 5600.0000 88
8300.0000 5700.0000 88
8400.0000 5800.0000 90
8500.0000 5900.0000 93
8600.0000 5800.0000 93
8600.0000 5900.0000 94
8500.0000 5800.0000 92
8600.0000 5700.0000 92
8400.0000 5700.0000 90
8300.0000 5800.0000 89
8400.0000 5900.0000 91
8400.0000 6000.0000 92
8500.0000 6100.0000 94
8600.0000 6000.0000 95
8600.0000 6100.0000 95
8600.0000 6200.0000 96
8500.0000 6200.0000 95
8400.0000 6100.0000 93
8300.0000 6000.0000 91
8300.0000 5900.0000 90
8200.0000 5800.0000 88
8200.0000 5900.0000 89
8200.0000 6000.0000 90
8200.0000 6100.0000 91
8200.0000 6200.0000 91
8300.0000 6100.0000 92
8400.0000 6200.0000 94
8300.0000 6200.0000 93
8300.0000 6300.0000 94
8400.0000 6300.0000 95
8600.0000 6300.0000 97
8600.0000 6400.0000 98
8500.0000 6400.0000 97
8400.0000 6400.0000 96
8300.0000 6500.0000 95
8300.0000 6600.0000 96
8400.0000 6800.0000 100
8400.0000 6600.0000 98
8400.0000 6500.0000 97
8300.0000 6400.0000 95
8200.0000 6300.0000 92
8200.0000 6400.0000 93
8200.0000 6500.0000 94
8200.0000 6600.0000 95
8100.0000 6500.0000 93
8000.0000 6600.0000 93
8000.0000 6500.0000 92
8100.0000 6400.0000 92
8000.0000 6400.0000 91
8000.0000 6300.0000 90
8100.0000 6200.0000 90
8000.0000 6200.0000 89
8100.0000 6300.0000 91
7900.0000 6500.0000 91
7900.0000 6400.0000 90
7900.0000 6300.0000 89
7900.0000 6200.0000 88
7900.0000 6100.0000 87
8000.0000 6100.0000 88
8100.0000 6100.0000 89
8100.0000 6000.0000 88
8100.0000 5900.0000 88
8000.0000 5900.0000 86
8000.0000 6000.0000 87
7900.0000 6000.0000 86
7900.0000 5900.0000 85
7900.0000 5800.0000 84
8000.0000 5800.0000 85
8100.0000 5800.0000 87
8100.0000 5700.0000 86
8000.0000 5700.0000 85
8100.0000 5600.0000 85
8000.0000 5600.0000 84
7900.0000 5700.0000 83
7900.0000 5600.0000 83
7900.0000 5500.0000 82
8000.0000 5500.0000 83
8100.0000 5500.0000 84
8100.0000 5400.0000 83
8100.0000 5300.0000 83
8000.0000 5300.0000 81
8000.0000 5400.0000 82
7900.0000 5300.0000 80
7900.0000 5200.0000 79
8000.0000 5200.0000 81
8100.0000 5200.0000 82
8200.0000 5100.0000 82
8200.0000 5000.0000 82
8100.0000 5100.0000 81
8100.0000 5000.0000 80
8000.0000 5000.0000 79
8000.0000 5100.0000 80
7900.0000 5100.0000 79
7900.0000 5000.0000 78
8000.0000 4900.0000 78
8100.0000 4900.0000 80
8200.0000 4800.0000 80
8200.0000 4900.0000 81
8100.0000 4800.0000 79
8000.0000 4800.0000 78
7900.0000 4800.0000 76
7900.0000 4900.0000 77
7800.0000 5000.0000 76
7800.0000 4900.0000 76
7700.0000 4800.0000 74
7800.0000 4700.0000 74
7700.0000 4700.0000 73
7800.0000 4800.0000 75
7700.0000 4900.0000 74
7600.0000 5000.0000 74
7700.0000 5100.0000 76
7700.0000 5000.0000 75
7800.0000 5100.0000 77
7800.0000 5200.0000 78
7700.0000 5200.0000 77
7600.0000 5300.0000 76
7700.0000 5400.0000 78
7800.0000 5300.0000 79
7700.0000 5300.0000 78
7800.0000 5400.0000 80
7900.0000 5400.0000 81
7800.0000 5500.0000 80
7800.0000 5600.0000 81
7700.0000 5600.0000 80
7700.0000 5700.0000 81
7800.0000 5800.0000 83
7700.0000 5800.0000 82
7800.0000 5900.0000 84
7700.0000 5900.0000 83
7700.0000 6000.0000 84
7800.0000 6100.0000 86
7800.0000 6000.0000 85
7700.0000 6100.0000 85
7600.0000 6200.0000 85
7700.0000 6300.0000 87
7800.0000 6200.0000 87
7700.0000 6200.0000 86
7800.0000 6300.0000 88
7800.0000 6400.0000 89
7700.0000 6400.0000 88
7800.0000 6500.0000 90
7900.0000 6600.0000 92
7800.0000 6600.0000 91
7700.0000 6500.0000 89
7600.0000 6400.0000 87
7600.0000 6300.0000 86
7500.0000 6200.0000 83
7500.0000 6300.0000 84
7400.0000 6200.0000 82
7400.0000 6300.0000 83
7500.0000 6400.0000 85
7600.0000 6600.0000 89
7500.0000 6500.0000 86
7400.0000 6400.0000 84
7300.0000 6400.0000 83
7400.0000 6500.0000 85
7500.0000 6600.0000 88
7400.0000 6600.0000 86
7300.0000 6600.0000 85
7200.0000 6600.0000 84
7200.0000 6500.0000 83
7200.0000 6400.0000 82
7300.0000 6300.0000 82
7200.0000 6300.0000 81
7100.0000 6400.0000 81
7100.0000 6300.0000 80
7200.0000 6200.0000 80
7100.0000 6200.0000 79
7000.0000 6200.0000 78
7000.0000 6300.0000 79
7000.0000 6400.0000 80
7000.0000 6500.0000 81
7100.0000 6500.0000 82
7100.0000 6600.0000 83
7000.0000 6600.0000 82
6900.0000 6600.0000 81
6900.0000 6500.0000 80
6800.0000 6600.0000 80
6800.0000 6500.0000 79
6700.0000 6600.0000 80
6700.0000 6500.0000 78
6600.0000 6500.0000 77
6600.0000 6600.0000 79
6500.0000 6600.0000 78
6500.0000 6500.0000 76
6400.0000 6500.0000 76
6400.0000 6600.0000 77
6300.0000 6600.0000 76
6300.0000 6500.0000 75
6200.0000 6500.0000 74
6200.0000 6600.0000 75
6100.0000 6500.0000 73
6100.0000 6600.0000 74
6000.0000 6500.0000 72
6000.0000 6600.0000 73
5900.0000 6600.0000 73
5900.0000 6500.0000 71
5800.0000 6600.0000 72
5800.0000 6500.0000 71
5700.0000 6600.0000 71
5700.0000 6500.0000 70
5600.0000 6500.0000 69
5600.0000 6600.0000 70
5500.0000 6600.0000 70
5500.0000 6500.0000 68
5400.0000 6500.0000 68
5400.0000 6600.0000 69
5300.0000 6600.0000 68
5300.0000 6500.0000 67
5200.0000 6500.0000 66
5200.0000 6600.0000 68
5100.0000 6500.0000 66
5100.0000 6600.0000 67
5000.0000 6500.0000 65
5000.0000 6600.0000 67
4900.0000 6600.0000 66
4900.0000 6500.0000 65
4800.0000 6600.0000 66
4800.0000 6500.0000 64
4700.0000 6600.0000 65
4700.0000 6500.0000 64
4600.0000 6500.0000 63
4600.0000 6600.0000 65
4500.0000 6600.0000 64
4400.0000 6500.0000 62
4400.0000 6600.0000 64
4300.0000 6600.0000 64
4300.0000 6500.0000 62
4200.0000 6500.0000 62
4200.0000 6600.0000 63
4100.0000 6500.0000 61
4100.0000 6600.0000 63
4000.0000 6500.0000 61
4000.0000 6600.0000 63
3900.0000 6600.0000 62
3900.0000 6500.0000 61
3900.0000 6400.0000 60
3800.0000 6400.0000 59
3900.0000 6300.0000 58
3900.0000 6200.0000 57
3800.0000 6300.0000 58
3700.0000 6400.0000 59
3700.0000 6300.0000 58
3800.0000 6200.0000 56
3700.0000 6200.0000 56
3600.0000 6100.0000 55
3600.0000 6200.0000 56
3600.0000 6300.0000 58
3600.0000 6400.0000 59
3600.0000 6500.0000 61
3700.0000 6500.0000 61
3800.0000 6500.0000 61
3700.0000 6600.0000 62
3700.0000 6800.0000 65
3600.0000 6600.0000 62
3500.0000 6500.0000 61
3500.0000 6600.0000 62
3400.0000 6600.0000 62
3400.0000 6500.0000 61
3300.0000 6400.0000 59
3400.0000 6400.0000 59
3500.0000 6300.0000 58
3400.0000 6300.0000 58
3500.0000 6200.0000 56
3400.0000 6200.0000 56
3300.0000 6300.0000 58
3300.0000 6200.0000 56
3300.0000 6100.0000 55
3300.0000 6000.0000 53
3400.0000 6100.0000 55
3400.0000 6000.0000 53
3500.0000 6000.0000 53
3600.0000 5900.0000 52
3600.0000 6000.0000 53
3500.0000 5900.0000 52
3400.0000 5900.0000 52
3300.0000 5800.0000 50
3400.0000 5800.0000 50
3500.0000 5800.0000 50
3400.0000 5700.0000 49
3400.0000 5600.0000 47
3300.0000 5700.0000 49
3300.0000 5600.0000 47
3300.0000 5500.0000 46
3400.0000 5500.0000 46
3500.0000 5500.0000 46
3600.0000 5400.0000 44
3600.0000 5500.0000 46
3500.0000 5400.0000 44
3400.0000 5400.0000 44
3500.0000 5300.0000 43
3400.0000 5300.0000 43
3300.0000 5400.0000 44
3300.0000 5300.0000 43
3300.0000 5200.0000 41
3400.0000 5200.0000 41
3500.0000 5200.0000 41
3600.0000 5100.0000 40
3700.0000 5100.0000 40
3600.0000 5200.0000 41
3500.0000 5100.0000 40
3400.0000 5100.0000 40
3400.0000 5000.0000 38
3300.0000 5100.0000 40
3300.0000 5000.0000 38
3400.0000 4900.0000 37
3500.0000 4900.0000 37
3400.0000 4800.0000 35
3400.0000 4700.0000 34
3300.0000 4800.0000 35
3300.0000 4700.0000 34
3300.0000 4600.0000 32
3400.0000 4600.0000 32
3500.0000 4600.0000 32
3400.0000 4500.0000 31
3500.0000 4400.0000 29
3400.0000 4400.0000 29
3300.0000 4500.0000 31
3300.0000 4400.0000 29
3400.0000 4300.0000 28
3600.0000 4100.0000 25
3700.0000 4200.0000 26
3600.0000 4200.0000 26
3500.0000 4200.0000 26
3400.0000 4200.0000 26
3400.0000 4100.0000 25
3300.0000 4200.0000 26
3300.0000 4100.0000 25
3300.0000 4000.0000 23
3400.0000 4000.0000 23
3400.0000 3900.0000 22
3500.0000 3800.0000 20
3400.0000 3800.0000 20
3300.0000 3900.0000 22
3300.0000 3800.0000 20
3300.0000 3700.0000 19
3400.0000 3700.0000 19
3400.0000 3600.0000 17
3300.0000 3600.0000 17
3400.0000 3500.0000 16
3300.0000 3400.0000 14
3400.0000 3400.0000 14
3500.0000 3400.0000 14
3400.0000 3300.0000 13
3500.0000 3200.0000 11
3400.0000 3200.0000 11
3300.0000 3300.0000 13
3300.0000 3200.0000 11
3300.0000 3100.0000 10
3400.0000 3100.0000 10
3500.0000 3000.0000 8
3400.0000 3000.0000 8
3300.0000 3000.0000 8
3400.0000 2900.0000 7
3300.0000 2800.0000 5
3400.0000 2800.0000 5
3500.0000 2800.0000 5
3700.0000 2700.0000 6
3800.0000 2600.0000 7
3900.0000 2500.0000 8
3800.0000 2500.0000 7
3700.0000 2600.0000 5
3600.0000 2600.0000 4
3600.0000 2700.0000 5
3600.0000 2800.0000 6
3500.0000 2700.0000 4
3400.0000 2700.0000 4
3500.0000 2600.0000 3
3400.0000 2600.0000 2
3300.0000 2700.0000 4
3300.0000 2600.0000 3
3300.0000 2500.0000 2
3400.0000 2500.0000 0