n 1656 
m 3 
tmax 10354.67
0.0000 0.0000 0
1224.3000 945.6000 33
1325.9000 945.6000 34
1325.9000 971.0000 34
1224.3000 971.0000 33
1224.3000 996.4000 33
1325.9000 996.4000 35
1325.9000 1021.8000 35
1224.3000 1021.8000 33
1186.2000 1034.5000 33
1084.6000 1034.5000 32
1052.8000 1034.5000 31
1027.4000 1034.5000 31
1224.3000 1047.2000 34
1325.9000 1047.2000 35
1186.2000 1059.9000 33
1084.6000 1059.9000 32
1052.8000 1059.9000 31
1027.4000 1059.9000 31
1224.3000 1072.6000 34
1325.9000 1072.6000 36
1186.2000 1085.3000 34
1084.6000 1085.3000 32
1052.8000 1085.3000 32
1027.4000 1085.3000 31
1224.3000 1098.0000 35
1325.9000 1098.0000 36
1186.2000 1110.7000 34
1084.6000 1110.7000 33
1052.8000 1110.7000 32
1027.4000 1110.7000 32
1224.3000 1123.4000 35
1325.9000 1123.4000 36
1186.2000 1136.1000 34
1084.6000 1136.1000 33
1052.8000 1136.1000 33
1027.4000 1136.1000 32
1224.3000 1148.8000 35
1325.9000 1148.8000 37
1186.2000 1161.5000 35
1084.6000 1161.5000 33
1052.8000 1161.5000 33
1027.4000 1161.5000 33
1224.3000 1174.2000 36
1325.9000 1174.2000 37
1186.2000 1186.9000 35
1084.6000 1186.9000 34
1052.8000 1186.9000 33
1027.4000 1186.9000 33
1224.3000 1199.6000 36
1325.9000 1199.6000 37
1186.2000 1212.3000 36
1084.6000 1212.3000 34
1052.8000 1212.3000 34
1027.4000 1212.3000 33
1224.3000 1225.0000 36
1325.9000 1225.0000 38
1186.2000 1237.7000 36
1084.6000 1237.7000 35
1052.8000 1237.7000 34
1027.4000 1237.7000 34
1224.3000 1250.4000 37
1325.9000 1250.4000 38
1186.2000 1263.1000 36
1084.6000 1263.1000 35
1052.8000 1263.1000 35
1027.4000 1263.1000 34
1224.3000 1275.8000 37
1325.9000 1275.8000 39
1186.2000 1288.5000 37
1084.6000 1288.5000 35
1052.8000 1288.5000 35
1027.4000 1288.5000 35
1027.4000 1313.9000 35
1052.8000 1313.9000 35
1084.6000 1313.9000 36
1186.2000 1313.9000 37
1287.8000 1339.3000 39
1262.4000 1339.3000 39
1186.2000 1339.3000 38
1084.6000 1339.3000 36
1052.8000 1339.3000 36
1027.4000 1339.3000 35
1027.4000 1364.7000 36
1052.8000 1364.7000 36
1084.6000 1364.7000 37
1186.2000 1364.7000 38
1186.2000 1390.1000 38
1084.6000 1390.1000 37
1052.8000 1390.1000 37
1027.4000 1390.1000 36
1224.3000 1402.8000 39
1325.9000 1402.8000 40
1186.2000 1415.5000 39
1084.6000 1415.5000 37
1052.8000 1415.5000 37
1027.4000 1415.5000 37
1224.3000 1428.2000 39
1325.9000 1428.2000 41
1325.9000 1453.6000 41
1224.3000 1453.6000 40
1224.3000 1479.0000 40
1325.9000 1479.0000 42
1186.2000 1491.7000 40
1084.6000 1491.7000 39
1052.8000 1491.7000 38
1027.4000 1504.4000 38
1224.3000 1504.4000 41
1325.9000 1504.4000 42
1052.8000 1517.1000 39
1224.3000 1529.8000 41
1325.9000 1529.8000 42
1325.9000 1555.2000 43
1224.3000 1555.2000 41
1224.3000 1580.6000 42
1325.9000 1580.6000 43
1325.9000 1606.0000 44
1224.3000 1606.0000 42
1224.3000 1631.4000 43
1325.9000 1631.4000 44
1325.9000 1656.8000 44
1224.3000 1656.8000 43
1224.3000 1682.2000 44
1325.9000 1682.2000 45
1325.9000 1707.6000 45
1224.3000 1707.6000 44
1224.3000 1733.0000 44
1325.9000 1733.0000 46
1097.3000 1948.9000 47
1071.9000 1948.9000 47
1224.3000 2152.1000 52
1325.9000 2152.1000 53
1325.9000 2177.5000 53
1224.3000 2177.5000 52
1224.3000 2202.9000 53
1325.9000 2202.9000 54
1325.9000 2228.3000 54
1224.3000 2228.3000 53
1224.3000 2253.7000 54
1325.9000 2253.7000 55
1325.9000 2279.1000 55
1224.3000 2279.1000 54
1224.3000 2304.5000 54
1325.9000 2304.5000 56
1325.9000 2329.9000 56
1224.3000 2329.9000 55
1224.3000 2355.3000 55
1325.9000 2355.3000 56
1325.9000 2380.7000 57
1224.3000 2380.7000 56
1224.3000 2406.1000 56
1325.9000 2406.1000 57
1325.9000 2431.5000 58
1224.3000 2431.5000 57
1224.3000 2456.9000 57
1325.9000 2456.9000 58
1325.9000 2482.3000 59
1224.3000 2482.3000 58
1262.4000 2545.8000 59
1287.8000 2545.8000 60
1325.9000 2609.3000 61
1224.3000 2609.3000 60
1224.3000 2634.7000 61
1325.9000 2634.7000 62
1186.2000 2647.4000 61
1084.6000 2647.4000 60
1052.8000 2647.4000 59
1027.4000 2660.1000 59
1224.3000 2660.1000 61
1325.9000 2660.1000 62
1052.8000 2672.8000 60
1224.3000 2685.5000 62
1325.9000 2685.5000 62
1325.9000 2710.9000 63
1224.3000 2710.9000 62
1224.3000 2736.3000 63
1325.9000 2736.3000 63
1325.9000 2761.7000 64
1224.3000 2761.7000 63
1224.3000 2787.1000 63
1325.9000 2787.1000 64
1325.9000 2812.5000 65
1224.3000 2812.5000 64
1325.9000 2837.9000 65
1224.3000 2837.9000 64
1186.2000 2837.9000 64
1084.6000 2837.9000 63
1224.3000 2863.3000 65
1325.9000 2863.3000 66
1325.9000 2888.7000 66
1224.3000 2888.7000 65
1224.3000 2914.1000 66
1325.9000 2914.1000 67
1325.9000 2939.5000 67
1224.3000 2939.5000 66
1579.9000 3028.4000 71
1605.3000 3028.4000 71
1630.7000 3028.4000 72
1656.1000 3028.4000 72
1681.5000 3028.4000 72
1706.9000 3028.4000 72
1732.3000 3028.4000 73
1757.7000 3028.4000 73
1783.1000 3028.4000 73
1808.5000 3028.4000 73
1833.9000 3028.4000 74
1859.3000 3028.4000 74
1884.7000 3028.4000 74
1910.1000 3028.4000 75
1935.5000 3028.4000 75
1973.6000 3015.7000 75
1999.0000 3015.7000 75
2024.4000 3015.7000 76
1922.8000 2984.0000 74
1821.2000 2984.0000 73
1618.0000 2971.3000 70
1681.5000 2964.9000 71
1783.1000 2964.9000 72
1821.2000 2958.6000 72
1922.8000 2958.6000 73
1643.4000 2945.9000 70
1681.5000 2939.5000 71
1783.1000 2939.5000 72
1973.6000 2939.5000 74
1999.0000 2939.5000 74
2024.4000 2939.5000 74
2075.2000 2939.5000 75
2176.8000 2939.5000 76
1948.2000 2920.5000 73
1872.0000 2920.5000 72
1618.0000 2920.5000 70
1681.5000 2914.1000 70
1783.1000 2914.1000 71
1973.6000 2914.1000 73
1999.0000 2914.1000 74
2024.4000 2914.1000 74
2075.2000 2914.1000 74
2176.8000 2914.1000 76
2176.8000 2888.7000 75
2075.2000 2888.7000 74
1783.1000 2888.7000 71
1681.5000 2888.7000 70
1618.0000 2869.7000 69
1872.0000 2869.7000 71
1948.2000 2869.7000 72
2176.8000 2863.3000 75
2075.2000 2863.3000 74
1783.1000 2863.3000 70
1681.5000 2863.3000 69
1643.4000 2844.3000 68
1681.5000 2837.9000 69
1783.1000 2837.9000 70
1878.3000 2837.9000 71
1903.7000 2837.9000 71
1929.1000 2837.9000 71
1973.6000 2837.9000 72
1999.0000 2837.9000 72
2024.4000 2837.9000 73
2075.2000 2837.9000 73
2176.8000 2837.9000 74
1618.0000 2818.9000 68
1681.5000 2812.5000 68
1783.1000 2812.5000 69
2075.2000 2812.5000 73
2176.8000 2812.5000 74
2176.8000 2787.1000 74
2075.2000 2787.1000 72
2024.4000 2787.1000 72
1999.0000 2787.1000 71
1973.6000 2787.1000 71
1783.1000 2787.1000 69
1681.5000 2787.1000 68
1618.0000 2768.1000 67
1681.5000 2761.7000 67
1783.1000 2761.7000 68
2075.2000 2761.7000 72
2176.8000 2761.7000 73
1643.4000 2742.7000 67
1681.5000 2736.3000 67
1783.1000 2736.3000 68
1878.3000 2736.3000 69
1903.7000 2736.3000 69
1929.1000 2736.3000 70
2075.2000 2736.3000 72
2176.8000 2736.3000 73
1618.0000 2717.3000 66
1681.5000 2710.9000 66
1783.1000 2710.9000 68
1821.2000 2710.9000 68
1922.8000 2710.9000 69
1973.6000 2710.9000 70
1999.0000 2710.9000 70
2024.4000 2710.9000 70
2075.2000 2710.9000 71
2176.8000 2710.9000 72
2176.8000 2685.5000 72
2075.2000 2685.5000 71
2024.4000 2685.5000 70
1999.0000 2685.5000 70
1973.6000 2685.5000 69
1922.8000 2685.5000 69
1821.2000 2685.5000 68
1783.1000 2685.5000 67
1757.7000 2685.5000 67
1732.3000 2685.5000 67
1706.9000 2685.5000 66
1681.5000 2685.5000 66
1656.1000 2685.5000 66
1618.0000 2666.5000 65
1821.2000 2660.1000 67
1922.8000 2660.1000 68
2075.2000 2660.1000 70
2176.8000 2660.1000 72
1643.4000 2641.1000 65
1681.5000 2634.7000 65
1783.1000 2634.7000 66
1821.2000 2634.7000 67
1922.8000 2634.7000 68
2075.2000 2634.7000 70
2176.8000 2634.7000 71
1618.0000 2615.7000 64
1681.5000 2609.3000 65
1783.1000 2609.3000 66
1821.2000 2609.3000 66
1922.8000 2609.3000 68
1973.6000 2609.3000 68
1999.0000 2609.3000 68
2024.4000 2609.3000 69
2075.2000 2609.3000 69
2176.8000 2609.3000 71
1935.5000 2571.2000 67
1910.1000 2571.2000 67
1884.7000 2571.2000 66
1859.3000 2571.2000 66
1833.9000 2571.2000 66
1808.5000 2571.2000 66
1783.1000 2571.2000 65
1757.7000 2571.2000 65
1732.3000 2571.2000 65
1706.9000 2571.2000 64
1681.5000 2571.2000 64
1656.1000 2571.2000 64
1630.7000 2571.2000 63
1605.3000 2571.2000 63
1579.9000 2571.2000 63
1973.6000 2558.5000 67
1999.0000 2558.5000 68
2024.4000 2558.5000 68
2113.3000 2545.8000 69
2138.7000 2545.8000 69
1922.8000 2526.8000 66
1821.2000 2526.8000 65
1618.0000 2514.1000 62
1681.5000 2507.7000 63
1783.1000 2507.7000 64
1821.2000 2501.4000 65
1922.8000 2501.4000 66
1643.4000 2488.7000 62
1681.5000 2482.3000 63
1783.1000 2482.3000 64
1973.6000 2482.3000 66
1999.0000 2482.3000 66
2024.4000 2482.3000 67
2075.2000 2482.3000 67
2176.8000 2482.3000 69
1948.2000 2463.3000 65
1872.0000 2463.3000 65
1618.0000 2463.3000 61
1681.5000 2456.9000 62
1783.1000 2456.9000 63
1973.6000 2456.9000 66
1999.0000 2456.9000 66
2024.4000 2456.9000 66
2075.2000 2456.9000 67
2176.8000 2456.9000 68
2176.8000 2431.5000 68
2075.2000 2431.5000 67
1783.1000 2431.5000 63
1681.5000 2431.5000 62
1618.0000 2412.5000 61
1872.0000 2412.5000 64
1948.2000 2412.5000 65
2176.8000 2406.1000 68
2075.2000 2406.1000 66
1783.1000 2406.1000 62
1681.5000 2406.1000 61
1643.4000 2387.1000 60
1681.5000 2380.7000 61
1783.1000 2380.7000 62
1878.3000 2380.7000 63
1903.7000 2380.7000 64
1929.1000 2380.7000 64
1973.6000 2380.7000 64
1999.0000 2380.7000 65
2024.4000 2380.7000 65
2075.2000 2380.7000 66
2176.8000 2380.7000 67
1618.0000 2361.7000 60
1681.5000 2355.3000 60
1783.1000 2355.3000 62
2075.2000 2355.3000 65
2176.8000 2355.3000 67
2176.8000 2329.9000 66
2075.2000 2329.9000 65
2024.4000 2329.9000 64
1999.0000 2329.9000 64
1973.6000 2329.9000 64
1783.1000 2329.9000 61
1681.5000 2329.9000 60
1618.0000 2310.9000 59
1681.5000 2304.5000 60
1783.1000 2304.5000 61
2075.2000 2304.5000 65
2176.8000 2304.5000 66
1643.4000 2285.5000 59
1681.5000 2279.1000 59
1783.1000 2279.1000 60
1878.3000 2279.1000 62
1903.7000 2279.1000 62
1929.1000 2279.1000 62
2075.2000 2279.1000 64
2176.8000 2279.1000 66
1618.0000 2260.1000 58
1681.5000 2253.7000 59
1783.1000 2253.7000 60
1821.2000 2253.7000 60
1922.8000 2253.7000 62
1973.6000 2253.7000 62
1999.0000 2253.7000 63
2024.4000 2253.7000 63
2075.2000 2253.7000 64
2176.8000 2253.7000 65
2176.8000 2228.3000 65
2075.2000 2228.3000 63
2024.4000 2228.3000 63
1999.0000 2228.3000 62
1973.6000 2228.3000 62
1922.8000 2228.3000 61
1821.2000 2228.3000 60
1783.1000 2228.3000 60
1757.7000 2228.3000 59
1732.3000 2228.3000 59
1706.9000 2228.3000 59
1681.5000 2228.3000 58
1656.1000 2228.3000 58
1618.0000 2209.3000 57
1821.2000 2202.9000 60
1922.8000 2202.9000 61
2075.2000 2202.9000 63
2176.8000 2202.9000 65
1643.4000 2183.9000 57
1681.5000 2177.5000 57
1783.1000 2177.5000 59
1821.2000 2177.5000 59
1922.8000 2177.5000 61
2075.2000 2177.5000 63
2176.8000 2177.5000 64
1618.0000 2158.5000 56
1681.5000 2152.1000 57
1783.1000 2152.1000 58
1821.2000 2152.1000 59
1922.8000 2152.1000 60
1973.6000 2152.1000 61
1999.0000 2152.1000 61
2024.4000 2152.1000 62
2075.2000 2152.1000 62
2176.8000 2152.1000 64
2113.3000 1948.9000 60
2138.7000 1948.9000 60
1935.5000 1745.7000 54
1910.1000 1745.7000 54
1884.7000 1745.7000 54
1859.3000 1745.7000 53
1833.9000 1745.7000 53
1808.5000 1745.7000 53
1783.1000 1745.7000 52
1757.7000 1745.7000 52
1732.3000 1745.7000 51
1706.9000 1745.7000 51
1681.5000 1745.7000 51
1656.1000 1745.7000 50
1630.7000 1745.7000 50
1605.3000 1745.7000 50
1579.9000 1745.7000 49
1973.6000 1733.0000 55
1999.0000 1733.0000 55
2024.4000 1733.0000 56
2075.2000 1733.0000 56
2176.8000 1733.0000 58
2176.8000 1707.6000 58
2075.2000 1707.6000 56
1922.8000 1701.3000 54
1821.2000 1701.3000 52
1618.0000 1688.6000 49
1681.5000 1682.2000 50
1783.1000 1682.2000 51
2075.2000 1682.2000 56
2176.8000 1682.2000 57
1922.8000 1675.9000 53
1821.2000 1675.9000 52
1643.4000 1663.2000 49
1681.5000 1656.8000 49
1783.1000 1656.8000 51
1973.6000 1656.8000 54
1999.0000 1656.8000 54
2024.4000 1656.8000 55
2075.2000 1656.8000 55
2176.8000 1656.8000 57
1948.2000 1637.8000 53
1872.0000 1637.8000 52
1618.0000 1637.8000 48
1681.5000 1631.4000 49
1783.1000 1631.4000 50
1973.6000 1631.4000 53
1999.0000 1631.4000 54
2024.4000 1631.4000 54
2075.2000 1631.4000 55
2176.8000 1631.4000 57
2176.8000 1606.0000 56
2075.2000 1606.0000 55
1783.1000 1606.0000 50
1681.5000 1606.0000 49
1618.0000 1587.0000 47
1872.0000 1587.0000 51
1948.2000 1587.0000 52
2176.8000 1580.6000 56
2075.2000 1580.6000 54
1783.1000 1580.6000 50
1681.5000 1580.6000 48
1643.4000 1561.6000 47
1681.5000 1555.2000 48
1783.1000 1555.2000 49
1872.0000 1555.2000 51
1903.7000 1555.2000 51
1929.1000 1555.2000 52
1973.6000 1555.2000 52
1999.0000 1555.2000 53
2024.4000 1555.2000 53
2075.2000 1555.2000 54
2176.8000 1555.2000 56
1618.0000 1536.2000 47
1681.5000 1529.8000 48
1783.1000 1529.8000 49
2075.2000 1529.8000 54
2176.8000 1529.8000 56
2176.8000 1504.4000 55
2075.2000 1504.4000 54
2024.4000 1504.4000 53
1999.0000 1504.4000 52
1973.6000 1504.4000 52
1783.1000 1504.4000 49
1681.5000 1504.4000 47
1618.0000 1485.4000 46
1681.5000 1479.0000 47
1783.1000 1479.0000 48
2075.2000 1479.0000 53
2176.8000 1479.0000 55
1643.4000 1460.0000 46
1681.5000 1453.6000 46
1783.1000 1453.6000 48
1872.0000 1453.6000 50
1903.7000 1453.6000 50
1929.1000 1453.6000 50
2075.2000 1453.6000 53
2176.8000 1453.6000 55
1618.0000 1434.6000 45
1681.5000 1428.2000 46
1783.1000 1428.2000 48
1821.2000 1428.2000 48
1922.8000 1428.2000 50
1973.6000 1428.2000 51
1999.0000 1428.2000 51
2024.4000 1428.2000 52
2075.2000 1428.2000 53
2176.8000 1428.2000 54
2176.8000 1402.8000 54
2075.2000 1402.8000 52
2024.4000 1402.8000 51
1999.0000 1402.8000 51
1973.6000 1402.8000 51
1922.8000 1402.8000 50
1821.2000 1402.8000 48
1783.1000 1402.8000 47
1757.7000 1402.8000 47
1732.3000 1402.8000 47
1706.9000 1402.8000 46
1681.5000 1402.8000 46
1656.1000 1402.8000 45
1618.0000 1383.8000 45
1821.2000 1377.4000 48
1922.8000 1377.4000 49
1643.4000 1358.4000 45
1681.5000 1352.0000 45
1783.1000 1352.0000 47
1821.2000 1352.0000 47
1922.8000 1352.0000 49
2113.3000 1352.0000 52
2138.7000 1352.0000 53
1618.0000 1333.0000 44
1681.5000 1326.6000 45
1783.1000 1326.6000 46
1821.2000 1326.6000 47
1922.8000 1326.6000 49
1973.6000 1326.6000 50
1999.0000 1326.6000 50
2024.4000 1326.6000 51
1935.5000 1288.5000 49
1910.1000 1288.5000 48
1884.7000 1288.5000 48
1859.3000 1288.5000 47
1833.9000 1288.5000 47
1808.5000 1288.5000 46
1783.1000 1288.5000 46
1757.7000 1288.5000 46
1732.3000 1288.5000 45
1706.9000 1288.5000 45
1681.5000 1288.5000 44
1656.1000 1288.5000 44
1630.7000 1288.5000 43
1605.3000 1288.5000 43
1579.9000 1288.5000 43
1973.6000 1275.8000 49
1999.0000 1275.8000 50
2024.4000 1275.8000 50
2075.2000 1275.8000 51
2176.8000 1275.8000 53
2176.8000 1250.4000 52
2075.2000 1250.4000 51
1922.8000 1244.1000 48
1821.2000 1244.1000 46
1618.0000 1231.4000 43
1681.5000 1225.0000 44
1783.1000 1225.0000 45
2075.2000 1225.0000 50
2176.8000 1225.0000 52
1922.8000 1218.7000 48
1821.2000 1218.7000 46
1643.4000 1206.0000 43
1681.5000 1199.6000 43
1783.1000 1199.6000 45
1973.6000 1199.6000 48
1999.0000 1199.6000 49
2024.4000 1199.6000 49
2075.2000 1199.6000 50
2176.8000 1199.6000 52
1948.2000 1180.6000 48
1872.0000 1180.6000 46
1618.0000 1180.6000 42
1681.5000 1174.2000 43
1783.1000 1174.2000 45
1973.6000 1174.2000 48
1999.0000 1174.2000 48
2024.4000 1174.2000 49
2075.2000 1174.2000 50
2176.8000 1174.2000 52
2176.8000 1148.8000 51
2075.2000 1148.8000 50
1783.1000 1148.8000 44
1681.5000 1148.8000 43
1618.0000 1129.8000 41
1872.0000 1129.8000 46
1948.2000 1129.8000 47
2176.8000 1123.4000 51
2075.2000 1123.4000 49
1783.1000 1123.4000 44
1681.5000 1123.4000 42
1643.4000 1104.4000 41
1681.5000 1098.0000 42
1783.1000 1098.0000 44
1878.3000 1098.0000 46
1903.7000 1098.0000 46
1929.1000 1098.0000 46
1973.6000 1098.0000 47
1999.0000 1098.0000 48
2024.4000 1098.0000 48
2075.2000 1098.0000 49
2176.8000 1098.0000 51
1618.0000 1079.0000 41
1681.5000 1072.6000 42
1783.1000 1072.6000 44
2075.2000 1072.6000 49
2176.8000 1072.6000 51
2176.8000 1047.2000 50
2075.2000 1047.2000 49
2024.4000 1047.2000 48
1999.0000 1047.2000 47
1973.6000 1047.2000 47
1783.1000 1047.2000 43
1681.5000 1047.2000 41
1618.0000 1028.2000 40
1681.5000 1021.8000 41
1783.1000 1021.8000 43
2075.2000 1021.8000 48
2176.8000 1021.8000 50
1643.4000 1002.8000 40
1681.5000 996.4000 41
1783.1000 996.4000 43
1878.3000 996.4000 44
1903.7000 996.4000 45
1929.1000 996.4000 45
2075.2000 996.4000 48
2176.8000 996.4000 50
1618.0000 977.4000 40
1681.5000 971.0000 41
1783.1000 971.0000 42
1821.2000 971.0000 43
1922.8000 971.0000 45
1973.6000 971.0000 46
1999.0000 971.0000 46
2024.4000 971.0000 47
2075.2000 971.0000 48
2176.8000 971.0000 50
2176.8000 945.6000 50
2075.2000 945.6000 48
2024.4000 945.6000 47
1999.0000 945.6000 46
1973.6000 945.6000 46
1922.8000 945.6000 45
1821.2000 945.6000 43
1783.1000 945.6000 42
1757.7000 945.6000 42
1732.3000 945.6000 41
1706.9000 945.6000 41
1681.5000 945.6000 40
1656.1000 945.6000 40
1618.0000 926.6000 39
1821.2000 920.2000 43
1922.8000 920.2000 45
1643.4000 901.2000 39
1681.5000 894.8000 40
1783.1000 894.8000 42
1821.2000 894.8000 42
1922.8000 894.8000 44
1618.0000 875.8000 39
1681.5000 869.4000 40
1783.1000 869.4000 42
1821.2000 869.4000 42
1922.8000 869.4000 44
1973.6000 869.4000 45
1999.0000 869.4000 46
2024.4000 869.4000 46
2449.8000 2037.8000 66
2475.2000 2037.8000 67
2500.6000 2037.8000 67
2526.0000 2037.8000 68
2551.4000 2037.8000 68
2576.8000 2037.8000 68
2602.2000 2037.8000 69
2627.6000 2037.8000 69
2672.1000 2037.8000 70
2697.5000 2037.8000 70
2722.9000 2037.8000 71
2748.3000 2037.8000 71
2773.7000 2037.8000 72
2799.1000 2037.8000 72
2824.5000 2037.8000 73
2849.9000 2037.8000 73
2926.1000 2075.9000 75
3002.3000 2075.9000 76
3053.1000 2075.9000 77
3103.9000 2075.9000 78
3167.4000 2075.9000 79
3243.6000 2075.9000 80
3294.4000 2075.9000 81
3345.2000 2075.9000 82
3383.3000 2088.6000 83
3459.5000 2088.6000 84
3497.6000 2088.6000 85
3599.2000 2088.6000 87
3650.0000 2088.6000 87
3675.4000 2088.6000 88
3700.8000 2088.6000 88
2849.9000 2114.0000 74
2824.5000 2114.0000 73
2799.1000 2114.0000 73
2773.7000 2114.0000 73
2748.3000 2114.0000 72
2722.9000 2114.0000 72
2697.5000 2114.0000 71
2672.1000 2114.0000 71
2627.6000 2114.0000 70
2602.2000 2114.0000 70
2576.8000 2114.0000 69
2551.4000 2114.0000 69
2526.0000 2114.0000 69
2500.6000 2114.0000 68
2475.2000 2114.0000 68
2449.8000 2114.0000 67
3497.6000 2126.7000 85
3599.2000 2126.7000 87
3459.5000 2139.4000 85
3383.3000 2139.4000 83
3345.2000 2152.1000 83
3294.4000 2152.1000 82
3243.6000 2152.1000 81
3167.4000 2152.1000 80
3103.9000 2152.1000 79
3053.1000 2152.1000 78
3002.3000 2152.1000 77
2926.1000 2152.1000 76
2875.3000 2152.1000 75
2849.9000 2152.1000 74
2824.5000 2152.1000 74
2773.7000 2152.1000 73
2672.1000 2152.1000 71
2634.0000 2152.1000 71
2532.4000 2152.1000 69
2468.9000 2158.5000 68
2532.4000 2177.5000 70
2634.0000 2177.5000 71
2672.1000 2177.5000 72
2773.7000 2177.5000 73
2494.3000 2183.9000 69
2672.1000 2202.9000 72
2773.7000 2202.9000 74
2926.1000 2202.9000 76
3002.3000 2202.9000 78
3053.1000 2202.9000 78
3103.9000 2202.9000 79
3167.4000 2202.9000 80
3243.6000 2202.9000 82
3294.4000 2202.9000 82
3345.2000 2202.9000 83
2468.9000 2209.3000 69
3383.3000 2215.6000 84
3459.5000 2215.6000 85
3497.6000 2215.6000 86
3599.2000 2215.6000 88
3675.4000 2215.6000 89
3726.2000 2215.6000 90
2875.3000 2228.3000 76
2849.9000 2228.3000 75
2824.5000 2228.3000 75
2773.7000 2228.3000 74
2672.1000 2228.3000 72
2634.0000 2228.3000 72
2608.6000 2228.3000 71
2583.2000 2228.3000 71
2557.8000 2228.3000 71
2532.4000 2228.3000 70
2507.0000 2228.3000 70
3675.4000 2241.0000 90
3726.2000 2241.0000 90
3599.2000 2253.7000 88
3497.6000 2253.7000 87
2875.3000 2253.7000 76
2849.9000 2253.7000 76
2824.5000 2253.7000 75
2773.7000 2253.7000 74
2672.1000 2253.7000 73
2634.0000 2253.7000 72
2532.4000 2253.7000 71
2468.9000 2260.1000 70
3383.3000 2266.4000 85
3459.5000 2266.4000 86
3675.4000 2266.4000 90
3726.2000 2266.4000 91
3345.2000 2279.1000 84
3294.4000 2279.1000 83
3243.6000 2279.1000 82
3167.4000 2279.1000 81
3103.9000 2279.1000 80
3053.1000 2279.1000 79
3002.3000 2279.1000 78
2926.1000 2279.1000 77
2780.0000 2279.1000 75
2754.6000 2279.1000 74
2729.2000 2279.1000 74
2634.0000 2279.1000 73
2532.4000 2279.1000 71
2494.3000 2285.5000 70
3675.4000 2291.8000 90
3726.2000 2291.8000 91
2634.0000 2304.5000 73
2532.4000 2304.5000 71
2468.9000 2310.9000 70
3675.4000 2317.2000 90
3726.2000 2317.2000 91
3345.2000 2329.9000 85
3294.4000 2329.9000 84
3243.6000 2329.9000 83
3167.4000 2329.9000 82
3103.9000 2329.9000 81
3053.1000 2329.9000 80
3002.3000 2329.9000 79
2926.1000 2329.9000 78
2875.3000 2329.9000 77
2849.9000 2329.9000 77
2824.5000 2329.9000 76
2634.0000 2329.9000 73
2532.4000 2329.9000 72
3383.3000 2342.6000 86
3459.5000 2342.6000 87
3497.6000 2342.6000 88
3599.2000 2342.6000 89
3675.4000 2342.6000 91
3726.2000 2342.6000 92
2634.0000 2355.3000 74
2532.4000 2355.3000 72
2468.9000 2361.7000 71
3675.4000 2368.0000 91
3726.2000 2368.0000 92
3599.2000 2380.7000 90
3497.6000 2380.7000 88
2875.3000 2380.7000 78
2849.9000 2380.7000 77
2824.5000 2380.7000 77
2780.0000 2380.7000 76
2754.6000 2380.7000 76
2729.2000 2380.7000 75
2634.0000 2380.7000 74
2532.4000 2380.7000 72
2494.3000 2387.1000 72
3383.3000 2393.4000 86
3459.5000 2393.4000 88
3675.4000 2393.4000 91
3726.2000 2393.4000 92
3345.2000 2406.1000 86
3294.4000 2406.1000 85
3243.6000 2406.1000 84
3167.4000 2406.1000 83
3103.9000 2406.1000 82
3053.1000 2406.1000 81
3002.3000 2406.1000 80
2926.1000 2406.1000 79
2634.0000 2406.1000 74
2532.4000 2406.1000 73
2468.9000 2412.5000 72
2722.9000 2412.5000 76
2799.1000 2412.5000 77
3675.4000 2418.8000 92
3726.2000 2418.8000 92
2634.0000 2431.5000 75
2532.4000 2431.5000 73
3675.4000 2444.2000 92
3726.2000 2444.2000 93
3345.2000 2456.9000 86
3294.4000 2456.9000 86
3243.6000 2456.9000 85
3167.4000 2456.9000 83
3103.9000 2456.9000 82
3053.1000 2456.9000 82
3002.3000 2456.9000 81
2926.1000 2456.9000 80
2875.3000 2456.9000 79
2849.9000 2456.9000 78
2824.5000 2456.9000 78
2634.0000 2456.9000 75
2532.4000 2456.9000 73
2468.9000 2463.3000 73
2722.9000 2463.3000 76
2799.1000 2463.3000 78
3383.3000 2469.6000 87
3459.5000 2469.6000 88
3497.6000 2469.6000 89
3599.2000 2469.6000 91
3675.4000 2469.6000 92
3726.2000 2469.6000 93
2875.3000 2482.3000 79
2849.9000 2482.3000 79
2824.5000 2482.3000 78
2634.0000 2482.3000 75
2532.4000 2482.3000 74
2494.3000 2488.7000 73
3675.4000 2495.0000 92
3726.2000 2495.0000 93
2773.7000 2501.4000 78
2672.1000 2501.4000 76
2532.4000 2507.7000 74
2634.0000 2507.7000 76
3497.6000 2507.7000 90
3599.2000 2507.7000 91
2468.9000 2514.1000 73
3383.3000 2520.4000 88
3459.5000 2520.4000 89
3675.4000 2520.4000 93
3726.2000 2520.4000 94
2773.7000 2526.8000 78
2672.1000 2526.8000 77
2926.1000 2533.1000 81
3002.3000 2533.1000 82
3053.1000 2533.1000 83
3103.9000 2533.1000 83
3167.4000 2533.1000 84
3243.6000 2533.1000 86
3294.4000 2533.1000 86
3345.2000 2533.1000 87
3675.4000 2545.8000 93
3726.2000 2545.8000 94
2875.3000 2558.5000 80
2849.9000 2558.5000 80
2824.5000 2558.5000 79
2430.8000 2571.2000 74
2456.2000 2571.2000 74
2481.6000 2571.2000 74
2507.0000 2571.2000 75
2532.4000 2571.2000 75
2557.8000 2571.2000 76
2583.2000 2571.2000 76
2608.6000 2571.2000 76
2634.0000 2571.2000 77
2659.4000 2571.2000 77
2684.8000 2571.2000 77
2710.2000 2571.2000 78
2735.6000 2571.2000 78
2761.0000 2571.2000 79
2786.4000 2571.2000 79
3675.4000 2571.2000 93
3726.2000 2571.2000 94
3345.2000 2583.9000 88
3294.4000 2583.9000 87
3243.6000 2583.9000 86
3167.4000 2583.9000 85
3103.9000 2583.9000 84
3053.1000 2583.9000 83
3002.3000 2583.9000 82
2926.1000 2583.9000 81
3383.3000 2596.6000 89
3459.5000 2596.6000 90
3497.6000 2596.6000 91
3599.2000 2596.6000 92
3675.4000 2596.6000 94
3726.2000 2596.6000 94
2875.3000 2609.3000 81
2849.9000 2609.3000 80
2824.5000 2609.3000 80
2773.7000 2609.3000 79
2672.1000 2609.3000 78
2634.0000 2609.3000 77
2532.4000 2609.3000 76
2468.9000 2615.7000 75
3675.4000 2622.0000 94
3726.2000 2622.0000 95
3599.2000 2634.7000 93
3497.6000 2634.7000 91
2773.7000 2634.7000 80
2672.1000 2634.7000 78
2634.0000 2634.7000 78
2532.4000 2634.7000 76
2494.3000 2641.1000 76
3383.3000 2647.4000 89
3459.5000 2647.4000 91
3675.4000 2647.4000 94
3726.2000 2647.4000 95
3345.2000 2660.1000 89
3294.4000 2660.1000 88
3243.6000 2660.1000 87
3167.4000 2660.1000 86
3103.9000 2660.1000 85
3053.1000 2660.1000 84
3002.3000 2660.1000 83
2926.1000 2660.1000 82
2773.7000 2660.1000 80
2672.1000 2660.1000 78
2468.9000 2666.5000 76
3675.4000 2672.8000 94
3726.2000 2672.8000 95
2634.0000 2679.2000 78
2608.6000 2679.2000 78
2583.2000 2679.2000 77
2507.0000 2685.5000 76
2532.4000 2685.5000 77
2557.8000 2685.5000 77
2672.1000 2685.5000 79
2773.7000 2685.5000 80
2824.5000 2685.5000 81
2849.9000 2685.5000 82
2875.3000 2685.5000 82
3675.4000 2698.2000 95
3726.2000 2698.2000 96
3345.2000 2710.9000 90
3294.4000 2710.9000 89
3243.6000 2710.9000 88
3167.4000 2710.9000 87
3103.9000 2710.9000 86
3053.1000 2710.9000 85
3002.3000 2710.9000 84
2926.1000 2710.9000 83
2875.3000 2710.9000 82
2849.9000 2710.9000 82
2824.5000 2710.9000 81
2773.7000 2710.9000 81
2672.1000 2710.9000 79
2634.0000 2710.9000 79
2532.4000 2710.9000 77
2468.9000 2717.3000 76
3383.3000 2723.6000 90
3459.5000 2723.6000 92
3497.6000 2723.6000 92
3599.2000 2723.6000 94
3675.4000 2723.6000 95
3726.2000 2723.6000 96
2780.0000 2736.3000 81
2754.6000 2736.3000 81
2729.2000 2736.3000 80
2634.0000 2736.3000 79
2532.4000 2736.3000 78
2494.3000 2742.7000 77
3675.4000 2749.0000 95
3726.2000 2749.0000 96
3599.2000 2761.7000 94
3497.6000 2761.7000 93
2634.0000 2761.7000 79
2532.4000 2761.7000 78
2468.9000 2768.1000 77
3383.3000 2774.4000 91
3459.5000 2774.4000 92
3675.4000 2774.4000 96
3726.2000 2774.4000 97
3345.2000 2787.1000 91
3294.4000 2787.1000 90
3243.6000 2787.1000 89
3167.4000 2787.1000 88
3103.9000 2787.1000 87
3053.1000 2787.1000 86
3002.3000 2787.1000 85
2926.1000 2787.1000 84
2875.3000 2787.1000 83
2849.9000 2787.1000 83
2824.5000 2787.1000 83
2634.0000 2787.1000 80
2532.4000 2787.1000 78
3675.4000 2799.8000 96
3726.2000 2799.8000 97
2634.0000 2812.5000 80
2532.4000 2812.5000 79
2468.9000 2818.9000 78
3675.4000 2825.2000 96
3726.2000 2825.2000 97
3345.2000 2837.9000 91
3294.4000 2837.9000 90
3243.6000 2837.9000 90
3167.4000 2837.9000 88
3103.9000 2837.9000 88
3053.1000 2837.9000 87
3002.3000 2837.9000 86
2926.1000 2837.9000 85
2875.3000 2837.9000 84
2849.9000 2837.9000 84
2824.5000 2837.9000 83
2780.0000 2837.9000 83
2754.6000 2837.9000 82
2729.2000 2837.9000 82
2634.0000 2837.9000 81
2532.4000 2837.9000 79
2494.3000 2844.3000 79
3383.3000 2850.6000 92
3459.5000 2850.6000 93
3497.6000 2850.6000 94
3599.2000 2850.6000 95
3675.4000 2850.6000 97
3726.2000 2850.6000 98
2634.0000 2863.3000 81
2532.4000 2863.3000 80
2468.9000 2869.7000 79
2722.9000 2869.7000 82
2799.1000 2869.7000 83
3675.4000 2876.0000 97
3726.2000 2876.0000 98
3599.2000 2888.7000 96
3497.6000 2888.7000 94
2634.0000 2888.7000 81
2532.4000 2888.7000 80
3383.3000 2901.4000 93
3459.5000 2901.4000 94
3675.4000 2901.4000 97
3726.2000 2901.4000 98
3345.2000 2914.1000 92
3294.4000 2914.1000 91
3243.6000 2914.1000 91
3167.4000 2914.1000 90
3103.9000 2914.1000 89
3053.1000 2914.1000 88
3002.3000 2914.1000 87
2926.1000 2914.1000 86
2875.3000 2914.1000 85
2849.9000 2914.1000 85
2824.5000 2914.1000 84
2634.0000 2914.1000 82
2532.4000 2914.1000 80
2468.9000 2920.5000 80
2722.9000 2920.5000 83
2799.1000 2920.5000 84
3675.4000 2926.8000 98
3726.2000 2926.8000 99
2875.3000 2939.5000 86
2849.9000 2939.5000 85
2824.5000 2939.5000 85
2634.0000 2939.5000 82
2532.4000 2939.5000 81
2494.3000 2945.9000 80
3675.4000 2952.2000 98
3726.2000 2952.2000 99
2773.7000 2958.6000 84
2672.1000 2958.6000 83
2532.4000 2964.9000 81
2634.0000 2964.9000 83
2926.1000 2964.9000 87
3002.3000 2964.9000 88
3053.1000 2964.9000 89
3103.9000 2964.9000 89
3167.4000 2964.9000 90
3243.6000 2964.9000 91
3294.4000 2964.9000 92
3345.2000 2964.9000 93
2468.9000 2971.3000 80
3383.3000 2977.6000 94
3459.5000 2977.6000 95
3497.6000 2977.6000 96
3599.2000 2977.6000 97
3675.4000 2977.6000 98
3726.2000 2977.6000 99
2773.7000 2984.0000 85
2672.1000 2984.0000 83
3675.4000 3003.0000 99
3726.2000 3003.0000 100
3599.2000 3015.7000 98
3497.6000 3015.7000 96
2875.3000 3015.7000 87
2849.9000 3015.7000 86
2824.5000 3015.7000 86
2430.8000 3028.4000 81
2456.2000 3028.4000 81
2481.6000 3028.4000 81
2507.0000 3028.4000 82
2532.4000 3028.4000 82
2557.8000 3028.4000 82
2583.2000 3028.4000 83
2608.6000 3028.4000 83
2634.0000 3028.4000 84
2659.4000 3028.4000 84
2684.8000 3028.4000 84
2710.2000 3028.4000 85
2735.6000 3028.4000 85
2761.0000 3028.4000 85
2786.4000 3028.4000 86
3383.3000 3028.4000 94
3459.5000 3028.4000 96
3345.2000 3041.1000 94
3294.4000 3041.1000 93
3243.6000 3041.1000 92
3167.4000 3041.1000 91
3103.9000 3041.1000 90
3053.1000 3041.1000 90
3002.3000 3041.1000 89
2926.1000 3041.1000 88
3535.7000 3066.5000 97
3561.1000 3066.5000 98
3586.5000 3066.5000 98
3586.5000 2012.4000 86
3535.7000 2012.4000 85
3484.9000 2012.4000 84
3408.7000 2012.4000 82
3345.2000 2012.4000 81
3294.4000 2012.4000 80
3243.6000 2012.4000 79
3167.4000 2012.4000 78
3103.9000 2012.4000 77
3053.1000 2012.4000 76
3002.3000 2012.4000 75
2926.1000 2012.4000 74
2926.1000 1936.2000 73
3002.3000 1936.2000 74
3053.1000 1936.2000 75
3103.9000 1936.2000 76
3167.4000 1936.2000 77
3243.6000 1936.2000 79
3294.4000 1936.2000 80
3345.2000 1936.2000 80
3408.7000 1936.2000 82
3484.9000 1936.2000 83
3535.7000 1936.2000 84
3586.5000 1936.2000 85
3446.8000 1796.5000 81
3421.4000 1796.5000 80
3396.0000 1796.5000 80
2786.4000 1745.7000 69
2761.0000 1745.7000 68
2735.6000 1745.7000 68
2710.2000 1745.7000 67
2684.8000 1745.7000 67
2659.4000 1745.7000 66
2634.0000 1745.7000 66
2608.6000 1745.7000 65
2583.2000 1745.7000 65
2557.8000 1745.7000 65
2532.4000 1745.7000 64
2507.0000 1745.7000 64
2481.6000 1745.7000 63
2456.2000 1745.7000 63
2430.8000 1745.7000 62
2824.5000 1733.0000 69
2849.9000 1733.0000 69
2875.3000 1733.0000 70
2773.7000 1701.3000 68
2672.1000 1701.3000 66
2468.9000 1688.6000 62
2532.4000 1682.2000 63
2634.0000 1682.2000 65
3249.9000 1682.2000 76
3351.5000 1682.2000 78
2773.7000 1675.9000 68
2672.1000 1675.9000 66
2494.3000 1663.2000 63
2532.4000 1656.8000 63
2634.0000 1656.8000 65
2824.5000 1656.8000 68
2849.9000 1656.8000 69
2875.3000 1656.8000 69
3249.9000 1656.8000 76
3351.5000 1656.8000 78
2799.1000 1637.8000 68
2722.9000 1637.8000 66
2468.9000 1637.8000 62
2532.4000 1631.4000 63
2634.0000 1631.4000 65
2824.5000 1631.4000 68
2849.9000 1631.4000 68
2875.3000 1631.4000 69
3249.9000 1631.4000 76
3351.5000 1631.4000 78
3351.5000 1606.0000 77
3249.9000 1606.0000 75
2634.0000 1606.0000 64
2532.4000 1606.0000 63
2468.9000 1587.0000 61
2722.9000 1587.0000 66
2799.1000 1587.0000 67
2532.4000 1580.6000 62
2634.0000 1580.6000 64
3249.9000 1580.6000 75
3351.5000 1580.6000 77
2494.3000 1561.6000 61
2532.4000 1555.2000 62
2634.0000 1555.2000 64
2729.2000 1555.2000 65
2754.6000 1555.2000 66
2780.0000 1555.2000 66
2824.5000 1555.2000 67
2849.9000 1555.2000 68
2875.3000 1555.2000 68
2468.9000 1536.2000 61
2532.4000 1529.8000 62
2634.0000 1529.8000 64
2532.4000 1504.4000 61
2634.0000 1504.4000 63
2824.5000 1504.4000 67
2849.9000 1504.4000 67
2875.3000 1504.4000 68
2468.9000 1485.4000 60
2532.4000 1479.0000 61
2634.0000 1479.0000 63
2964.2000 1479.0000 69
2494.3000 1460.0000 60
2532.4000 1453.6000 61
2634.0000 1453.6000 63
2729.2000 1453.6000 64
2754.6000 1453.6000 65
2780.0000 1453.6000 65
2468.9000 1434.6000 60
2532.4000 1428.2000 61
2634.0000 1428.2000 62
2672.1000 1428.2000 63
2773.7000 1428.2000 65
2824.5000 1428.2000 66
2849.9000 1428.2000 66
2875.3000 1428.2000 67
2875.3000 1402.8000 67
2849.9000 1402.8000 66
2824.5000 1402.8000 66
2773.7000 1402.8000 65
2672.1000 1402.8000 63
2634.0000 1402.8000 62
2608.6000 1402.8000 62
2583.2000 1402.8000 61
2557.8000 1402.8000 61
2532.4000 1402.8000 60
2507.0000 1402.8000 60
2468.9000 1383.8000 59
2672.1000 1377.4000 63
2773.7000 1377.4000 65
2964.2000 1377.4000 68
2494.3000 1358.4000 59
2532.4000 1352.0000 60
2634.0000 1352.0000 62
2672.1000 1352.0000 62
2773.7000 1352.0000 64
2468.9000 1333.0000 59
2532.4000 1326.6000 60
2634.0000 1326.6000 62
2672.1000 1326.6000 62
2773.7000 1326.6000 64
2824.5000 1326.6000 65
2849.9000 1326.6000 66
2875.3000 1326.6000 66
2786.4000 1288.5000 64
2761.0000 1288.5000 64
2735.6000 1288.5000 63
2710.2000 1288.5000 63
2684.8000 1288.5000 62
2659.4000 1288.5000 62
2634.0000 1288.5000 61
2608.6000 1288.5000 61
2583.2000 1288.5000 60
2557.8000 1288.5000 60
2532.4000 1288.5000 59
2507.0000 1288.5000 59
2481.6000 1288.5000 58
2456.2000 1288.5000 58
2430.8000 1288.5000 57
2824.5000 1275.8000 65
2849.9000 1275.8000 65
2875.3000 1275.8000 66
2773.7000 1244.1000 63
2672.1000 1244.1000 61
2468.9000 1231.4000 58
2532.4000 1225.0000 59
2634.0000 1225.0000 61
2672.1000 1218.7000 61
2773.7000 1218.7000 63
2494.3000 1206.0000 58
2532.4000 1199.6000 58
2634.0000 1199.6000 60
2824.5000 1199.6000 64
2849.9000 1199.6000 64
2875.3000 1199.6000 65
2799.1000 1180.6000 63
2722.9000 1180.6000 62
2468.9000 1180.6000 57
2532.4000 1174.2000 58
2634.0000 1174.2000 60
2824.5000 1174.2000 64
2849.9000 1174.2000 64
2875.3000 1174.2000 65
2634.0000 1148.8000 60
2532.4000 1148.8000 58
2468.9000 1129.8000 57
2722.9000 1129.8000 61
2799.1000 1129.8000 63
2634.0000 1123.4000 60
2532.4000 1123.4000 58
2494.3000 1104.4000 57
2532.4000 1098.0000 58
2634.0000 1098.0000 60
2729.2000 1098.0000 61
2754.6000 1098.0000 62
2780.0000 1098.0000 62
2824.5000 1098.0000 63
2849.9000 1098.0000 64
2875.3000 1098.0000 64
2468.9000 1079.0000 56
2532.4000 1072.6000 57
2634.0000 1072.6000 59
2919.7000 1066.3000 65
3021.3000 1066.3000 67
3091.2000 1066.3000 68
3192.8000 1066.3000 70
3243.6000 1066.3000 71
3345.2000 1066.3000 73
2875.3000 1047.2000 64
2849.9000 1047.2000 63
2824.5000 1047.2000 63
2634.0000 1047.2000 59
2532.4000 1047.2000 57
2919.7000 1040.9000 65
3021.3000 1040.9000 67
3091.2000 1040.9000 68
3192.8000 1040.9000 70
3243.6000 1040.9000 71
3345.2000 1040.9000 73
2468.9000 1028.2000 56
2532.4000 1021.8000 57
2634.0000 1021.8000 59
2919.7000 1015.5000 64
3021.3000 1015.5000 66
3091.2000 1015.5000 68
3192.8000 1015.5000 70
3243.6000 1015.5000 71
3345.2000 1015.5000 73
2494.3000 1002.8000 56
2532.4000 996.4000 57
2634.0000 996.4000 59
2729.2000 996.4000 61
2754.6000 996.4000 61
2780.0000 996.4000 62
2919.7000 990.1000 64
3021.3000 990.1000 66
2468.9000 977.4000 55
2532.4000 971.0000 57
2634.0000 971.0000 59
2672.1000 971.0000 59
2773.7000 971.0000 61
2824.5000 971.0000 62
2849.9000 971.0000 63
2875.3000 971.0000 63
2875.3000 945.6000 63
2849.9000 945.6000 63
2824.5000 945.6000 62
2773.7000 945.6000 61
2672.1000 945.6000 59
2634.0000 945.6000 58
2608.6000 945.6000 58
2583.2000 945.6000 57
2557.8000 945.6000 57
2532.4000 945.6000 56
2507.0000 945.6000 56
2468.9000 926.6000 55
2672.1000 920.2000 59
2773.7000 920.2000 61
2494.3000 901.2000 55
2532.4000 894.8000 56
2634.0000 894.8000 58
2672.1000 894.8000 59
2773.7000 894.8000 61
2468.9000 875.8000 55
2532.4000 869.4000 56
2634.0000 869.4000 58
2672.1000 869.4000 59
2773.7000 869.4000 61
2824.5000 869.4000 62
2849.9000 869.4000 62
2875.3000 869.4000 63
3091.2000 958.3000 67
3116.6000 958.3000 68
3142.0000 958.3000 68
3167.4000 958.3000 69
3192.8000 958.3000 69
3218.2000 958.3000 70
3243.6000 958.3000 70
3269.0000 958.3000 71
3294.4000 958.3000 71
3319.8000 958.3000 72
3319.8000 882.1000 72
3294.4000 882.1000 71
3269.0000 882.1000 71
3243.6000 882.1000 70
3218.2000 882.1000 70
3192.8000 882.1000 69
3167.4000 882.1000 69
3142.0000 882.1000 68
3116.6000 882.1000 67
3091.2000 882.1000 67
3116.6000 844.0000 67
3218.2000 844.0000 69
3535.7000 831.3000 76
3561.1000 831.3000 76
3586.5000 831.3000 77
3650.0000 882.1000 78
3675.4000 882.1000 79
3726.2000 882.1000 80
3726.2000 907.5000 80
3675.4000 907.5000 79
3650.0000 907.5000 78
3650.0000 932.9000 78
3675.4000 932.9000 79
3726.2000 932.9000 80
3726.2000 958.3000 80
3675.4000 958.3000 79
3650.0000 958.3000 79
3650.0000 983.7000 79
3675.4000 983.7000 79
3726.2000 983.7000 80
3726.2000 1009.1000 80
3675.4000 1009.1000 79
3650.0000 1009.1000 79
3650.0000 1034.5000 79
3675.4000 1034.5000 79
3726.2000 1034.5000 80
3726.2000 1059.9000 81
3675.4000 1059.9000 80
3650.0000 1059.9000 79
3650.0000 1085.3000 79
3675.4000 1085.3000 80
3726.2000 1085.3000 81
3726.2000 1110.7000 81
3675.4000 1110.7000 80
3650.0000 1110.7000 79
3650.0000 1136.1000 80
3675.4000 1136.1000 80
3726.2000 1136.1000 81
3726.2000 1161.5000 81
3675.4000 1161.5000 80
3650.0000 1161.5000 80
3650.0000 1186.9000 80
3675.4000 1186.9000 80
3726.2000 1186.9000 81
3586.5000 1199.6000 79
3561.1000 1199.6000 78
3650.0000 1212.3000 80
3675.4000 1212.3000 81
3726.2000 1212.3000 82
3726.2000 1237.7000 82
3675.4000 1237.7000 81
3650.0000 1237.7000 80
3650.0000 1263.1000 80
3675.4000 1263.1000 81
3726.2000 1263.1000 82
3726.2000 1288.5000 82
3675.4000 1288.5000 81
3650.0000 1288.5000 81
3586.5000 1301.2000 79
3561.1000 1301.2000 79
3650.0000 1313.9000 81
3675.4000 1313.9000 81
3726.2000 1313.9000 82
3726.2000 1339.3000 82
3675.4000 1339.3000 81
3650.0000 1339.3000 81
3650.0000 1364.7000 81
3675.4000 1364.7000 82
3726.2000 1364.7000 83
3726.2000 1390.1000 83
3675.4000 1390.1000 82
3650.0000 1390.1000 81
3650.0000 1415.5000 81
3675.4000 1415.5000 82
3726.2000 1415.5000 83
3726.2000 1440.9000 83
3675.4000 1440.9000 82
3650.0000 1440.9000 82
3650.0000 1466.3000 82
3675.4000 1466.3000 82
3726.2000 1466.3000 83
3726.2000 1491.7000 84
3675.4000 1491.7000 83
3650.0000 1491.7000 82
3650.0000 1517.1000 82
3675.4000 1517.1000 83
3726.2000 1517.1000 84
3726.2000 1542.5000 84
3675.4000 1542.5000 83
3650.0000 1542.5000 82
3573.8000 1548.9000 81
3548.4000 1548.9000 81
3650.0000 1567.9000 83
3675.4000 1567.9000 83
3726.2000 1567.9000 84
3726.2000 1593.3000 84
3675.4000 1593.3000 83
3650.0000 1593.3000 83
3650.0000 1618.7000 83
3675.4000 1618.7000 84
3726.2000 1618.7000 85
3726.2000 1644.1000 85
3675.4000 1644.1000 84
3650.0000 1644.1000 83
3726.2000 1669.5000 85
3675.4000 1669.5000 84
3650.0000 1669.5000 84
3599.2000 1669.5000 83
3497.6000 1669.5000 81
3497.6000 1694.9000 81
3599.2000 1694.9000 83
3599.2000 1720.3000 83
3497.6000 1720.3000 81
0.0000 0.0000 0