n 3039 
m 3 
tmax 22949
2830.0000 40.0000 0
2830.0000 77.0000 1
2830.0000 114.0000 2
2831.0000 155.0000 3
2830.0000 194.0000 4
2831.0000 231.0000 4
2831.0000 269.0000 5
2831.0000 309.0000 6
2830.0000 347.0000 7
2830.0000 384.0000 8
2792.0000 35.0000 1
2792.0000 75.0000 2
2790.0000 115.0000 2
2792.0000 153.0000 3
2791.0000 191.0000 4
2791.0000 231.0000 4
2790.0000 271.0000 5
2791.0000 306.0000 6
2791.0000 345.0000 7
2792.0000 384.0000 8
2800.0000 460.0000 9
2801.0000 499.0000 10
2801.0000 538.0000 11
2800.0000 578.0000 12
2802.0000 620.0000 12
2800.0000 654.0000 13
2800.0000 694.0000 14
2802.0000 732.0000 15
2800.0000 772.0000 16
2800.0000 810.0000 16
2762.0000 459.0000 9
2761.0000 497.0000 10
2761.0000 540.0000 11
2761.0000 578.0000 12
2762.0000 591.0000 12
2763.0000 656.0000 13
2762.0000 694.0000 14
2761.0000 731.0000 15
2762.0000 770.0000 16
2761.0000 808.0000 16
2801.0000 946.0000 19
2803.0000 1034.0000 21
2723.0000 943.0000 19
2724.0000 1029.0000 21
2702.0000 1003.0000 20
2800.0000 1098.0000 22
2799.0000 1137.0000 23
2831.0000 1158.0000 23
2801.0000 1178.0000 24
2800.0000 1216.0000 25
2829.0000 1237.0000 25
2801.0000 1254.0000 25
2800.0000 1292.0000 26
2800.0000 1331.0000 27
2801.0000 1370.0000 28
2799.0000 1409.0000 29
2804.0000 1450.0000 29
2759.0000 1098.0000 22
2762.0000 1138.0000 23
2762.0000 1178.0000 24
2761.0000 1213.0000 25
2763.0000 1255.0000 25
2761.0000 1293.0000 26
2763.0000 1330.0000 27
2761.0000 1369.0000 28
2759.0000 1411.0000 29
2761.0000 1446.0000 29
2762.0000 617.0000 12
2801.0000 1507.0000 31
2800.0000 1548.0000 31
2801.0000 1581.0000 32
2801.0000 1619.0000 33
2799.0000 1656.0000 34
2800.0000 1698.0000 34
2800.0000 1738.0000 35
2800.0000 1781.0000 36
2799.0000 1820.0000 37
2800.0000 1856.0000 38
2760.0000 1506.0000 31
2760.0000 1543.0000 31
2763.0000 1586.0000 32
2761.0000 1621.0000 33
2761.0000 1659.0000 34
2761.0000 1698.0000 34
2762.0000 1737.0000 35
2761.0000 1775.0000 36
2762.0000 1821.0000 37
2762.0000 1853.0000 38
2800.0000 2067.0000 42
2798.0000 2102.0000 43
2799.0000 2143.0000 44
2801.0000 2183.0000 44
2800.0000 2221.0000 45
2801.0000 2262.0000 46
2800.0000 2299.0000 47
2800.0000 2337.0000 48
2801.0000 2376.0000 48
2800.0000 2414.0000 49
2760.0000 2066.0000 42
2760.0000 2105.0000 43
2761.0000 2144.0000 44
2761.0000 2184.0000 44
2763.0000 2222.0000 45
2760.0000 2259.0000 46
2761.0000 2297.0000 47
2760.0000 2338.0000 48
2761.0000 2372.0000 48
2800.0000 2411.0000 49
2800.0000 2491.0000 51
2772.0000 2512.0000 51
2732.0000 2491.0000 51
2788.0000 2167.0000 44
2762.0000 2676.0000 55
2732.0000 2618.0000 53
2761.0000 2903.0000 59
2761.0000 2983.0000 61
2799.0000 3041.0000 62
2800.0000 3083.0000 63
2799.0000 3117.0000 64
2799.0000 3085.0000 63
2799.0000 3195.0000 65
2798.0000 3234.0000 66
2799.0000 3274.0000 67
2798.0000 3312.0000 68
2798.0000 3350.0000 68
2797.0000 3389.0000 69
2799.0000 3427.0000 70
2800.0000 3464.0000 71
2864.0000 3474.0000 71
2865.0000 3515.0000 72
2798.0000 3563.0000 73
2798.0000 3796.0000 77
2797.0000 3794.0000 77
2698.0000 39.0000 3
2697.0000 116.0000 4
2716.0000 191.0000 4
2696.0000 540.0000 11
2704.0000 1437.0000 29
2704.0000 1583.0000 32
2703.0000 1680.0000 34
2694.0000 2221.0000 45
2704.0000 2317.0000 47
2714.0000 2345.0000 48
2733.0000 2374.0000 48
2720.0000 3100.0000 63
2721.0000 3147.0000 64
2752.0000 3198.0000 65
2712.0000 3194.0000 65
2683.0000 3196.0000 65
2642.0000 3195.0000 65
2763.0000 3292.0000 67
2761.0000 3332.0000 68
2761.0000 3369.0000 69
2760.0000 3409.0000 70
2732.0000 3467.0000 71
2701.0000 3621.0000 74
2699.0000 3852.0000 79
2781.0000 3940.0000 80
2701.0000 3940.0000 80
2623.0000 3945.0000 81
2621.0000 -5.0000 5
2744.0000 18.0000 2
2649.0000 25.0000 4
2609.0000 48.0000 5
2659.0000 94.0000 4
2658.0000 134.0000 5
2659.0000 171.0000 5
2658.0000 208.0000 5
2657.0000 248.0000 6
2660.0000 285.0000 7
2659.0000 325.0000 7
2659.0000 368.0000 8
2545.0000 92.0000 6
2543.0000 131.0000 7
2543.0000 170.0000 7
2541.0000 212.0000 7
2538.0000 248.0000 8
2544.0000 288.0000 8
2541.0000 246.0000 8
2541.0000 362.0000 9
2571.0000 270.0000 8
2571.0000 325.0000 8
2485.0000 36.0000 8
2524.0000 54.0000 7
2494.0000 249.0000 9
2590.0000 393.0000 9
2641.0000 411.0000 9
2659.0000 441.0000 9
2660.0000 500.0000 11
2660.0000 538.0000 11
2658.0000 577.0000 12
2659.0000 618.0000 13
2660.0000 656.0000 14
2661.0000 701.0000 14
2658.0000 733.0000 15
2659.0000 772.0000 16
2582.0000 439.0000 10
2592.0000 521.0000 12
2581.0000 770.0000 16
2543.0000 497.0000 12
2542.0000 536.0000 12
2543.0000 579.0000 13
2542.0000 615.0000 14
2542.0000 657.0000 14
2543.0000 691.0000 15
2543.0000 734.0000 16
2541.0000 771.0000 17
2542.0000 808.0000 17
2543.0000 847.0000 18
2540.0000 877.0000 19
2617.0000 847.0000 18
2620.0000 916.0000 19
2570.0000 1004.0000 21
2529.0000 1003.0000 21
2656.0000 1042.0000 21
2658.0000 1082.0000 22
2656.0000 1118.0000 23
2657.0000 1159.0000 24
2656.0000 1200.0000 25
2657.0000 1236.0000 25
2657.0000 1272.0000 26
2657.0000 1314.0000 27
2616.0000 1137.0000 23
2617.0000 1195.0000 25
2624.0000 1273.0000 26
2598.0000 1314.0000 27
2558.0000 1214.0000 25
2542.0000 1040.0000 22
2540.0000 1079.0000 23
2541.0000 1121.0000 23
2540.0000 1156.0000 24
2539.0000 1195.0000 25
2539.0000 1231.0000 26
2540.0000 1272.0000 26
2540.0000 1311.0000 27
2501.0000 1342.0000 28
2540.0000 1358.0000 28
2540.0000 1398.0000 29
2512.0000 1436.0000 30
2628.0000 1435.0000 29
2643.0000 1484.0000 30
2667.0000 1524.0000 31
2666.0000 1560.0000 32
2665.0000 1601.0000 33
2667.0000 1640.0000 33
2665.0000 1679.0000 34
2665.0000 1728.0000 35
2666.0000 1755.0000 36
2666.0000 1794.0000 37
2665.0000 1836.0000 37
2667.0000 1873.0000 38
2646.0000 1486.0000 30
2617.0000 1525.0000 31
2628.0000 1715.0000 35
2618.0000 1756.0000 36
2548.0000 1524.0000 31
2550.0000 1561.0000 32
2552.0000 1600.0000 33
2550.0000 1640.0000 34
2550.0000 1677.0000 35
2551.0000 1717.0000 35
2551.0000 1756.0000 36
2551.0000 1798.0000 37
2549.0000 1832.0000 38
2550.0000 1874.0000 39
2579.0000 1893.0000 39
2665.0000 1935.0000 39
2647.0000 1991.0000 41
2667.0000 2025.0000 41
2667.0000 2064.0000 42
2667.0000 2104.0000 43
2665.0000 2139.0000 44
2666.0000 2178.0000 44
2665.0000 2220.0000 45
2665.0000 2254.0000 46
2548.0000 2258.0000 46
2549.0000 2218.0000 46
2549.0000 2180.0000 45
2550.0000 2141.0000 44
2549.0000 2103.0000 43
2548.0000 2064.0000 42
2548.0000 2025.0000 42
2538.0000 1987.0000 41
2590.0000 2333.0000 48
2666.0000 2328.0000 48
2667.0000 2394.0000 49
2667.0000 2432.0000 50
2666.0000 2470.0000 50
2666.0000 2508.0000 51
2665.0000 2550.0000 52
2665.0000 2586.0000 53
2666.0000 2626.0000 54
2549.0000 2393.0000 49
2548.0000 2431.0000 50
2549.0000 2473.0000 51
2548.0000 2512.0000 51
2546.0000 2548.0000 52
2550.0000 2591.0000 53
2548.0000 2627.0000 54
2687.0000 2716.0000 55
2686.0000 2868.0000 59
2647.0000 2711.0000 55
2645.0000 2866.0000 59
2643.0000 2906.0000 59
2645.0000 2984.0000 61
2604.0000 2905.0000 59
2605.0000 3109.0000 64
2605.0000 3136.0000 64
2606.0000 3290.0000 67
2606.0000 3333.0000 68
2606.0000 3368.0000 69
2604.0000 3410.0000 70
2568.0000 3037.0000 62
2568.0000 3079.0000 63
2568.0000 3119.0000 64
2567.0000 3157.0000 65
2566.0000 3195.0000 65
2567.0000 3234.0000 66
2568.0000 3274.0000 67
2566.0000 3310.0000 68
2568.0000 3350.0000 69
2566.0000 3386.0000 69
2567.0000 3428.0000 70
2568.0000 3466.0000 71
2352.0000 89.0000 10
2348.0000 125.0000 11
2349.0000 168.0000 11
2349.0000 208.0000 11
2350.0000 244.0000 11
2349.0000 286.0000 12
2350.0000 322.0000 12
2400.0000 333.0000 11
2466.0000 323.0000 10
2406.0000 207.0000 10
2378.0000 168.0000 10
2417.0000 130.0000 9
2397.0000 70.0000 9
2468.0000 283.0000 9
2467.0000 242.0000 9
2494.0000 245.0000 9
2467.0000 208.0000 9
2462.0000 168.0000 8
2465.0000 129.0000 8
2465.0000 90.0000 8
2421.0000 383.0000 11
2377.0000 449.0000 13
2458.0000 392.0000 11
2468.0000 467.0000 12
2507.0000 561.0000 13
2351.0000 534.0000 15
2352.0000 574.0000 15
2350.0000 614.0000 16
2350.0000 652.0000 16
2352.0000 691.0000 17
2350.0000 727.0000 18
2351.0000 768.0000 18
2467.0000 765.0000 17
2466.0000 729.0000 16
2466.0000 692.0000 16
2466.0000 649.0000 15
2466.0000 613.0000 14
2466.0000 574.0000 14
2467.0000 540.0000 13
2513.0000 572.0000 13
2350.0000 827.0000 19
2418.0000 836.0000 19
2438.0000 875.0000 19
2475.0000 833.0000 18
2495.0000 941.0000 20
2388.0000 942.0000 21
2348.0000 940.0000 21
2475.0000 1008.0000 22
2466.0000 1038.0000 22
2351.0000 1040.0000 23
2350.0000 1075.0000 24
2349.0000 1114.0000 25
2347.0000 1152.0000 25
2349.0000 1192.0000 26
2349.0000 1232.0000 27
2348.0000 1270.0000 28
2348.0000 1307.0000 28
2388.0000 1209.0000 26
2408.0000 1116.0000 24
2468.0000 1310.0000 28
2466.0000 1269.0000 27
2465.0000 1232.0000 26
2484.0000 1212.0000 26
2465.0000 1190.0000 25
2465.0000 1158.0000 25
2462.0000 1112.0000 24
2466.0000 1075.0000 23
2367.0000 1354.0000 29
2380.0000 1433.0000 31
2338.0000 1452.0000 31
2415.0000 1482.0000 31
2436.0000 1431.0000 30
2425.0000 1394.0000 29
2426.0000 1358.0000 29
2465.0000 1471.0000 31
2473.0000 1373.0000 29
2321.0000 1522.0000 33
2320.0000 1557.0000 33
2320.0000 1598.0000 34
2318.0000 1638.0000 35
2320.0000 1673.0000 36
2321.0000 1717.0000 36
2322.0000 1755.0000 37
2321.0000 1794.0000 38
2321.0000 1832.0000 39
2322.0000 1872.0000 39
2349.0000 1831.0000 38
2377.0000 1870.0000 39
2378.0000 1830.0000 38
2378.0000 1789.0000 38
2378.0000 1752.0000 37
2378.0000 1714.0000 36
2377.0000 1679.0000 35
2376.0000 1637.0000 35
2378.0000 1597.0000 34
2378.0000 1558.0000 33
2380.0000 1524.0000 32
2525.0000 1880.0000 39
2493.0000 1868.0000 39
2495.0000 1830.0000 38
2493.0000 1791.0000 37
2492.0000 1753.0000 36
2493.0000 1714.0000 36
2491.0000 1676.0000 35
2492.0000 1634.0000 34
2493.0000 1601.0000 33
2494.0000 1559.0000 32
2494.0000 1349.0000 28
2378.0000 2022.0000 42
2379.0000 2059.0000 43
2377.0000 2099.0000 44
2379.0000 2137.0000 44
2377.0000 2177.0000 45
2379.0000 2218.0000 46
2379.0000 2254.0000 47
2454.0000 2041.0000 42
2474.0000 1953.0000 40
2495.0000 2288.0000 47
2493.0000 2255.0000 46
2494.0000 2218.0000 46
2491.0000 2176.0000 45
2492.0000 2138.0000 44
2493.0000 2100.0000 43
2493.0000 2061.0000 42
2495.0000 2022.0000 42
2377.0000 2388.0000 49
2378.0000 2425.0000 50
2377.0000 2468.0000 51
2376.0000 2501.0000 52
2377.0000 2547.0000 53
2379.0000 2586.0000 53
2378.0000 2624.0000 54
2378.0000 2663.0000 55
2406.0000 2428.0000 50
2437.0000 2505.0000 52
2448.0000 2624.0000 54
2495.0000 2665.0000 55
2495.0000 2623.0000 54
2495.0000 2585.0000 53
2493.0000 2547.0000 52
2493.0000 2506.0000 52
2495.0000 2468.0000 51
2494.0000 2429.0000 50
2494.0000 2391.0000 49
2379.0000 2749.0000 57
2377.0000 2786.0000 58
2377.0000 2825.0000 58
2375.0000 2865.0000 59
2378.0000 2903.0000 60
2376.0000 2943.0000 61
2377.0000 2981.0000 61
2446.0000 2769.0000 57
2436.0000 2729.0000 56
2529.0000 2979.0000 61
2515.0000 3013.0000 62
2494.0000 2982.0000 61
2491.0000 2942.0000 60
2491.0000 2902.0000 60
2492.0000 2865.0000 59
2492.0000 2825.0000 58
2493.0000 2786.0000 57
2493.0000 2748.0000 56
2531.0000 2827.0000 58
2531.0000 2787.0000 57
2530.0000 2710.0000 56
2376.0000 3057.0000 63
2376.0000 3095.0000 64
2376.0000 3136.0000 65
2378.0000 3175.0000 65
2377.0000 3212.0000 66
2377.0000 3251.0000 67
2375.0000 3288.0000 68
2377.0000 3328.0000 69
2378.0000 3368.0000 69
2376.0000 3408.0000 70
2424.0000 3426.0000 70
2454.0000 3444.0000 71
2494.0000 3403.0000 70
2495.0000 3368.0000 69
2493.0000 3326.0000 68
2492.0000 3286.0000 67
2493.0000 3248.0000 67
2493.0000 3210.0000 66
2493.0000 3170.0000 65
2492.0000 3127.0000 64
2494.0000 3095.0000 63
2495.0000 3059.0000 63
2390.0000 3550.0000 73
2385.0000 3695.0000 76
2504.0000 3813.0000 78
2268.0000 3813.0000 79
2150.0000 91.0000 14
2150.0000 129.0000 15
2149.0000 165.0000 15
2147.0000 209.0000 15
2149.0000 244.0000 15
2147.0000 282.0000 15
2149.0000 323.0000 16
2179.0000 243.0000 14
2191.0000 66.0000 14
2228.0000 76.0000 13
2227.0000 108.0000 13
2218.0000 303.0000 14
2240.0000 341.0000 14
2267.0000 325.0000 13
2268.0000 282.0000 13
2326.0000 306.0000 12
2267.0000 243.0000 13
2302.0000 223.0000 12
2265.0000 203.0000 13
2305.0000 188.0000 12
2264.0000 167.0000 12
2267.0000 127.0000 12
2265.0000 87.0000 12
2303.0000 72.0000 11
2111.0000 428.0000 17
2111.0000 466.0000 18
2187.0000 426.0000 16
2246.0000 486.0000 16
2266.0000 464.0000 15
2317.0000 468.0000 14
2229.0000 406.0000 15
2150.0000 534.0000 18
2149.0000 573.0000 18
2147.0000 611.0000 19
2144.0000 651.0000 19
2150.0000 691.0000 20
2148.0000 728.0000 20
2148.0000 848.0000 22
2128.0000 807.0000 22
2178.0000 611.0000 18
2188.0000 642.0000 19
2225.0000 515.0000 16
2225.0000 555.0000 17
2233.0000 728.0000 19
2303.0000 767.0000 19
2267.0000 767.0000 19
2266.0000 730.0000 19
2303.0000 709.0000 18
2265.0000 689.0000 18
2312.0000 650.0000 17
2266.0000 651.0000 18
2267.0000 615.0000 17
2262.0000 571.0000 16
2266.0000 534.0000 16
2130.0000 803.0000 22
2167.0000 848.0000 22
2245.0000 843.0000 21
2286.0000 885.0000 21
2167.0000 921.0000 23
2136.0000 939.0000 24
2149.0000 1031.0000 25
2148.0000 1063.0000 26
2147.0000 1107.0000 26
2149.0000 1143.0000 27
2145.0000 1183.0000 28
2146.0000 1219.0000 28
2146.0000 1261.0000 29
2148.0000 1300.0000 30
2148.0000 1333.0000 30
2146.0000 1377.0000 31
2195.0000 1378.0000 31
2193.0000 1221.0000 28
2206.0000 1181.0000 27
2186.0000 1142.0000 27
2206.0000 1106.0000 26
2224.0000 1066.0000 25
2265.0000 1375.0000 30
2265.0000 1339.0000 30
2261.0000 1296.0000 29
2263.0000 1260.0000 28
2264.0000 1220.0000 27
2291.0000 1221.0000 27
2263.0000 1182.0000 27
2281.0000 1164.0000 26
2264.0000 1143.0000 26
2263.0000 1104.0000 25
2261.0000 1065.0000 25
2261.0000 1026.0000 24
2253.0000 1463.0000 32
2173.0000 1462.0000 33
2146.0000 1520.0000 34
2145.0000 1558.0000 35
2147.0000 1597.0000 35
2146.0000 1635.0000 36
2144.0000 1677.0000 37
2147.0000 1716.0000 38
2145.0000 1753.0000 38
2144.0000 1793.0000 39
2147.0000 1831.0000 40
2146.0000 1870.0000 41
2204.0000 1868.0000 40
2206.0000 1830.0000 39
2205.0000 1789.0000 39
2206.0000 1753.0000 38
2205.0000 1714.0000 37
2202.0000 1673.0000 36
2204.0000 1635.0000 36
2204.0000 1596.0000 35
2203.0000 1557.0000 34
2203.0000 1521.0000 33
2251.0000 1813.0000 39
2240.0000 1558.0000 34
2252.0000 1521.0000 33
2308.0000 1966.0000 41
2310.0000 1927.0000 41
2261.0000 1922.0000 41
2194.0000 1921.0000 41
2134.0000 1951.0000 42
2148.0000 2080.0000 45
2146.0000 2122.0000 45
2143.0000 2161.0000 46
2144.0000 2200.0000 47
2148.0000 2240.0000 48
2146.0000 2278.0000 48
2145.0000 2316.0000 49
2145.0000 2354.0000 50
2146.0000 2393.0000 51
2146.0000 2434.0000 52
2186.0000 2136.0000 45
2244.0000 2450.0000 51
2204.0000 2430.0000 51
2203.0000 2391.0000 50
2204.0000 2273.0000 48
2205.0000 2314.0000 49
2199.0000 2273.0000 48
2204.0000 2239.0000 47
2230.0000 2254.0000 48
2205.0000 2197.0000 47
2203.0000 2158.0000 46
2205.0000 2602.0000 55
2205.0000 2083.0000 44
2241.0000 2062.0000 44
2204.0000 2043.0000 44
2203.0000 2014.0000 43
2254.0000 2026.0000 43
2328.0000 2024.0000 42
2319.0000 2080.0000 44
2319.0000 2122.0000 44
2318.0000 2165.0000 45
2287.0000 2169.0000 46
2319.0000 2202.0000 46
2290.0000 2230.0000 47
2319.0000 2238.0000 47
2319.0000 2277.0000 48
2291.0000 2297.0000 48
2320.0000 2316.0000 48
2321.0000 2355.0000 49
2319.0000 2396.0000 50
2319.0000 2430.0000 51
2348.0000 2396.0000 50
2167.0000 2537.0000 53
2164.0000 2576.0000 54
2163.0000 2624.0000 55
2136.0000 2641.0000 56
2115.0000 2584.0000 55
2107.0000 2661.0000 56
2106.0000 2701.0000 57
2107.0000 2740.0000 58
2105.0000 2775.0000 58
2106.0000 2819.0000 59
2104.0000 2855.0000 60
2105.0000 2894.0000 61
2105.0000 2933.0000 62
2106.0000 2992.0000 63
2175.0000 3029.0000 63
2222.0000 2990.0000 62
2187.0000 2932.0000 61
2183.0000 2893.0000 60
2185.0000 2853.0000 60
2209.0000 2813.0000 59
2186.0000 2814.0000 59
2182.0000 2778.0000 58
2185.0000 2738.0000 57
2184.0000 2700.0000 57
2183.0000 2661.0000 56
2212.0000 2699.0000 56
2252.0000 2739.0000 57
2300.0000 2991.0000 62
2300.0000 2964.0000 61
2301.0000 2933.0000 61
2301.0000 2896.0000 60
2298.0000 2854.0000 59
2299.0000 2816.0000 58
2297.0000 2776.0000 58
2296.0000 2738.0000 57
2299.0000 2700.0000 56
2300.0000 2660.0000 55
2337.0000 2703.0000 56
2336.0000 2663.0000 55
2338.0000 2620.0000 54
2290.0000 2585.0000 54
2106.0000 3087.0000 65
2075.0000 3104.0000 65
2108.0000 3123.0000 65
2107.0000 3165.0000 66
2105.0000 3201.0000 67
2107.0000 3242.0000 68
2106.0000 3277.0000 68
2103.0000 3318.0000 69
2106.0000 3359.0000 70
2106.0000 3416.0000 71
2185.0000 3356.0000 70
2185.0000 3319.0000 69
2184.0000 3277.0000 68
2181.0000 3242.0000 67
2184.0000 3201.0000 67
2184.0000 3163.0000 66
2183.0000 3122.0000 65
2182.0000 3081.0000 64
2222.0000 3222.0000 67
2279.0000 3184.0000 66
2328.0000 3077.0000 64
2298.0000 3084.0000 64
2299.0000 3125.0000 65
2298.0000 3165.0000 65
2296.0000 3205.0000 66
2299.0000 3239.0000 67
2295.0000 3280.0000 68
2300.0000 3324.0000 69
2299.0000 3355.0000 69
2339.0000 3260.0000 67
2327.0000 3416.0000 70
2062.0000 3604.0000 75
2106.0000 3606.0000 75
2167.0000 3618.0000 75
2106.0000 3643.0000 76
2104.0000 3684.0000 77
2105.0000 3723.0000 77
2105.0000 3764.0000 78
2103.0000 3801.0000 79
2106.0000 3841.0000 80
2106.0000 3884.0000 81
2166.0000 3850.0000 80
2096.0000 71.0000 16
2097.0000 227.0000 16
2058.0000 86.0000 16
2061.0000 131.0000 16
2060.0000 170.0000 17
2058.0000 209.0000 17
2058.0000 248.0000 17
2057.0000 285.0000 17
2058.0000 328.0000 17
1991.0000 187.0000 18
1979.0000 325.0000 19
1937.0000 53.0000 19
1942.0000 90.0000 19
1944.0000 130.0000 19
1943.0000 167.0000 19
1942.0000 209.0000 19
1941.0000 246.0000 19
1941.0000 285.0000 19
1939.0000 325.0000 20
2037.0000 410.0000 18
2010.0000 488.0000 20
2062.0000 538.0000 19
2060.0000 574.0000 20
2059.0000 615.0000 20
2059.0000 651.0000 21
2060.0000 691.0000 21
2059.0000 732.0000 22
2059.0000 772.0000 22
2050.0000 812.0000 23
1989.0000 733.0000 23
1990.0000 576.0000 21
1941.0000 536.0000 21
1942.0000 572.0000 22
1944.0000 614.0000 22
1943.0000 654.0000 23
1943.0000 693.0000 23
1943.0000 729.0000 24
1941.0000 771.0000 24
1951.0000 896.0000 26
2058.0000 981.0000 25
2070.0000 1031.0000 26
2069.0000 1069.0000 27
2067.0000 1107.0000 27
2068.0000 1142.0000 28
2068.0000 1182.0000 29
2068.0000 1223.0000 29
2068.0000 1259.0000 30
2074.0000 1299.0000 31
2107.0000 1327.0000 31
2067.0000 1365.0000 32
2028.0000 1318.0000 31
2038.0000 1281.0000 31
2021.0000 1243.0000 30
2000.0000 1205.0000 30
1951.0000 1257.0000 31
1950.0000 1223.0000 31
1951.0000 1183.0000 30
1951.0000 1146.0000 29
1950.0000 1111.0000 29
1950.0000 1068.0000 28
1954.0000 1028.0000 28
1954.0000 972.0000 27
1951.0000 893.0000 26
1971.0000 1087.0000 28
2009.0000 1032.0000 27
1893.0000 1348.0000 33
1912.0000 1409.0000 34
1941.0000 1427.0000 34
2009.0000 1433.0000 34
2000.0000 1387.0000 33
2028.0000 1526.0000 35
2029.0000 1561.0000 36
2029.0000 1599.0000 36
2029.0000 1638.0000 37
2029.0000 1680.0000 38
2028.0000 1719.0000 39
2029.0000 1755.0000 39
2028.0000 1795.0000 40
2028.0000 1833.0000 41
2029.0000 1872.0000 41
2076.0000 1813.0000 40
2097.0000 1853.0000 41
2048.0000 1950.0000 43
2018.0000 1930.0000 43
1971.0000 1521.0000 36
1971.0000 1560.0000 36
1971.0000 1600.0000 37
1970.0000 1643.0000 38
1969.0000 1677.0000 38
1971.0000 1717.0000 39
1970.0000 1754.0000 40
1969.0000 1795.0000 41
1967.0000 1351.0000 33
1969.0000 1871.0000 42
2065.0000 2026.0000 44
2107.0000 2095.0000 45
2085.0000 2141.0000 46
2095.0000 2229.0000 48
2112.0000 2317.0000 49
2009.0000 2024.0000 44
2030.0000 2084.0000 45
2029.0000 2123.0000 46
2029.0000 2162.0000 47
2028.0000 2202.0000 48
2028.0000 2239.0000 48
2029.0000 2275.0000 49
2027.0000 2317.0000 50
2027.0000 2354.0000 51
2027.0000 2393.0000 51
2028.0000 2433.0000 52
1971.0000 2082.0000 46
1970.0000 2120.0000 47
1970.0000 2161.0000 47
1972.0000 2201.0000 48
1970.0000 2239.0000 49
1969.0000 2278.0000 50
1971.0000 2317.0000 50
1970.0000 2355.0000 51
1970.0000 2392.0000 52
1969.0000 2433.0000 53
1970.0000 2469.0000 53
1949.0000 2553.0000 55
2009.0000 2576.0000 55
2009.0000 2622.0000 56
2029.0000 2665.0000 57
1982.0000 2663.0000 57
1986.0000 2707.0000 58
1988.0000 2743.0000 59
1988.0000 2777.0000 59
1989.0000 2818.0000 60
1988.0000 2857.0000 61
1988.0000 2893.0000 61
1988.0000 2934.0000 62
1912.0000 2664.0000 57
1912.0000 2703.0000 58
1911.0000 2738.0000 59
1911.0000 2779.0000 60
1913.0000 2817.0000 60
1911.0000 2858.0000 61
1912.0000 2895.0000 62
1910.0000 2932.0000 63
2026.0000 2992.0000 63
1929.0000 3049.0000 65
1990.0000 3088.0000 65
1990.0000 3125.0000 66
1989.0000 3165.0000 67
1988.0000 3203.0000 68
1990.0000 3244.0000 68
1986.0000 3280.0000 69
1989.0000 3317.0000 70
1989.0000 3357.0000 71
1989.0000 3419.0000 72
2036.0000 3318.0000 70
2045.0000 3389.0000 71
1911.0000 3416.0000 72
1909.0000 3357.0000 71
1911.0000 3318.0000 70
1911.0000 3278.0000 69
1911.0000 3240.0000 69
1911.0000 3201.0000 68
1910.0000 3165.0000 67
1912.0000 3124.0000 66
1912.0000 3086.0000 66
1930.0000 3049.0000 65
2028.0000 2992.0000 63
1988.0000 3606.0000 76
1988.0000 3646.0000 76
1989.0000 3685.0000 77
1986.0000 3724.0000 78
1986.0000 3766.0000 79
1987.0000 3803.0000 80
1986.0000 3841.0000 80
1984.0000 3880.0000 81
2015.0000 3802.0000 79
2036.0000 3841.0000 80
2015.0000 3881.0000 81
1949.0000 3605.0000 76
1949.0000 3647.0000 77
1949.0000 3811.0000 80
1949.0000 3888.0000 81
1890.0000 3540.0000 75
1911.0000 3570.0000 75
1911.0000 3608.0000 76
1910.0000 3649.0000 77
1910.0000 3686.0000 78
1911.0000 3726.0000 78
1911.0000 3760.0000 79
1911.0000 3802.0000 80
1911.0000 3841.0000 81
1911.0000 3880.0000 81
1893.0000 3820.0000 80
1870.0000 3782.0000 80
1884.0000 90.0000 20
1886.0000 245.0000 20
1896.0000 365.0000 21
1846.0000 91.0000 21
1848.0000 132.0000 21
1846.0000 168.0000 21
1848.0000 211.0000 21
1848.0000 249.0000 21
1848.0000 286.0000 21
1850.0000 327.0000 21
1789.0000 73.0000 22
1781.0000 128.0000 22
1809.0000 182.0000 22
1819.0000 214.0000 22
1770.0000 360.0000 23
1761.0000 449.0000 24
1808.0000 453.0000 23
1837.0000 438.0000 22
1903.0000 516.0000 22
1857.0000 540.0000 23
1855.0000 576.0000 23
1855.0000 615.0000 24
1854.0000 652.0000 24
1886.0000 697.0000 24
1859.0000 694.0000 24
1856.0000 734.0000 25
1825.0000 731.0000 26
1856.0000 770.0000 25
1913.0000 770.0000 25
1894.0000 829.0000 26
1845.0000 826.0000 26
1847.0000 904.0000 27
1863.0000 981.0000 28
1866.0000 1020.0000 29
1866.0000 1055.0000 29
1866.0000 1099.0000 30
1865.0000 1137.0000 30
1868.0000 1174.0000 31
1866.0000 1215.0000 32
1866.0000 1251.0000 32
1866.0000 1292.0000 33
1863.0000 1329.0000 34
1864.0000 1369.0000 34
1862.0000 1402.0000 35
1836.0000 1214.0000 32
1749.0000 979.0000 30
1749.0000 1018.0000 30
1750.0000 1059.0000 31
1749.0000 1098.0000 32
1749.0000 1138.0000 32
1748.0000 1175.0000 33
1748.0000 1213.0000 33
1750.0000 1250.0000 34
1749.0000 1293.0000 34
1717.0000 1291.0000 35
1749.0000 1330.0000 35
1750.0000 1371.0000 36
1751.0000 1409.0000 36
1697.0000 1389.0000 37
1920.0000 1563.0000 37
1933.0000 1642.0000 38
1892.0000 1636.0000 38
1913.0000 1787.0000 41
1854.0000 1523.0000 37
1856.0000 1562.0000 38
1855.0000 1600.0000 38
1853.0000 1641.0000 39
1855.0000 1678.0000 40
1855.0000 1717.0000 40
1856.0000 1756.0000 41
1855.0000 1794.0000 42
1852.0000 1834.0000 42
1853.0000 1952.0000 44
1930.0000 2024.0000 45
1929.0000 2236.0000 49
1942.0000 2277.0000 50
1921.0000 2314.0000 51
1923.0000 2382.0000 52
1932.0000 2430.0000 53
1884.0000 2451.0000 54
1853.0000 2023.0000 46
1855.0000 2083.0000 47
1856.0000 2123.0000 48
1854.0000 2160.0000 48
1854.0000 2201.0000 49
1855.0000 2236.0000 50
1853.0000 2277.0000 51
1856.0000 2317.0000 51
1855.0000 2356.0000 52
1855.0000 2394.0000 53
1852.0000 2431.0000 53
1911.0000 2528.0000 55
1871.0000 2526.0000 55
1854.0000 2645.0000 58
1851.0000 2990.0000 64
1832.0000 3298.0000 70
1832.0000 3339.0000 71
1692.0000 32.0000 24
1732.0000 91.0000 23
1733.0000 127.0000 23
1710.0000 233.0000 24
1735.0000 170.0000 23
1731.0000 209.0000 23
1731.0000 251.0000 23
1731.0000 288.0000 24
1731.0000 325.0000 24
1681.0000 213.0000 24
1682.0000 249.0000 24
1645.0000 91.0000 25
1645.0000 129.0000 25
1643.0000 167.0000 25
1642.0000 208.0000 25
1643.0000 249.0000 25
1643.0000 285.0000 25
1641.0000 322.0000 26
1732.0000 449.0000 25
1652.0000 450.0000 26
1736.0000 537.0000 25
1741.0000 575.0000 25
1741.0000 614.0000 26
1741.0000 658.0000 26
1710.0000 655.0000 27
1740.0000 692.0000 27
1741.0000 730.0000 27
1742.0000 766.0000 27
1651.0000 534.0000 27
1652.0000 575.0000 27
1652.0000 614.0000 27
1651.0000 653.0000 28
1653.0000 692.0000 28
1654.0000 730.0000 28
1651.0000 770.0000 29
1650.0000 856.0000 30
1785.0000 2005.0000 46
1788.0000 2045.0000 47
1787.0000 2085.0000 48
1788.0000 2120.0000 48
1788.0000 2160.0000 49
1786.0000 2200.0000 50
1786.0000 2238.0000 50
1787.0000 2274.0000 51
1787.0000 2316.0000 52
1758.0000 2317.0000 52
1788.0000 2355.0000 53
1757.0000 2374.0000 53
1789.0000 2368.0000 53
1785.0000 2431.0000 54
1777.0000 2471.0000 55
1727.0000 1947.0000 46
1730.0000 1986.0000 46
1706.0000 2082.0000 48
1709.0000 2429.0000 55
1668.0000 2003.0000 47
1668.0000 2044.0000 48
1668.0000 2083.0000 49
1669.0000 2121.0000 49
1669.0000 2161.0000 50
1670.0000 2200.0000 51
1670.0000 2237.0000 51
1669.0000 2274.0000 52
1669.0000 2317.0000 53
1669.0000 2356.0000 54
1669.0000 2391.0000 54
1666.0000 2430.0000 55
1797.0000 2529.0000 56
1745.0000 2568.0000 57
1680.0000 2515.0000 56
1630.0000 2530.0000 57
1796.0000 2665.0000 58
1795.0000 2703.0000 59
1798.0000 2742.0000 60
1797.0000 2778.0000 60
1796.0000 2816.0000 61
1797.0000 2857.0000 62
1795.0000 2892.0000 63
1797.0000 2934.0000 63
1736.0000 2719.0000 60
1739.0000 2779.0000 61
1728.0000 2859.0000 63
1729.0000 2913.0000 64
1736.0000 2963.0000 64
1697.0000 2664.0000 59
1699.0000 2702.0000 60
1701.0000 2742.0000 61
1699.0000 2778.0000 61
1699.0000 2816.0000 62
1699.0000 2856.0000 63
1698.0000 2894.0000 63
1695.0000 2937.0000 64
1795.0000 3088.0000 66
1795.0000 3129.0000 67
1797.0000 3163.0000 68
1797.0000 3203.0000 69
1796.0000 3243.0000 69
1795.0000 3277.0000 70
1795.0000 3320.0000 71
1796.0000 3358.0000 72
1717.0000 3020.0000 66
1739.0000 3184.0000 69
1696.0000 3041.0000 66
1699.0000 3069.0000 67
1700.0000 3109.0000 68
1700.0000 3143.0000 68
1699.0000 3183.0000 69
1701.0000 3223.0000 70
1699.0000 3260.0000 70
1678.0000 3280.0000 71
1700.0000 3302.0000 71
1701.0000 3339.0000 72
1698.0000 3379.0000 73
1697.0000 3418.0000 74
1794.0000 3571.0000 76
1795.0000 3609.0000 77
1796.0000 3647.0000 77
1795.0000 3686.0000 78
1795.0000 3726.0000 79
1795.0000 3764.0000 80
1794.0000 3802.0000 80
1795.0000 3840.0000 81
1796.0000 3881.0000 82
1697.0000 3568.0000 76
1698.0000 3605.0000 77
1698.0000 3649.0000 78
1698.0000 3685.0000 79
1699.0000 3723.0000 79
1696.0000 3765.0000 80
1699.0000 3798.0000 81
1697.0000 3847.0000 82
1695.0000 3877.0000 82
1705.0000 3918.0000 83
1443.0000 88.0000 29
1442.0000 127.0000 29
1440.0000 167.0000 29
1441.0000 204.0000 29
1442.0000 242.0000 29
1442.0000 282.0000 29
1440.0000 321.0000 30
1482.0000 302.0000 29
1480.0000 262.0000 29
1481.0000 223.0000 28
1477.0000 68.0000 28
1529.0000 86.0000 27
1528.0000 126.0000 27
1531.0000 167.0000 27
1526.0000 204.0000 27
1530.0000 245.0000 27
1528.0000 283.0000 28
1530.0000 323.0000 28
1548.0000 366.0000 28
1564.0000 331.0000 27
1415.0000 458.0000 31
1402.0000 574.0000 32
1412.0000 610.0000 32
1453.0000 455.0000 30
1452.0000 492.0000 30
1452.0000 534.0000 31
1453.0000 572.0000 31
1451.0000 612.0000 31
1451.0000 652.0000 31
1454.0000 687.0000 32
1453.0000 731.0000 32
1451.0000 765.0000 32
1452.0000 805.0000 33
1452.0000 844.0000 33
1452.0000 880.0000 34
1542.0000 891.0000 32
1537.0000 809.0000 31
1540.0000 767.0000 31
1542.0000 727.0000 30
1615.0000 765.0000 29
1576.0000 708.0000 30
1539.0000 689.0000 30
1533.0000 647.0000 30
1540.0000 610.0000 29
1539.0000 573.0000 29
1538.0000 534.0000 29
1518.0000 455.0000 29
1412.0000 1054.0000 36
1432.0000 1073.0000 36
1452.0000 1056.0000 36
1449.0000 1093.0000 36
1450.0000 1132.0000 37
1449.0000 1172.0000 37
1454.0000 1210.0000 38
1452.0000 1252.0000 38
1452.0000 1289.0000 39
1451.0000 1324.0000 39
1450.0000 1366.0000 40
1452.0000 1406.0000 40
1509.0000 1206.0000 37
1529.0000 1291.0000 37
1570.0000 1055.0000 34
1570.0000 1092.0000 34
1567.0000 1131.0000 35
1567.0000 1171.0000 35
1566.0000 1209.0000 36
1567.0000 1251.0000 36
1566.0000 1290.0000 37
1567.0000 1322.0000 37
1565.0000 1370.0000 38
1567.0000 1405.0000 39
1586.0000 1232.0000 36
1605.0000 1190.0000 35
1663.0000 1171.0000 34
1660.0000 1089.0000 33
1663.0000 1056.0000 32
1598.0000 1995.0000 48
1490.0000 2080.0000 51
1490.0000 2121.0000 51
1487.0000 2157.0000 52
1487.0000 2198.0000 53
1489.0000 2235.0000 53
1487.0000 2274.0000 54
1489.0000 2314.0000 55
1487.0000 2351.0000 55
1492.0000 2393.0000 56
1488.0000 2429.0000 57
1517.0000 2196.0000 52
1557.0000 2215.0000 52
1556.0000 2078.0000 50
1602.0000 2079.0000 49
1604.0000 2118.0000 50
1604.0000 2074.0000 49
1605.0000 2199.0000 51
1601.0000 2237.0000 52
1604.0000 2272.0000 53
1603.0000 2316.0000 53
1604.0000 2355.0000 54
1604.0000 2391.0000 55
1603.0000 2427.0000 56
1477.0000 2491.0000 58
1458.0000 2546.0000 59
1468.0000 2613.0000 60
1494.0000 2552.0000 59
1548.0000 2553.0000 58
1594.0000 2544.0000 58
1605.0000 2494.0000 57
1488.0000 2659.0000 61
1486.0000 2703.0000 62
1488.0000 2735.0000 62
1488.0000 2776.0000 63
1457.0000 2775.0000 63
1489.0000 2813.0000 64
1488.0000 2855.0000 64
1457.0000 2890.0000 65
1488.0000 2893.0000 65
1487.0000 2932.0000 66
1544.0000 2775.0000 62
1547.0000 2699.0000 61
1535.0000 2668.0000 61
1583.0000 2660.0000 60
1585.0000 2701.0000 61
1585.0000 2738.0000 61
1584.0000 2777.0000 62
1586.0000 2815.0000 63
1581.0000 2852.0000 64
1586.0000 2894.0000 64
1583.0000 2933.0000 65
1485.0000 3010.0000 67
1439.0000 3046.0000 68
1448.0000 3124.0000 70
1488.0000 3085.0000 69
1493.0000 3124.0000 69
1489.0000 3162.0000 70
1485.0000 3201.0000 71
1492.0000 3244.0000 72
1487.0000 3279.0000 72
1490.0000 3316.0000 73
1488.0000 3357.0000 74
1583.0000 3065.0000 68
1624.0000 3107.0000 68
1588.0000 3102.0000 68
1585.0000 3146.0000 69
1583.0000 3182.0000 70
1601.0000 3205.0000 70
1584.0000 3223.0000 71
1584.0000 3258.0000 71
1584.0000 3300.0000 72
1586.0000 3341.0000 73
1582.0000 3373.0000 73
1584.0000 3417.0000 74
1613.0000 3420.0000 74
1632.0000 3435.0000 74
1640.0000 3473.0000 75
1671.0000 3463.0000 75
1499.0000 3493.0000 76
1487.0000 3528.0000 77
1488.0000 3570.0000 78
1486.0000 3596.0000 78
1487.0000 3643.0000 79
1487.0000 3685.0000 80
1487.0000 3722.0000 81
1488.0000 3763.0000 82
1487.0000 3800.0000 82
1488.0000 3841.0000 83
1488.0000 3878.0000 84
1547.0000 3703.0000 80
1543.0000 3742.0000 81
1582.0000 3572.0000 77
1583.0000 3604.0000 78
1584.0000 3648.0000 79
1584.0000 3686.0000 79
1580.0000 3722.0000 80
1584.0000 3764.0000 81
1583.0000 3801.0000 82
1584.0000 3842.0000 82
1586.0000 3878.0000 83
1624.0000 3861.0000 83
1633.0000 3901.0000 83
1661.0000 3889.0000 83
1622.0000 3648.0000 78
1631.0000 3607.0000 78
1651.0000 3568.0000 77
1187.0000 114.0000 34
1225.0000 83.0000 33
1253.0000 91.0000 33
1283.0000 86.0000 32
1251.0000 128.0000 33
1249.0000 163.0000 33
1252.0000 206.0000 33
1230.0000 225.0000 34
1250.0000 245.0000 33
1287.0000 243.0000 32
1254.0000 283.0000 33
1254.0000 324.0000 33
1292.0000 324.0000 33
1319.0000 48.0000 31
1329.0000 83.0000 31
1327.0000 126.0000 31
1329.0000 166.0000 31
1329.0000 204.0000 31
1330.0000 244.0000 32
1329.0000 284.0000 32
1329.0000 321.0000 32
1396.0000 68.0000 30
1417.0000 128.0000 30
1415.0000 167.0000 30
1405.0000 211.0000 30
1366.0000 265.0000 31
1376.0000 333.0000 31
1415.0000 327.0000 30
1260.0000 533.0000 34
1260.0000 571.0000 34
1258.0000 610.0000 35
1259.0000 648.0000 35
1257.0000 689.0000 35
1259.0000 727.0000 36
1259.0000 765.0000 36
1258.0000 804.0000 36
1258.0000 864.0000 37
1297.0000 611.0000 34
1298.0000 574.0000 34
1298.0000 531.0000 33
1339.0000 453.0000 32
1337.0000 493.0000 32
1334.0000 533.0000 33
1335.0000 573.0000 33
1336.0000 612.0000 33
1336.0000 650.0000 34
1336.0000 689.0000 34
1337.0000 733.0000 34
1336.0000 768.0000 35
1335.0000 803.0000 35
1335.0000 844.0000 35
1333.0000 885.0000 36
1384.0000 806.0000 34
1279.0000 990.0000 38
1279.0000 1062.0000 39
1236.0000 1135.0000 40
1239.0000 1174.0000 41
1238.0000 1210.0000 41
1239.0000 1250.0000 41
1239.0000 1288.0000 42
1239.0000 1329.0000 42
1238.0000 1364.0000 43
1238.0000 1408.0000 44
1208.0000 1406.0000 44
1238.0000 1444.0000 44
1277.0000 1193.0000 40
1315.0000 1152.0000 39
1296.0000 1319.0000 41
1357.0000 1068.0000 37
1356.0000 1130.0000 38
1356.0000 1172.0000 39
1401.0000 976.0000 36
1395.0000 1192.0000 38
1359.0000 1214.0000 39
1375.0000 1231.0000 39
1357.0000 1251.0000 40
1354.0000 1288.0000 40
1353.0000 1326.0000 41
1357.0000 1368.0000 41
1356.0000 1406.0000 42
1051.0000 88.0000 37
1047.0000 125.0000 37
1049.0000 170.0000 37
1044.0000 206.0000 37
1046.0000 246.0000 37
1048.0000 280.0000 37
1046.0000 322.0000 38
1099.0000 334.0000 36
1106.0000 127.0000 36
1096.0000 95.0000 36
1136.0000 86.0000 35
1134.0000 128.0000 35
1132.0000 162.0000 35
1134.0000 204.0000 35
1135.0000 247.0000 36
1135.0000 280.0000 36
1136.0000 322.0000 36
1153.0000 387.0000 36
1182.0000 339.0000 35
1232.0000 395.0000 34
1036.0000 456.0000 38
1090.0000 425.0000 37
1162.0000 465.0000 36
1233.0000 507.0000 35
1047.0000 534.0000 38
1049.0000 572.0000 39
1045.0000 608.0000 39
1046.0000 650.0000 39
1046.0000 689.0000 39
1046.0000 730.0000 40
1044.0000 763.0000 40
1048.0000 805.0000 40
1047.0000 847.0000 41
1047.0000 887.0000 41
1105.0000 805.0000 39
1092.0000 764.0000 39
1074.0000 727.0000 39
1087.0000 613.0000 38
1086.0000 533.0000 38
1128.0000 633.0000 37
1142.0000 529.0000 37
1144.0000 573.0000 37
1142.0000 610.0000 37
1143.0000 650.0000 37
1146.0000 690.0000 37
1142.0000 729.0000 38
1141.0000 768.0000 38
1142.0000 804.0000 38
1185.0000 592.0000 36
1221.0000 648.0000 36
1218.0000 861.0000 38
1183.0000 863.0000 38
1094.0000 900.0000 40
1085.0000 928.0000 41
1029.0000 942.0000 42
1027.0000 998.0000 42
1144.0000 1009.0000 40
1174.0000 996.0000 40
1202.0000 1000.0000 39
1174.0000 942.0000 39
998.0000 1066.0000 44
998.0000 1104.0000 44
995.0000 1145.0000 44
999.0000 1181.0000 45
997.0000 1222.0000 45
996.0000 1261.0000 46
997.0000 1298.0000 46
998.0000 1339.0000 47
996.0000 1393.0000 47
1055.0000 1431.0000 47
1093.0000 1452.0000 46
1095.0000 1424.0000 46
1055.0000 1400.0000 46
1054.0000 1363.0000 46
1083.0000 1384.0000 46
1094.0000 1355.0000 45
1053.0000 1325.0000 45
1053.0000 1284.0000 45
1056.0000 1249.0000 44
1058.0000 1210.0000 44
1057.0000 1172.0000 44
1058.0000 1136.0000 43
1059.0000 1092.0000 43
1048.0000 1056.0000 43
1078.0000 1154.0000 43
1102.0000 1171.0000 43
1171.0000 1055.0000 40
1173.0000 1093.0000 41
1172.0000 1135.0000 41
1137.0000 1134.0000 42
1174.0000 1179.0000 42
1172.0000 1212.0000 42
1170.0000 1251.0000 43
1152.0000 1270.0000 43
1172.0000 1292.0000 43
1172.0000 1330.0000 44
1171.0000 1368.0000 44
1170.0000 1408.0000 45
784.0000 30.0000 42
806.0000 107.0000 42
842.0000 85.0000 41
844.0000 130.0000 41
843.0000 166.0000 41
844.0000 206.0000 41
843.0000 245.0000 41
845.0000 282.0000 41
843.0000 322.0000 42
843.0000 361.0000 42
882.0000 166.0000 41
884.0000 88.0000 40
930.0000 85.0000 39
933.0000 127.0000 39
932.0000 163.0000 39
931.0000 205.0000 40
931.0000 246.0000 40
904.0000 264.0000 40
929.0000 286.0000 40
933.0000 321.0000 40
930.0000 370.0000 40
991.0000 165.0000 38
826.0000 440.0000 42
965.0000 459.0000 40
581.0000 79.0000 47
642.0000 90.0000 45
642.0000 128.0000 45
637.0000 164.0000 46
642.0000 208.0000 45
641.0000 248.0000 46
641.0000 285.0000 46
642.0000 323.0000 46
640.0000 361.0000 46
671.0000 360.0000 45
681.0000 164.0000 45
680.0000 84.0000 45
710.0000 437.0000 45
730.0000 359.0000 44
732.0000 321.0000 44
767.0000 323.0000 43
726.0000 287.0000 44
727.0000 244.0000 44
726.0000 117.0000 44
729.0000 166.0000 44
729.0000 130.0000 44
728.0000 86.0000 44
805.0000 594.0000 44
782.0000 653.0000 44
842.0000 631.0000 43
855.0000 706.0000 43
872.0000 799.0000 44
845.0000 826.0000 44
843.0000 864.0000 45
890.0000 848.0000 44
889.0000 883.0000 44
950.0000 919.0000 43
932.0000 883.0000 43
929.0000 846.0000 43
930.0000 804.0000 42
925.0000 765.0000 42
933.0000 726.0000 42
928.0000 689.0000 42
958.0000 690.0000 41
932.0000 651.0000 41
929.0000 612.0000 41
931.0000 570.0000 41
929.0000 535.0000 41
1001.0000 514.0000 39
573.0000 325.0000 47
611.0000 474.0000 47
610.0000 503.0000 47
601.0000 575.0000 47
654.0000 571.0000 46
640.0000 648.0000 47
642.0000 688.0000 47
638.0000 728.0000 48
640.0000 766.0000 48
641.0000 805.0000 48
640.0000 842.0000 48
641.0000 883.0000 49
689.0000 890.0000 48
689.0000 843.0000 47
688.0000 804.0000 47
729.0000 863.0000 47
727.0000 628.0000 45
896.0000 1027.0000 45
881.0000 971.0000 45
823.0000 961.0000 46
746.0000 958.0000 47
602.0000 953.0000 50
599.0000 1009.0000 50
828.0000 1065.0000 47
803.0000 1085.0000 47
824.0000 1104.0000 47
825.0000 1144.0000 47
823.0000 1181.0000 48
823.0000 1222.0000 48
825.0000 1261.0000 49
821.0000 1298.0000 49
822.0000 1356.0000 50
843.0000 1399.0000 50
882.0000 1336.0000 48
881.0000 1296.0000 48
882.0000 1263.0000 48
880.0000 1215.0000 47
880.0000 1178.0000 47
882.0000 1143.0000 46
882.0000 1102.0000 46
879.0000 1065.0000 46
750.0000 1088.0000 48
753.0000 1216.0000 49
754.0000 1258.0000 50
773.0000 1307.0000 50
747.0000 1358.0000 51
710.0000 1301.0000 51
709.0000 1261.0000 51
707.0000 1223.0000 50
706.0000 1181.0000 50
707.0000 1146.0000 50
704.0000 1102.0000 49
708.0000 1067.0000 49
638.0000 1105.0000 50
639.0000 1145.0000 51
641.0000 1179.0000 51
637.0000 1222.0000 52
638.0000 1256.0000 52
639.0000 1298.0000 52
640.0000 1337.0000 53
640.0000 1375.0000 53
641.0000 1415.0000 53
602.0000 1394.0000 54
638.0000 1455.0000 54
1796.0000 1505.0000 37
1756.0000 1494.0000 38
1717.0000 1484.0000 38
1679.0000 1484.0000 38
1631.0000 1473.0000 39
1533.0000 1492.0000 40
1051.0000 1481.0000 47
1002.0000 1482.0000 48
811.0000 1481.0000 51
1758.0000 1524.0000 38
1719.0000 1525.0000 39
1678.0000 1524.0000 39
1640.0000 1525.0000 39
1601.0000 1522.0000 40
1563.0000 1524.0000 40
1523.0000 1524.0000 41
1485.0000 1521.0000 42
1448.0000 1524.0000 42
1408.0000 1523.0000 43
1370.0000 1524.0000 43
1332.0000 1523.0000 44
1292.0000 1524.0000 44
1252.0000 1523.0000 45
1215.0000 1523.0000 45
1175.0000 1522.0000 46
1140.0000 1523.0000 47
1097.0000 1524.0000 47
1060.0000 1522.0000 48
1022.0000 1522.0000 48
982.0000 1521.0000 49
947.0000 1522.0000 50
905.0000 1521.0000 50
865.0000 1522.0000 51
829.0000 1522.0000 52
790.0000 1523.0000 52
752.0000 1520.0000 53
713.0000 1520.0000 53
675.0000 1521.0000 54
634.0000 1522.0000 55
597.0000 1521.0000 55
557.0000 1521.0000 56
1757.0000 1647.0000 40
1759.0000 1687.0000 41
1739.0000 1773.0000 42
1720.0000 1598.0000 40
1699.0000 1744.0000 42
1679.0000 1696.0000 42
1660.0000 1559.0000 40
1640.0000 1658.0000 42
1622.0000 1820.0000 45
1606.0000 1548.0000 40
1563.0000 1551.0000 41
1574.0000 1596.0000 41
1574.0000 1763.0000 44
1548.0000 1832.0000 46
1488.0000 1562.0000 42
1451.0000 1561.0000 43
1464.0000 1610.0000 43
1488.0000 1715.0000 44
1410.0000 1627.0000 44
1411.0000 1693.0000 45
1391.0000 1776.0000 47
1370.0000 1594.0000 44
1361.0000 1626.0000 45
1334.0000 1754.0000 47
1313.0000 1783.0000 48
1274.0000 1560.0000 45
1178.0000 1813.0000 50
1140.0000 1814.0000 51
1080.0000 1693.0000 50
1042.0000 1706.0000 51
1004.0000 1636.0000 50
927.0000 1618.0000 51
928.0000 1667.0000 52
869.0000 1743.0000 54
871.0000 1842.0000 55
830.0000 1765.0000 55
811.0000 1642.0000 53
782.0000 1630.0000 54
752.0000 1611.0000 54
713.0000 1570.0000 54
716.0000 1842.0000 57
676.0000 1751.0000 57
676.0000 1821.0000 58
628.0000 1762.0000 58
611.0000 1716.0000 57
634.0000 1596.0000 56
598.0000 1607.0000 56
560.0000 1646.0000 57
560.0000 1685.0000 58
521.0000 1784.0000 60
1756.0000 1869.0000 44
1717.0000 1869.0000 44
1680.0000 1870.0000 45
1642.0000 1871.0000 45
1602.0000 1871.0000 46
1564.0000 1871.0000 46
1526.0000 1870.0000 47
1487.0000 1871.0000 47
1448.0000 1873.0000 48
1409.0000 1871.0000 48
1369.0000 1872.0000 49
1333.0000 1872.0000 49
1294.0000 1872.0000 49
1253.0000 1873.0000 50
1218.0000 1872.0000 51
1176.0000 1870.0000 51
1139.0000 1869.0000 52
1100.0000 1872.0000 52
1061.0000 1871.0000 53
1024.0000 1869.0000 53
983.0000 1871.0000 54
945.0000 1870.0000 54
904.0000 1870.0000 55
869.0000 1870.0000 55
829.0000 1870.0000 56
789.0000 1872.0000 57
751.0000 1867.0000 57
713.0000 1872.0000 58
674.0000 1868.0000 58
637.0000 1869.0000 59
596.0000 1871.0000 60
557.0000 1872.0000 60
1642.0000 1902.0000 46
1563.0000 1899.0000 47
1456.0000 1928.0000 48
1256.0000 1899.0000 50
1234.0000 1936.0000 51
1144.0000 1909.0000 52
1102.0000 1910.0000 53
1060.0000 1909.0000 53
984.0000 1898.0000 54
948.0000 1909.0000 55
883.0000 1927.0000 56
848.0000 1907.0000 56
769.0000 1906.0000 57
716.0000 1899.0000 58
674.0000 1908.0000 59
599.0000 1908.0000 60
1475.0000 1984.0000 49
1428.0000 2007.0000 50
1429.0000 2044.0000 51
1430.0000 2082.0000 51
1430.0000 2122.0000 52
1429.0000 2160.0000 53
1429.0000 2198.0000 53
1430.0000 2238.0000 54
1429.0000 2277.0000 55
1428.0000 2314.0000 55
1432.0000 2369.0000 56
1428.0000 2391.0000 57
1429.0000 2427.0000 57
1425.0000 2493.0000 58
1380.0000 2004.0000 51
1410.0000 2102.0000 52
1380.0000 2239.0000 54
1409.0000 2370.0000 56
1352.0000 2311.0000 56
1351.0000 2340.0000 57
1351.0000 2410.0000 58
1313.0000 2156.0000 54
1270.0000 2334.0000 57
1274.0000 2490.0000 60
1379.0000 2550.0000 60
1343.0000 2547.0000 60
1362.0000 2602.0000 61
1291.0000 2527.0000 60
1265.0000 2560.0000 61
1286.0000 2635.0000 62
1363.0000 2662.0000 62
1369.0000 2701.0000 63
1394.0000 2722.0000 63
1371.0000 2740.0000 63
1370.0000 2782.0000 64
1370.0000 2817.0000 65
1369.0000 2857.0000 66
1409.0000 2886.0000 66
1369.0000 2894.0000 66
1369.0000 2935.0000 67
1273.0000 2933.0000 68
1272.0000 2893.0000 67
1273.0000 2852.0000 66
1274.0000 2814.0000 66
1275.0000 2780.0000 65
1272.0000 2737.0000 64
1271.0000 2701.0000 64
1273.0000 2664.0000 63
1234.0000 2963.0000 69
1272.0000 2961.0000 68
1390.0000 2982.0000 68
1252.0000 3025.0000 70
1343.0000 3049.0000 69
1372.0000 3087.0000 70
1372.0000 3128.0000 70
1373.0000 3166.0000 71
1371.0000 3201.0000 72
1372.0000 3240.0000 73
1369.0000 3287.0000 73
1369.0000 3317.0000 74
1374.0000 3358.0000 75
1328.0000 3417.0000 76
1294.0000 3421.0000 77
1271.0000 3357.0000 76
1276.0000 3318.0000 75
1274.0000 3278.0000 74
1233.0000 3280.0000 75
1273.0000 3239.0000 73
1275.0000 3199.0000 73
1273.0000 3164.0000 72
1276.0000 3126.0000 71
1275.0000 3085.0000 71
1224.0000 3184.0000 73
1194.0000 3144.0000 72
1320.0000 3201.0000 72
1322.0000 3260.0000 73
1392.0000 3504.0000 77
1423.0000 3532.0000 78
1399.0000 3764.0000 82
1408.0000 3862.0000 84
1439.0000 3890.0000 84
1370.0000 3528.0000 78
1370.0000 3569.0000 79
1368.0000 3612.0000 80
1369.0000 3646.0000 80
1371.0000 3683.0000 81
1370.0000 3723.0000 82
1370.0000 3765.0000 82
1367.0000 3801.0000 83
1368.0000 3840.0000 84
1367.0000 3882.0000 85
1331.0000 3871.0000 85
1332.0000 3792.0000 83
1312.0000 3586.0000 80
1274.0000 3528.0000 79
1272.0000 3567.0000 80
1272.0000 3606.0000 80
1272.0000 3648.0000 81
1273.0000 3683.0000 82
1272.0000 3722.0000 82
1273.0000 3764.0000 83
1274.0000 3808.0000 84
1274.0000 3841.0000 85
1274.0000 3879.0000 85
1234.0000 2182.0000 55
1248.0000 2241.0000 56
1226.0000 2276.0000 57
1195.0000 2006.0000 53
1198.0000 2043.0000 53
1199.0000 2079.0000 54
1197.0000 2119.0000 55
1199.0000 2162.0000 55
1196.0000 2200.0000 56
1198.0000 2238.0000 57
1195.0000 2278.0000 57
1197.0000 2317.0000 58
1198.0000 2357.0000 59
1196.0000 2392.0000 59
1197.0000 2432.0000 60
1206.0000 2489.0000 61
1157.0000 2003.0000 53
1157.0000 2042.0000 54
1158.0000 2081.0000 55
1158.0000 2118.0000 55
1159.0000 2162.0000 56
1156.0000 2200.0000 57
1156.0000 2240.0000 57
1156.0000 2278.0000 58
1159.0000 2315.0000 58
1157.0000 2351.0000 59
1160.0000 2393.0000 60
1159.0000 2431.0000 60
1155.0000 2472.0000 61
1161.0000 2509.0000 62
1119.0000 2470.0000 61
1191.0000 2576.0000 62
1119.0000 2573.0000 63
1194.0000 2740.0000 65
1155.0000 2661.0000 64
1159.0000 2700.0000 65
1159.0000 2738.0000 66
1160.0000 2776.0000 66
1161.0000 2815.0000 67
1159.0000 2854.0000 68
1157.0000 2892.0000 68
1163.0000 2929.0000 69
1108.0000 2815.0000 67
1108.0000 2912.0000 69
1082.0000 2758.0000 67
1062.0000 2657.0000 65
1063.0000 2701.0000 66
1064.0000 2739.0000 67
1062.0000 2776.0000 67
1063.0000 2816.0000 68
1061.0000 2850.0000 69
1060.0000 2894.0000 69
1059.0000 2933.0000 70
1176.0000 3028.0000 70
1158.0000 3088.0000 72
1160.0000 3126.0000 72
1155.0000 3166.0000 73
1158.0000 3201.0000 74
1159.0000 3242.0000 75
1157.0000 3282.0000 75
1158.0000 3320.0000 76
1158.0000 3356.0000 77
1109.0000 3068.0000 72
1121.0000 3105.0000 72
1097.0000 3206.0000 74
1064.0000 3088.0000 73
1062.0000 3131.0000 73
1064.0000 3162.0000 74
1062.0000 3203.0000 75
1061.0000 3241.0000 75
1059.0000 3280.0000 76
1061.0000 3320.0000 77
1062.0000 3357.0000 78
1213.0000 3625.0000 81
1224.0000 3667.0000 82
1186.0000 3743.0000 84
1204.0000 3783.0000 84
1157.0000 3530.0000 80
1158.0000 3569.0000 81
1159.0000 3611.0000 81
1160.0000 3645.0000 82
1153.0000 3686.0000 83
1158.0000 3729.0000 83
1158.0000 3765.0000 84
1156.0000 3801.0000 85
1157.0000 3843.0000 86
1157.0000 3880.0000 86
1118.0000 3501.0000 80
1118.0000 3794.0000 85
1118.0000 3870.0000 86
1059.0000 3529.0000 81
1061.0000 3568.0000 81
1063.0000 3607.0000 82
1062.0000 3647.0000 83
1061.0000 3682.0000 83
1062.0000 3730.0000 84
1059.0000 3763.0000 85
1061.0000 3801.0000 86
1059.0000 3842.0000 86
1060.0000 3880.0000 87
954.0000 1976.0000 56
955.0000 2023.0000 56
1083.0000 2026.0000 55
1073.0000 2061.0000 55
1012.0000 2100.0000 57
1072.0000 2198.0000 58
981.0000 2279.0000 60
1050.0000 2507.0000 63
964.0000 2624.0000 66
1005.0000 2681.0000 66
984.0000 2719.0000 67
1031.0000 3009.0000 72
1004.0000 3059.0000 73
970.0000 3018.0000 72
1003.0000 3426.0000 79
968.0000 3425.0000 80
928.0000 2006.0000 57
928.0000 2048.0000 57
928.0000 2081.0000 58
927.0000 2122.0000 58
927.0000 2159.0000 59
928.0000 2200.0000 59
925.0000 2241.0000 60
927.0000 2276.0000 61
926.0000 2317.0000 61
928.0000 2354.0000 62
926.0000 2391.0000 62
929.0000 2429.0000 63
926.0000 2469.0000 64
924.0000 2508.0000 64
886.0000 2003.0000 57
889.0000 2045.0000 58
888.0000 2083.0000 58
888.0000 2120.0000 59
889.0000 2159.0000 59
887.0000 2201.0000 60
886.0000 2241.0000 61
890.0000 2276.0000 61
886.0000 2315.0000 62
888.0000 2353.0000 62
888.0000 2392.0000 63
886.0000 2430.0000 64
887.0000 2468.0000 64
889.0000 2509.0000 65
910.0000 2588.0000 66
947.0000 2662.0000 67
869.0000 2633.0000 67
947.0000 2659.0000 67
946.0000 2700.0000 67
946.0000 2740.0000 68
946.0000 2777.0000 69
947.0000 2815.0000 69
945.0000 2856.0000 70
947.0000 2894.0000 71
944.0000 2932.0000 71
847.0000 2929.0000 72
848.0000 2891.0000 72
850.0000 2854.0000 71
847.0000 2813.0000 70
848.0000 2775.0000 70
847.0000 2736.0000 69
849.0000 2699.0000 68
849.0000 2665.0000 68
863.0000 2987.0000 73
867.0000 3019.0000 74
944.0000 3021.0000 73
941.0000 3088.0000 74
944.0000 3127.0000 75
945.0000 3160.0000 75
945.0000 3203.0000 76
943.0000 3242.0000 77
945.0000 3275.0000 77
946.0000 3321.0000 78
945.0000 3359.0000 79
849.0000 3087.0000 75
849.0000 3125.0000 76
850.0000 3162.0000 76
848.0000 3202.0000 77
850.0000 3242.0000 78
850.0000 3283.0000 78
853.0000 3319.0000 79
938.0000 3441.0000 80
910.0000 3440.0000 81
943.0000 3530.0000 82
947.0000 3570.0000 82
943.0000 3609.0000 83
946.0000 3647.0000 84
947.0000 3683.0000 85
947.0000 3725.0000 85
947.0000 3761.0000 86
946.0000 3803.0000 87
946.0000 3843.0000 87
946.0000 3883.0000 88
904.0000 3703.0000 85
928.0000 3742.0000 86
904.0000 3793.0000 87
895.0000 3834.0000 88
897.0000 3859.0000 88
867.0000 3522.0000 82
848.0000 3607.0000 84
848.0000 3647.0000 85
849.0000 3683.0000 85
848.0000 3727.0000 86
852.0000 3757.0000 87
850.0000 3800.0000 88
849.0000 3841.0000 88
850.0000 3878.0000 89
826.0000 3821.0000 88
811.0000 3858.0000 89
694.0000 1955.0000 59
824.0000 1976.0000 58
804.0000 2041.0000 59
793.0000 2081.0000 60
762.0000 2117.0000 61
803.0000 2142.0000 60
750.0000 2159.0000 61
773.0000 2180.0000 61
861.0000 2487.0000 65
831.0000 2503.0000 66
842.0000 2583.0000 67
759.0000 2718.0000 70
791.0000 2779.0000 70
780.0000 2967.0000 74
829.0000 3000.0000 74
808.0000 3237.0000 78
819.0000 3279.0000 79
760.0000 3319.0000 80
780.0000 3424.0000 82
808.0000 3444.0000 82
785.0000 3527.0000 83
780.0000 3572.0000 84
748.0000 3550.0000 84
750.0000 3708.0000 87
655.0000 1966.0000 60
656.0000 2011.0000 61
655.0000 2040.0000 61
656.0000 2082.0000 62
658.0000 2123.0000 62
656.0000 2160.0000 63
656.0000 2198.0000 63
658.0000 2239.0000 64
657.0000 2274.0000 64
657.0000 2314.0000 65
657.0000 2356.0000 66
657.0000 2390.0000 66
654.0000 2430.0000 67
655.0000 2469.0000 67
656.0000 2509.0000 68
599.0000 2004.0000 61
597.0000 2042.0000 62
598.0000 2081.0000 62
596.0000 2122.0000 63
598.0000 2161.0000 64
599.0000 2196.0000 64
600.0000 2239.0000 65
597.0000 2278.0000 65
597.0000 2317.0000 66
598.0000 2354.0000 66
597.0000 2393.0000 67
598.0000 2432.0000 68
597.0000 2516.0000 69
598.0000 2551.0000 69
734.0000 2663.0000 69
735.0000 2701.0000 70
735.0000 2741.0000 71
735.0000 2780.0000 71
735.0000 2814.0000 72
734.0000 2851.0000 72
732.0000 2896.0000 73
734.0000 2932.0000 74
704.0000 2834.0000 72
680.0000 2771.0000 72
689.0000 2693.0000 70
697.0000 2630.0000 69
657.0000 2881.0000 74
639.0000 2595.0000 69
636.0000 2631.0000 70
639.0000 2673.0000 71
637.0000 2708.0000 71
635.0000 2748.0000 72
635.0000 2787.0000 73
635.0000 2822.0000 73
636.0000 2863.0000 74
636.0000 2902.0000 74
636.0000 2944.0000 75
598.0000 2592.0000 70
600.0000 2629.0000 71
596.0000 2671.0000 71
598.0000 2707.0000 72
596.0000 2748.0000 72
596.0000 2787.0000 73
597.0000 2825.0000 74
598.0000 2863.0000 74
595.0000 2900.0000 75
595.0000 2943.0000 76
733.0000 3020.0000 75
628.0000 2998.0000 76
547.0000 3010.0000 77
734.0000 3087.0000 76
733.0000 3125.0000 77
736.0000 3164.0000 78
732.0000 3202.0000 78
732.0000 3237.0000 79
733.0000 3277.0000 80
734.0000 3320.0000 80
703.0000 3459.0000 83
692.0000 3587.0000 85
733.0000 3607.0000 85
731.0000 3644.0000 86
733.0000 3687.0000 87
734.0000 3723.0000 87
732.0000 3767.0000 88
732.0000 3804.0000 89
734.0000 3844.0000 89
733.0000 3880.0000 90
674.0000 3086.0000 77
676.0000 3122.0000 78
674.0000 3169.0000 78
674.0000 3199.0000 79
672.0000 3241.0000 80
675.0000 3279.0000 80
677.0000 3320.0000 81
676.0000 3359.0000 82
675.0000 3396.0000 82
674.0000 3436.0000 83
666.0000 3472.0000 84
676.0000 3531.0000 85
675.0000 3571.0000 85
672.0000 3609.0000 86
674.0000 3648.0000 87
675.0000 3684.0000 87
675.0000 3726.0000 88
674.0000 3764.0000 89
674.0000 3802.0000 89
674.0000 3844.0000 90
676.0000 3877.0000 91
578.0000 3144.0000 79
620.0000 3223.0000 80
640.0000 3271.0000 80
607.0000 3341.0000 82
636.0000 3439.0000 83
597.0000 3533.0000 85
609.0000 3940.0000 92
438.0000 49.0000 50
417.0000 284.0000 50
457.0000 122.0000 49
453.0000 162.0000 49
454.0000 202.0000 49
456.0000 242.0000 49
457.0000 282.0000 49
457.0000 320.0000 49
456.0000 361.0000 50
484.0000 185.0000 49
524.0000 122.0000 48
525.0000 166.0000 48
526.0000 204.0000 48
523.0000 245.0000 48
524.0000 283.0000 48
526.0000 323.0000 48
524.0000 361.0000 48
559.0000 390.0000 48
390.0000 410.0000 51
363.0000 47.0000 51
339.0000 124.0000 52
340.0000 165.0000 52
340.0000 204.0000 52
342.0000 243.0000 52
341.0000 282.0000 52
341.0000 323.0000 52
342.0000 359.0000 52
322.0000 48.0000 52
302.0000 127.0000 52
300.0000 163.0000 52
302.0000 203.0000 52
301.0000 244.0000 52
302.0000 285.0000 53
305.0000 325.0000 53
304.0000 362.0000 53
247.0000 382.0000 54
223.0000 282.0000 54
212.0000 110.0000 54
233.0000 50.0000 54
169.0000 41.0000 55
186.0000 128.0000 55
186.0000 164.0000 55
186.0000 203.0000 55
189.0000 246.0000 55
186.0000 285.0000 55
186.0000 322.0000 55
188.0000 361.0000 55
148.0000 358.0000 56
147.0000 322.0000 56
147.0000 287.0000 56
150.0000 244.0000 56
149.0000 207.0000 56
149.0000 166.0000 56
149.0000 129.0000 55
111.0000 168.0000 56
91.0000 51.0000 57
54.0000 48.0000 57
33.0000 126.0000 58
33.0000 167.0000 58
35.0000 118.0000 58
35.0000 248.0000 58
33.0000 360.0000 58
31.0000 364.0000 58
33.0000 368.0000 58
34.0000 372.0000 58
33.0000 323.0000 58
34.0000 362.0000 58
63.0000 360.0000 58
90.0000 324.0000 57
534.0000 473.0000 48
529.0000 610.0000 49
494.0000 504.0000 49
467.0000 475.0000 50
437.0000 532.0000 51
454.0000 603.0000 51
397.0000 524.0000 51
415.0000 479.0000 51
366.0000 604.0000 52
322.0000 524.0000 53
312.0000 465.0000 53
272.0000 522.0000 54
273.0000 571.0000 54
262.0000 436.0000 54
229.0000 452.0000 54
224.0000 484.0000 55
119.0000 573.0000 57
117.0000 526.0000 57
54.0000 574.0000 58
52.0000 493.0000 58
64.0000 453.0000 58
4.0000 554.0000 59
-47.0000 512.0000 60
4.0000 602.0000 60
34.0000 632.0000 59
12.0000 666.0000 60
550.0000 691.0000 49
525.0000 650.0000 49
525.0000 689.0000 50
521.0000 729.0000 50
523.0000 766.0000 50
523.0000 805.0000 50
521.0000 841.0000 51
527.0000 884.0000 51
455.0000 1299.0000 56
427.0000 884.0000 53
428.0000 843.0000 52
429.0000 804.0000 52
428.0000 768.0000 52
427.0000 728.0000 52
426.0000 685.0000 52
430.0000 648.0000 51
370.0000 725.0000 53
387.0000 781.0000 53
367.0000 823.0000 53
311.0000 883.0000 55
311.0000 839.0000 55
313.0000 801.0000 54
313.0000 767.0000 54
309.0000 724.0000 54
311.0000 685.0000 54
316.0000 649.0000 54
234.0000 650.0000 55
234.0000 685.0000 55
234.0000 724.0000 56
212.0000 745.0000 56
233.0000 764.0000 56
233.0000 802.0000 56
235.0000 843.0000 56
236.0000 885.0000 56
158.0000 670.0000 57
117.0000 646.0000 57
118.0000 688.0000 58
119.0000 728.0000 58
118.0000 767.0000 58
120.0000 805.0000 58
119.0000 842.0000 58
120.0000 882.0000 59
544.0000 1038.0000 52
522.0000 951.0000 51
477.0000 1046.0000 53
475.0000 979.0000 52
449.0000 1050.0000 53
396.0000 976.0000 54
299.0000 941.0000 56
243.0000 918.0000 56
262.0000 991.0000 57
214.0000 951.0000 57
205.0000 987.0000 58
225.0000 1026.0000 58
166.0000 979.0000 58
127.0000 1015.0000 59
106.0000 972.0000 59
89.0000 1017.0000 60
23.0000 968.0000 61
-61.0000 801.0000 62
-57.0000 32.0000 60
523.0000 1103.0000 53
524.0000 1143.0000 53
523.0000 1183.0000 53
522.0000 1223.0000 54
523.0000 1256.0000 54
523.0000 1296.0000 54
523.0000 1337.0000 55
523.0000 1377.0000 55
526.0000 1415.0000 55
523.0000 1454.0000 56
476.0000 1084.0000 53
476.0000 1121.0000 54
475.0000 1162.0000 54
475.0000 1199.0000 54
477.0000 1241.0000 55
474.0000 1277.0000 55
475.0000 1316.0000 55
478.0000 1355.0000 56
478.0000 1394.0000 56
475.0000 1431.0000 57
475.0000 1473.0000 57
878.0000 1506.0000 51
474.0000 1549.0000 58
475.0000 1587.0000 58
475.0000 1625.0000 59
478.0000 1665.0000 59
475.0000 1706.0000 60
475.0000 1743.0000 60
476.0000 1781.0000 61
476.0000 1830.0000 61
476.0000 1912.0000 62
436.0000 1087.0000 54
439.0000 1123.0000 54
438.0000 1160.0000 55
434.0000 1202.0000 55
436.0000 1238.0000 55
435.0000 1281.0000 56
436.0000 1320.0000 56
435.0000 1357.0000 57
436.0000 1396.0000 57
436.0000 1435.0000 57
438.0000 1473.0000 58
435.0000 1502.0000 58
435.0000 1552.0000 59
434.0000 1587.0000 59
436.0000 1627.0000 59
438.0000 1665.0000 60
437.0000 1703.0000 60
437.0000 1744.0000 61
438.0000 1781.0000 61
438.0000 1822.0000 62
437.0000 1862.0000 62
434.0000 1900.0000 63
391.0000 1086.0000 55
377.0000 1192.0000 56
385.0000 1230.0000 56
367.0000 1268.0000 57
378.0000 1551.0000 60
358.0000 1841.0000 63
346.0000 1899.0000 64
317.0000 1122.0000 57
322.0000 1162.0000 57
322.0000 1200.0000 57
319.0000 1239.0000 58
321.0000 1277.0000 58
319.0000 1317.0000 58
321.0000 1353.0000 59
321.0000 1394.0000 59
320.0000 1430.0000 59
320.0000 1471.0000 60
320.0000 1550.0000 61
321.0000 1590.0000 61
318.0000 1625.0000 61
319.0000 1664.0000 62
320.0000 1704.0000 62
321.0000 1743.0000 63
319.0000 1784.0000 63
321.0000 1821.0000 64
321.0000 1859.0000 64
319.0000 1899.0000 65
279.0000 1061.0000 57
283.0000 1122.0000 57
281.0000 1161.0000 58
281.0000 1198.0000 58
280.0000 1240.0000 58
282.0000 1274.0000 59
281.0000 1318.0000 59
281.0000 1355.0000 59
281.0000 1395.0000 60
281.0000 1435.0000 60
283.0000 1473.0000 60
281.0000 1550.0000 61
281.0000 1584.0000 62
282.0000 1626.0000 62
281.0000 1667.0000 62
281.0000 1704.0000 63
281.0000 1743.0000 63
284.0000 1783.0000 64
283.0000 1822.0000 64
282.0000 1860.0000 65
282.0000 1900.0000 65
216.0000 1181.0000 59
246.0000 1373.0000 60
241.0000 1433.0000 61
230.0000 1471.0000 61
260.0000 1514.0000 61
236.0000 1541.0000 62
235.0000 1838.0000 65
205.0000 1063.0000 58
167.0000 1100.0000 59
170.0000 1131.0000 59
166.0000 1084.0000 59
165.0000 1202.0000 60
167.0000 1239.0000 60
187.0000 1260.0000 60
168.0000 1281.0000 61
167.0000 1315.0000 61
165.0000 1360.0000 61
168.0000 1391.0000 62
167.0000 1434.0000 62
170.0000 1471.0000 62
167.0000 1550.0000 63
166.0000 1587.0000 64
165.0000 1626.0000 64
167.0000 1665.0000 64
167.0000 1711.0000 65
169.0000 1743.0000 65
167.0000 1781.0000 66
167.0000 1820.0000 66
168.0000 1858.0000 67
167.0000 1901.0000 67
131.0000 1055.0000 60
129.0000 1094.0000 60
128.0000 1132.0000 60
125.0000 1172.0000 61
128.0000 1213.0000 61
126.0000 1250.0000 61
128.0000 1290.0000 62
123.0000 1327.0000 62
127.0000 1367.0000 62
128.0000 1405.0000 63
129.0000 1443.0000 63
127.0000 1485.0000 63
128.0000 1522.0000 64
131.0000 1560.0000 64
129.0000 1599.0000 64
130.0000 1638.0000 65
130.0000 1678.0000 65
127.0000 1713.0000 66
128.0000 1753.0000 66
91.0000 1058.0000 60
89.0000 1097.0000 61
87.0000 1131.0000 61
87.0000 1169.0000 61
86.0000 1211.0000 62
86.0000 1248.0000 62
90.0000 1292.0000 62
87.0000 1240.0000 62
90.0000 1369.0000 63
86.0000 1408.0000 63
88.0000 1445.0000 64
90.0000 1483.0000 64
91.0000 1520.0000 64
88.0000 1558.0000 65
94.0000 1606.0000 65
91.0000 1639.0000 66
88.0000 1676.0000 66
89.0000 1629.0000 65
89.0000 1758.0000 67
53.0000 1057.0000 61
49.0000 1094.0000 61
49.0000 1135.0000 62
51.0000 1175.0000 62
51.0000 1213.0000 62
49.0000 1251.0000 63
50.0000 1288.0000 63
50.0000 1328.0000 63
51.0000 1366.0000 64
49.0000 1404.0000 64
51.0000 1444.0000 64
50.0000 1483.0000 65
51.0000 1522.0000 65
50.0000 1558.0000 65
53.0000 1600.0000 66
50.0000 1637.0000 66
50.0000 1673.0000 67
47.0000 1712.0000 67
50.0000 1754.0000 67
49.0000 1795.0000 68
11.0000 1055.0000 62
16.0000 1095.0000 62
12.0000 1134.0000 62
13.0000 1173.0000 63
15.0000 1210.0000 63
12.0000 1249.0000 63
11.0000 1289.0000 64
14.0000 1328.0000 64
13.0000 1368.0000 64
14.0000 1406.0000 65
16.0000 1441.0000 65
13.0000 1482.0000 65
14.0000 1521.0000 66
10.0000 1561.0000 66
12.0000 1594.0000 66
10.0000 1637.0000 67
15.0000 1678.0000 67
15.0000 1714.0000 68
11.0000 1753.0000 68
11.0000 1793.0000 69
21.0000 1882.0000 69
88.0000 1327.0000 63
88.0000 1712.0000 66
503.0000 2002.0000 63
512.0000 2040.0000 63
542.0000 2099.0000 64
521.0000 2140.0000 64
534.0000 2179.0000 65
484.0000 2098.0000 64
434.0000 2062.0000 65
414.0000 2020.0000 65
394.0000 2137.0000 66
426.0000 2198.0000 67
463.0000 2277.0000 67
484.0000 2313.0000 67
415.0000 2292.0000 68
435.0000 2373.0000 69
436.0000 2437.0000 70
463.0000 2438.0000 70
494.0000 2458.0000 69
484.0000 2516.0000 70
484.0000 2552.0000 71
483.0000 2592.0000 72
483.0000 2630.0000 72
484.0000 2671.0000 73
483.0000 2707.0000 73
484.0000 2748.0000 74
482.0000 2784.0000 74
482.0000 2824.0000 75
484.0000 2863.0000 76
485.0000 2903.0000 76
483.0000 2939.0000 77
521.0000 2941.0000 76
520.0000 2899.0000 76
523.0000 2862.0000 75
521.0000 2823.0000 75
521.0000 2787.0000 74
524.0000 2745.0000 73
520.0000 2709.0000 73
521.0000 2669.0000 72
522.0000 2631.0000 72
520.0000 2593.0000 71
473.0000 3011.0000 78
337.0000 1933.0000 65
359.0000 1964.0000 65
368.0000 2001.0000 65
368.0000 2039.0000 65
367.0000 2079.0000 66
367.0000 2118.0000 67
368.0000 2160.0000 67
367.0000 2197.0000 68
367.0000 2238.0000 68
368.0000 2275.0000 69
368.0000 2313.0000 69
370.0000 2351.0000 70
369.0000 2392.0000 70
365.0000 2427.0000 71
322.0000 2080.0000 67
319.0000 2118.0000 67
318.0000 2156.0000 68
319.0000 2199.0000 68
318.0000 2233.0000 69
319.0000 2274.0000 69
319.0000 2315.0000 70
318.0000 2352.0000 70
319.0000 2394.0000 71
318.0000 2428.0000 72
290.0000 1972.0000 66
281.0000 1999.0000 66
282.0000 2042.0000 67
280.0000 2078.0000 67
278.0000 2115.0000 68
280.0000 2161.0000 68
280.0000 2195.0000 69
279.0000 2236.0000 69
281.0000 2278.0000 70
280.0000 2312.0000 70
281.0000 2355.0000 71
280.0000 2392.0000 72
277.0000 2427.0000 72
348.0000 2503.0000 72
385.0000 2524.0000 72
387.0000 2554.0000 72
365.0000 2582.0000 73
376.0000 2622.0000 73
394.0000 2750.0000 75
395.0000 2952.0000 78
308.0000 2526.0000 73
279.0000 2527.0000 74
280.0000 2563.0000 74
321.0000 2604.0000 74
283.0000 2600.0000 74
316.0000 2640.0000 75
282.0000 2640.0000 75
321.0000 2680.0000 75
280.0000 2679.0000 76
320.0000 2717.0000 76
282.0000 2717.0000 76
320.0000 2757.0000 76
279.0000 2755.0000 77
318.0000 2798.0000 77
283.0000 2794.0000 77
319.0000 2833.0000 77
281.0000 2832.0000 78
318.0000 2870.0000 78
282.0000 2869.0000 79
321.0000 2910.0000 79
280.0000 2910.0000 79
320.0000 2949.0000 79
281.0000 2949.0000 80
557.0000 3089.0000 78
559.0000 3125.0000 79
556.0000 3164.0000 80
558.0000 3201.0000 80
558.0000 3240.0000 81
559.0000 3279.0000 82
558.0000 3317.0000 82
559.0000 3356.0000 83
561.0000 3393.0000 83
560.0000 3437.0000 84
490.0000 3277.0000 82
463.0000 3085.0000 80
462.0000 3122.0000 80
464.0000 3163.0000 81
463.0000 3200.0000 81
461.0000 3235.0000 82
464.0000 3278.0000 83
462.0000 3316.0000 83
464.0000 3355.0000 84
463.0000 3395.0000 85
464.0000 3434.0000 85
558.0000 3532.0000 86
559.0000 3568.0000 86
559.0000 3604.0000 87
562.0000 3645.0000 88
558.0000 3685.0000 89
561.0000 3724.0000 89
558.0000 3766.0000 90
559.0000 3800.0000 91
560.0000 3839.0000 91
561.0000 3879.0000 92
520.0000 3760.0000 90
509.0000 3800.0000 91
511.0000 3840.0000 92
509.0000 3879.0000 92
460.0000 3489.0000 86
443.0000 3519.0000 87
452.0000 3565.0000 88
464.0000 3606.0000 88
463.0000 3644.0000 89
461.0000 3685.0000 90
462.0000 3721.0000 90
463.0000 3761.0000 91
462.0000 3801.0000 92
462.0000 3840.0000 92
462.0000 3877.0000 93
444.0000 3036.0000 79
357.0000 3037.0000 80
394.0000 3260.0000 83
397.0000 3339.0000 84
396.0000 3418.0000 86
384.0000 3512.0000 88
388.0000 3548.0000 88
374.0000 3609.0000 89
403.0000 3646.0000 90
424.0000 3687.0000 90
406.0000 3743.0000 91
405.0000 3906.0000 94
442.0000 3919.0000 94
344.0000 3087.0000 81
349.0000 3124.0000 82
346.0000 3162.0000 82
347.0000 3201.0000 83
348.0000 3238.0000 83
347.0000 3275.0000 84
346.0000 3317.0000 85
349.0000 3358.0000 85
347.0000 3397.0000 86
349.0000 3432.0000 87
349.0000 3477.0000 87
347.0000 3511.0000 88
348.0000 3547.0000 89
346.0000 3604.0000 90
346.0000 3643.0000 90
347.0000 3687.0000 91
348.0000 3724.0000 92
346.0000 3762.0000 92
348.0000 3798.0000 93
344.0000 3839.0000 94
347.0000 3876.0000 94
324.0000 3413.0000 87
307.0000 3501.0000 88
296.0000 3558.0000 89
327.0000 3629.0000 90
296.0000 3743.0000 92
270.0000 3124.0000 83
272.0000 3161.0000 83
269.0000 3197.0000 84
272.0000 3238.0000 84
270.0000 3279.0000 85
271.0000 3318.0000 86
273.0000 3356.0000 86
250.0000 3220.0000 84
231.0000 3288.0000 86
221.0000 3338.0000 87
242.0000 3377.0000 87
263.0000 3453.0000 88
252.0000 3529.0000 89
212.0000 3470.0000 89
211.0000 3514.0000 90
272.0000 3587.0000 90
270.0000 3624.0000 91
268.0000 3665.0000 91
270.0000 3706.0000 92
270.0000 3742.0000 93
270.0000 3784.0000 93
270.0000 3820.0000 94
270.0000 3858.0000 95
271.0000 3916.0000 96
213.0000 3824.0000 95
194.0000 3917.0000 97
223.0000 2021.0000 68
222.0000 2140.0000 69
234.0000 2410.0000 73
231.0000 2490.0000 74
202.0000 2079.0000 69
203.0000 2120.0000 69
202.0000 2159.0000 70
203.0000 2197.0000 70
201.0000 2237.0000 71
204.0000 2274.0000 71
204.0000 2316.0000 72
202.0000 2353.0000 72
200.0000 2392.0000 73
204.0000 2428.0000 73
203.0000 2602.0000 76
204.0000 2643.0000 76
205.0000 2699.0000 77
205.0000 2721.0000 77
204.0000 2759.0000 78
204.0000 2799.0000 79
204.0000 2836.0000 79
203.0000 2877.0000 80
204.0000 2913.0000 80
204.0000 2953.0000 81
164.0000 2003.0000 68
165.0000 2042.0000 69
165.0000 2081.0000 69
164.0000 2120.0000 70
164.0000 2159.0000 70
165.0000 2197.0000 71
164.0000 2233.0000 71
164.0000 2274.0000 72
166.0000 2315.0000 72
165.0000 2351.0000 73
164.0000 2392.0000 73
164.0000 2430.0000 74
165.0000 2487.0000 75
164.0000 2523.0000 75
166.0000 2567.0000 76
165.0000 2602.0000 76
166.0000 2643.0000 77
163.0000 2683.0000 77
165.0000 2721.0000 78
165.0000 2759.0000 79
164.0000 2799.0000 79
163.0000 2837.0000 80
166.0000 2869.0000 80
166.0000 2911.0000 81
164.0000 2954.0000 81
128.0000 2080.0000 70
127.0000 2140.0000 71
127.0000 2180.0000 71
125.0000 2219.0000 72
125.0000 2258.0000 72
127.0000 2296.0000 73
125.0000 2158.0000 71
128.0000 2373.0000 74
127.0000 2416.0000 74
126.0000 2448.0000 75
128.0000 2489.0000 75
127.0000 2528.0000 76
127.0000 2564.0000 76
126.0000 2607.0000 77
127.0000 2642.0000 77
126.0000 2683.0000 78
126.0000 2720.0000 79
128.0000 2760.0000 79
127.0000 2796.0000 80
124.0000 2834.0000 80
127.0000 2874.0000 81
129.0000 2914.0000 81
78.0000 1990.0000 70
88.0000 2137.0000 71
90.0000 2177.0000 72
87.0000 2218.0000 72
87.0000 2258.0000 73
90.0000 2298.0000 73
91.0000 2343.0000 74
90.0000 2373.0000 74
92.0000 2420.0000 75
89.0000 2449.0000 75
87.0000 2489.0000 76
86.0000 2524.0000 76
90.0000 2565.0000 77
88.0000 2604.0000 77
89.0000 2643.0000 78
87.0000 2679.0000 78
89.0000 2718.0000 79
89.0000 2757.0000 80
90.0000 2806.0000 80
88.0000 2835.0000 81
87.0000 2872.0000 81
88.0000 2911.0000 82
50.0000 2137.0000 72
50.0000 2176.0000 72
51.0000 2216.0000 73
49.0000 2257.0000 73
50.0000 2294.0000 74
49.0000 2334.0000 74
49.0000 2370.0000 75
48.0000 2408.0000 75
50.0000 2449.0000 76
50.0000 2489.0000 76
50.0000 2525.0000 77
49.0000 2564.0000 77
50.0000 2603.0000 78
50.0000 2643.0000 79
49.0000 2681.0000 79
50.0000 2717.0000 80
50.0000 2757.0000 80
51.0000 2796.0000 81
49.0000 2834.0000 81
49.0000 2874.0000 82
-23.0000 1994.0000 71
10.0000 2137.0000 73
12.0000 2178.0000 73
11.0000 2217.0000 73
11.0000 2256.0000 74
11.0000 2292.0000 74
11.0000 2333.0000 75
13.0000 2378.0000 76
10.0000 2411.0000 76
9.0000 2448.0000 77
10.0000 2484.0000 77
9.0000 2524.0000 78
11.0000 2563.0000 78
10.0000 2601.0000 79
10.0000 2640.0000 79
11.0000 2682.0000 80
9.0000 2718.0000 80
10.0000 2754.0000 81
10.0000 2801.0000 81
10.0000 2834.0000 82
11.0000 2872.0000 82
126.0000 2334.0000 73
173.0000 3143.0000 84
174.0000 3184.0000 85
155.0000 3123.0000 84
154.0000 3162.0000 85
156.0000 3203.0000 85
154.0000 3241.0000 86
154.0000 3278.0000 87
154.0000 3314.0000 87
156.0000 3355.0000 88
153.0000 3397.0000 88
136.0000 3468.0000 90
135.0000 3510.0000 91
155.0000 3551.0000 91
156.0000 3591.0000 92
155.0000 3627.0000 92
155.0000 3665.0000 93
154.0000 3707.0000 94
152.0000 3744.0000 94
156.0000 3791.0000 95
155.0000 3822.0000 95
157.0000 3861.0000 96
115.0000 3547.0000 91
114.0000 3585.0000 92
114.0000 3600.0000 92
113.0000 3610.0000 92
113.0000 3624.0000 93
112.0000 3663.0000 93
112.0000 3699.0000 94
112.0000 3739.0000 95
112.0000 3779.0000 95
116.0000 3819.0000 96
113.0000 3858.0000 97
114.0000 3898.0000 97
105.0000 3102.0000 84
103.0000 3159.0000 85
107.0000 3256.0000 87
105.0000 3295.0000 87
105.0000 3375.0000 89
66.0000 3215.0000 87
64.0000 3374.0000 89
75.0000 3462.0000 91
36.0000 3460.0000 91
75.0000 3546.0000 92
37.0000 3547.0000 92
76.0000 3624.0000 93
35.0000 3622.0000 94
77.0000 3702.0000 94
37.0000 3701.0000 95
77.0000 3778.0000 96
37.0000 3780.0000 96
78.0000 3858.0000 97
36.0000 3856.0000 97
-4.0000 3873.0000 98
17.0000 2052.0000 71
16.0000 2962.0000 84
-66.0000 3134.0000 87
-68.0000 3905.0000 100
38.0000 3941.0000 99
2830.0000 40.0000 0