n 3039 
m 10 
tmax 6884.700 
2830.0000 40.0000 0
2830.0000 77.0000 15
2830.0000 114.0000 56
2831.0000 155.0000 97
2830.0000 194.0000 38
2831.0000 231.0000 79
2831.0000 269.0000 20
2831.0000 309.0000 61
2830.0000 347.0000 2
2830.0000 384.0000 43
2792.0000 35.0000 84
2792.0000 75.0000 25
2790.0000 115.0000 66
2792.0000 153.0000 7
2791.0000 191.0000 48
2791.0000 231.0000 89
2790.0000 271.0000 30
2791.0000 306.0000 71
2791.0000 345.0000 12
2792.0000 384.0000 53
2800.0000 460.0000 94
2801.0000 499.0000 35
2801.0000 538.0000 76
2800.0000 578.0000 17
2802.0000 620.0000 58
2800.0000 654.0000 99
2800.0000 694.0000 40
2802.0000 732.0000 81
2800.0000 772.0000 22
2800.0000 810.0000 63
2762.0000 459.0000 4
2761.0000 497.0000 45
2761.0000 540.0000 86
2761.0000 578.0000 27
2762.0000 591.0000 68
2763.0000 656.0000 9
2762.0000 694.0000 50
2761.0000 731.0000 91
2762.0000 770.0000 32
2761.0000 808.0000 73
2801.0000 946.0000 14
2803.0000 1034.0000 55
2723.0000 943.0000 96
2724.0000 1029.0000 37
2702.0000 1003.0000 78
2800.0000 1098.0000 19
2799.0000 1137.0000 60
2831.0000 1158.0000 1
2801.0000 1178.0000 42
2800.0000 1216.0000 83
2829.0000 1237.0000 24
2801.0000 1254.0000 65
2800.0000 1292.0000 6
2800.0000 1331.0000 47
2801.0000 1370.0000 88
2799.0000 1409.0000 29
2804.0000 1450.0000 70
2759.0000 1098.0000 11
2762.0000 1138.0000 52
2762.0000 1178.0000 93
2761.0000 1213.0000 34
2763.0000 1255.0000 75
2761.0000 1293.0000 16
2763.0000 1330.0000 57
2761.0000 1369.0000 98
2759.0000 1411.0000 39
2761.0000 1446.0000 80
2762.0000 617.0000 21
2801.0000 1507.0000 62
2800.0000 1548.0000 3
2801.0000 1581.0000 44
2801.0000 1619.0000 85
2799.0000 1656.0000 26
2800.0000 1698.0000 67
2800.0000 1738.0000 8
2800.0000 1781.0000 49
2799.0000 1820.0000 90
2800.0000 1856.0000 31
2760.0000 1506.0000 72
2760.0000 1543.0000 13
2763.0000 1586.0000 54
2761.0000 1621.0000 95
2761.0000 1659.0000 36
2761.0000 1698.0000 77
2762.0000 1737.0000 18
2761.0000 1775.0000 59
2762.0000 1821.0000 100
2762.0000 1853.0000 41
2800.0000 2067.0000 82
2798.0000 2102.0000 23
2799.0000 2143.0000 64
2801.0000 2183.0000 5
2800.0000 2221.0000 46
2801.0000 2262.0000 87
2800.0000 2299.0000 28
2800.0000 2337.0000 69
2801.0000 2376.0000 10
2800.0000 2414.0000 51
2760.0000 2066.0000 92
2760.0000 2105.0000 33
2761.0000 2144.0000 74
2761.0000 2184.0000 15
2763.0000 2222.0000 56
2760.0000 2259.0000 97
2761.0000 2297.0000 38
2760.0000 2338.0000 79
2761.0000 2372.0000 20
2800.0000 2411.0000 61
2800.0000 2491.0000 2
2772.0000 2512.0000 43
2732.0000 2491.0000 84
2788.0000 2167.0000 25
2762.0000 2676.0000 66
2732.0000 2618.0000 7
2761.0000 2903.0000 48
2761.0000 2983.0000 89
2799.0000 3041.0000 30
2800.0000 3083.0000 71
2799.0000 3117.0000 12
2799.0000 3085.0000 53
2799.0000 3195.0000 94
2798.0000 3234.0000 35
2799.0000 3274.0000 76
2798.0000 3312.0000 17
2798.0000 3350.0000 58
2797.0000 3389.0000 99
2799.0000 3427.0000 40
2800.0000 3464.0000 81
2864.0000 3474.0000 22
2865.0000 3515.0000 63
2798.0000 3563.0000 4
2798.0000 3796.0000 45
2797.0000 3794.0000 86
2698.0000 39.0000 27
2697.0000 116.0000 68
2716.0000 191.0000 9
2696.0000 540.0000 50
2704.0000 1437.0000 91
2704.0000 1583.0000 32
2703.0000 1680.0000 73
2694.0000 2221.0000 14
2704.0000 2317.0000 55
2714.0000 2345.0000 96
2733.0000 2374.0000 37
2720.0000 3100.0000 78
2721.0000 3147.0000 19
2752.0000 3198.0000 60
2712.0000 3194.0000 1
2683.0000 3196.0000 42
2642.0000 3195.0000 83
2763.0000 3292.0000 24
2761.0000 3332.0000 65
2761.0000 3369.0000 6
2760.0000 3409.0000 47
2732.0000 3467.0000 88
2701.0000 3621.0000 29
2699.0000 3852.0000 70
2781.0000 3940.0000 11
2701.0000 3940.0000 52
2623.0000 3945.0000 93
2621.0000 -5.0000 34
2744.0000 18.0000 75
2649.0000 25.0000 16
2609.0000 48.0000 57
2659.0000 94.0000 98
2658.0000 134.0000 39
2659.0000 171.0000 80
2658.0000 208.0000 21
2657.0000 248.0000 62
2660.0000 285.0000 3
2659.0000 325.0000 44
2659.0000 368.0000 85
2545.0000 92.0000 26
2543.0000 131.0000 67
2543.0000 170.0000 8
2541.0000 212.0000 49
2538.0000 248.0000 90
2544.0000 288.0000 31
2541.0000 246.0000 72
2541.0000 362.0000 13
2571.0000 270.0000 54
2571.0000 325.0000 95
2485.0000 36.0000 36
2524.0000 54.0000 77
2494.0000 249.0000 18
2590.0000 393.0000 59
2641.0000 411.0000 100
2659.0000 441.0000 41
2660.0000 500.0000 82
2660.0000 538.0000 23
2658.0000 577.0000 64
2659.0000 618.0000 5
2660.0000 656.0000 46
2661.0000 701.0000 87
2658.0000 733.0000 28
2659.0000 772.0000 69
2582.0000 439.0000 10
2592.0000 521.0000 51
2581.0000 770.0000 92
2543.0000 497.0000 33
2542.0000 536.0000 74
2543.0000 579.0000 15
2542.0000 615.0000 56
2542.0000 657.0000 97
2543.0000 691.0000 38
2543.0000 734.0000 79
2541.0000 771.0000 20
2542.0000 808.0000 61
2543.0000 847.0000 2
2540.0000 877.0000 43
2617.0000 847.0000 84
2620.0000 916.0000 25
2570.0000 1004.0000 66
2529.0000 1003.0000 7
2656.0000 1042.0000 48
2658.0000 1082.0000 89
2656.0000 1118.0000 30
2657.0000 1159.0000 71
2656.0000 1200.0000 12
2657.0000 1236.0000 53
2657.0000 1272.0000 94
2657.0000 1314.0000 35
2616.0000 1137.0000 76
2617.0000 1195.0000 17
2624.0000 1273.0000 58
2598.0000 1314.0000 99
2558.0000 1214.0000 40
2542.0000 1040.0000 81
2540.0000 1079.0000 22
2541.0000 1121.0000 63
2540.0000 1156.0000 4
2539.0000 1195.0000 45
2539.0000 1231.0000 86
2540.0000 1272.0000 27
2540.0000 1311.0000 68
2501.0000 1342.0000 9
2540.0000 1358.0000 50
2540.0000 1398.0000 91
2512.0000 1436.0000 32
2628.0000 1435.0000 73
2643.0000 1484.0000 14
2667.0000 1524.0000 55
2666.0000 1560.0000 96
2665.0000 1601.0000 37
2667.0000 1640.0000 78
2665.0000 1679.0000 19
2665.0000 1728.0000 60
2666.0000 1755.0000 1
2666.0000 1794.0000 42
2665.0000 1836.0000 83
2667.0000 1873.0000 24
2646.0000 1486.0000 65
2617.0000 1525.0000 6
2628.0000 1715.0000 47
2618.0000 1756.0000 88
2548.0000 1524.0000 29
2550.0000 1561.0000 70
2552.0000 1600.0000 11
2550.0000 1640.0000 52
2550.0000 1677.0000 93
2551.0000 1717.0000 34
2551.0000 1756.0000 75
2551.0000 1798.0000 16
2549.0000 1832.0000 57
2550.0000 1874.0000 98
2579.0000 1893.0000 39
2665.0000 1935.0000 80
2647.0000 1991.0000 21
2667.0000 2025.0000 62
2667.0000 2064.0000 3
2667.0000 2104.0000 44
2665.0000 2139.0000 85
2666.0000 2178.0000 26
2665.0000 2220.0000 67
2665.0000 2254.0000 8
2548.0000 2258.0000 49
2549.0000 2218.0000 90
2549.0000 2180.0000 31
2550.0000 2141.0000 72
2549.0000 2103.0000 13
2548.0000 2064.0000 54
2548.0000 2025.0000 95
2538.0000 1987.0000 36
2590.0000 2333.0000 77
2666.0000 2328.0000 18
2667.0000 2394.0000 59
2667.0000 2432.0000 100
2666.0000 2470.0000 41
2666.0000 2508.0000 82
2665.0000 2550.0000 23
2665.0000 2586.0000 64
2666.0000 2626.0000 5
2549.0000 2393.0000 46
2548.0000 2431.0000 87
2549.0000 2473.0000 28
2548.0000 2512.0000 69
2546.0000 2548.0000 10
2550.0000 2591.0000 51
2548.0000 2627.0000 92
2687.0000 2716.0000 33
2686.0000 2868.0000 74
2647.0000 2711.0000 15
2645.0000 2866.0000 56
2643.0000 2906.0000 97
2645.0000 2984.0000 38
2604.0000 2905.0000 79
2605.0000 3109.0000 20
2605.0000 3136.0000 61
2606.0000 3290.0000 2
2606.0000 3333.0000 43
2606.0000 3368.0000 84
2604.0000 3410.0000 25
2568.0000 3037.0000 66
2568.0000 3079.0000 7
2568.0000 3119.0000 48
2567.0000 3157.0000 89
2566.0000 3195.0000 30
2567.0000 3234.0000 71
2568.0000 3274.0000 12
2566.0000 3310.0000 53
2568.0000 3350.0000 94
2566.0000 3386.0000 35
2567.0000 3428.0000 76
2568.0000 3466.0000 17
2352.0000 89.0000 58
2348.0000 125.0000 99
2349.0000 168.0000 40
2349.0000 208.0000 81
2350.0000 244.0000 22
2349.0000 286.0000 63
2350.0000 322.0000 4
2400.0000 333.0000 45
2466.0000 323.0000 86
2406.0000 207.0000 27
2378.0000 168.0000 68
2417.0000 130.0000 9
2397.0000 70.0000 50
2468.0000 283.0000 91
2467.0000 242.0000 32
2494.0000 245.0000 73
2467.0000 208.0000 14
2462.0000 168.0000 55
2465.0000 129.0000 96
2465.0000 90.0000 37
2421.0000 383.0000 78
2377.0000 449.0000 19
2458.0000 392.0000 60
2468.0000 467.0000 1
2507.0000 561.0000 42
2351.0000 534.0000 83
2352.0000 574.0000 24
2350.0000 614.0000 65
2350.0000 652.0000 6
2352.0000 691.0000 47
2350.0000 727.0000 88
2351.0000 768.0000 29
2467.0000 765.0000 70
2466.0000 729.0000 11
2466.0000 692.0000 52
2466.0000 649.0000 93
2466.0000 613.0000 34
2466.0000 574.0000 75
2467.0000 540.0000 16
2513.0000 572.0000 57
2350.0000 827.0000 98
2418.0000 836.0000 39
2438.0000 875.0000 80
2475.0000 833.0000 21
2495.0000 941.0000 62
2388.0000 942.0000 3
2348.0000 940.0000 44
2475.0000 1008.0000 85
2466.0000 1038.0000 26
2351.0000 1040.0000 67
2350.0000 1075.0000 8
2349.0000 1114.0000 49
2347.0000 1152.0000 90
2349.0000 1192.0000 31
2349.0000 1232.0000 72
2348.0000 1270.0000 13
2348.0000 1307.0000 54
2388.0000 1209.0000 95
2408.0000 1116.0000 36
2468.0000 1310.0000 77
2466.0000 1269.0000 18
2465.0000 1232.0000 59
2484.0000 1212.0000 100
2465.0000 1190.0000 41
2465.0000 1158.0000 82
2462.0000 1112.0000 23
2466.0000 1075.0000 64
2367.0000 1354.0000 5
2380.0000 1433.0000 46
2338.0000 1452.0000 87
2415.0000 1482.0000 28
2436.0000 1431.0000 69
2425.0000 1394.0000 10
2426.0000 1358.0000 51
2465.0000 1471.0000 92
2473.0000 1373.0000 33
2321.0000 1522.0000 74
2320.0000 1557.0000 15
2320.0000 1598.0000 56
2318.0000 1638.0000 97
2320.0000 1673.0000 38
2321.0000 1717.0000 79
2322.0000 1755.0000 20
2321.0000 1794.0000 61
2321.0000 1832.0000 2
2322.0000 1872.0000 43
2349.0000 1831.0000 84
2377.0000 1870.0000 25
2378.0000 1830.0000 66
2378.0000 1789.0000 7
2378.0000 1752.0000 48
2378.0000 1714.0000 89
2377.0000 1679.0000 30
2376.0000 1637.0000 71
2378.0000 1597.0000 12
2378.0000 1558.0000 53
2380.0000 1524.0000 94
2525.0000 1880.0000 35
2493.0000 1868.0000 76
2495.0000 1830.0000 17
2493.0000 1791.0000 58
2492.0000 1753.0000 99
2493.0000 1714.0000 40
2491.0000 1676.0000 81
2492.0000 1634.0000 22
2493.0000 1601.0000 63
2494.0000 1559.0000 4
2494.0000 1349.0000 45
2378.0000 2022.0000 86
2379.0000 2059.0000 27
2377.0000 2099.0000 68
2379.0000 2137.0000 9
2377.0000 2177.0000 50
2379.0000 2218.0000 91
2379.0000 2254.0000 32
2454.0000 2041.0000 73
2474.0000 1953.0000 14
2495.0000 2288.0000 55
2493.0000 2255.0000 96
2494.0000 2218.0000 37
2491.0000 2176.0000 78
2492.0000 2138.0000 19
2493.0000 2100.0000 60
2493.0000 2061.0000 1
2495.0000 2022.0000 42
2377.0000 2388.0000 83
2378.0000 2425.0000 24
2377.0000 2468.0000 65
2376.0000 2501.0000 6
2377.0000 2547.0000 47
2379.0000 2586.0000 88
2378.0000 2624.0000 29
2378.0000 2663.0000 70
2406.0000 2428.0000 11
2437.0000 2505.0000 52
2448.0000 2624.0000 93
2495.0000 2665.0000 34
2495.0000 2623.0000 75
2495.0000 2585.0000 16
2493.0000 2547.0000 57
2493.0000 2506.0000 98
2495.0000 2468.0000 39
2494.0000 2429.0000 80
2494.0000 2391.0000 21
2379.0000 2749.0000 62
2377.0000 2786.0000 3
2377.0000 2825.0000 44
2375.0000 2865.0000 85
2378.0000 2903.0000 26
2376.0000 2943.0000 67
2377.0000 2981.0000 8
2446.0000 2769.0000 49
2436.0000 2729.0000 90
2529.0000 2979.0000 31
2515.0000 3013.0000 72
2494.0000 2982.0000 13
2491.0000 2942.0000 54
2491.0000 2902.0000 95
2492.0000 2865.0000 36
2492.0000 2825.0000 77
2493.0000 2786.0000 18
2493.0000 2748.0000 59
2531.0000 2827.0000 100
2531.0000 2787.0000 41
2530.0000 2710.0000 82
2376.0000 3057.0000 23
2376.0000 3095.0000 64
2376.0000 3136.0000 5
2378.0000 3175.0000 46
2377.0000 3212.0000 87
2377.0000 3251.0000 28
2375.0000 3288.0000 69
2377.0000 3328.0000 10
2378.0000 3368.0000 51
2376.0000 3408.0000 92
2424.0000 3426.0000 33
2454.0000 3444.0000 74
2494.0000 3403.0000 15
2495.0000 3368.0000 56
2493.0000 3326.0000 97
2492.0000 3286.0000 38
2493.0000 3248.0000 79
2493.0000 3210.0000 20
2493.0000 3170.0000 61
2492.0000 3127.0000 2
2494.0000 3095.0000 43
2495.0000 3059.0000 84
2390.0000 3550.0000 25
2385.0000 3695.0000 66
2504.0000 3813.0000 7
2268.0000 3813.0000 48
2150.0000 91.0000 89
2150.0000 129.0000 30
2149.0000 165.0000 71
2147.0000 209.0000 12
2149.0000 244.0000 53
2147.0000 282.0000 94
2149.0000 323.0000 35
2179.0000 243.0000 76
2191.0000 66.0000 17
2228.0000 76.0000 58
2227.0000 108.0000 99
2218.0000 303.0000 40
2240.0000 341.0000 81
2267.0000 325.0000 22
2268.0000 282.0000 63
2326.0000 306.0000 4
2267.0000 243.0000 45
2302.0000 223.0000 86
2265.0000 203.0000 27
2305.0000 188.0000 68
2264.0000 167.0000 9
2267.0000 127.0000 50
2265.0000 87.0000 91
2303.0000 72.0000 32
2111.0000 428.0000 73
2111.0000 466.0000 14
2187.0000 426.0000 55
2246.0000 486.0000 96
2266.0000 464.0000 37
2317.0000 468.0000 78
2229.0000 406.0000 19
2150.0000 534.0000 60
2149.0000 573.0000 1
2147.0000 611.0000 42
2144.0000 651.0000 83
2150.0000 691.0000 24
2148.0000 728.0000 65
2148.0000 848.0000 6
2128.0000 807.0000 47
2178.0000 611.0000 88
2188.0000 642.0000 29
2225.0000 515.0000 70
2225.0000 555.0000 11
2233.0000 728.0000 52
2303.0000 767.0000 93
2267.0000 767.0000 34
2266.0000 730.0000 75
2303.0000 709.0000 16
2265.0000 689.0000 57
2312.0000 650.0000 98
2266.0000 651.0000 39
2267.0000 615.0000 80
2262.0000 571.0000 21
2266.0000 534.0000 62
2130.0000 803.0000 3
2167.0000 848.0000 44
2245.0000 843.0000 85
2286.0000 885.0000 26
2167.0000 921.0000 67
2136.0000 939.0000 8
2149.0000 1031.0000 49
2148.0000 1063.0000 90
2147.0000 1107.0000 31
2149.0000 1143.0000 72
2145.0000 1183.0000 13
2146.0000 1219.0000 54
2146.0000 1261.0000 95
2148.0000 1300.0000 36
2148.0000 1333.0000 77
2146.0000 1377.0000 18
2195.0000 1378.0000 59
2193.0000 1221.0000 100
2206.0000 1181.0000 41
2186.0000 1142.0000 82
2206.0000 1106.0000 23
2224.0000 1066.0000 64
2265.0000 1375.0000 5
2265.0000 1339.0000 46
2261.0000 1296.0000 87
2263.0000 1260.0000 28
2264.0000 1220.0000 69
2291.0000 1221.0000 10
2263.0000 1182.0000 51
2281.0000 1164.0000 92
2264.0000 1143.0000 33
2263.0000 1104.0000 74
2261.0000 1065.0000 15
2261.0000 1026.0000 56
2253.0000 1463.0000 97
2173.0000 1462.0000 38
2146.0000 1520.0000 79
2145.0000 1558.0000 20
2147.0000 1597.0000 61
2146.0000 1635.0000 2
2144.0000 1677.0000 43
2147.0000 1716.0000 84
2145.0000 1753.0000 25
2144.0000 1793.0000 66
2147.0000 1831.0000 7
2146.0000 1870.0000 48
2204.0000 1868.0000 89
2206.0000 1830.0000 30
2205.0000 1789.0000 71
2206.0000 1753.0000 12
2205.0000 1714.0000 53
2202.0000 1673.0000 94
2204.0000 1635.0000 35
2204.0000 1596.0000 76
2203.0000 1557.0000 17
2203.0000 1521.0000 58
2251.0000 1813.0000 99
2240.0000 1558.0000 40
2252.0000 1521.0000 81
2308.0000 1966.0000 22
2310.0000 1927.0000 63
2261.0000 1922.0000 4
2194.0000 1921.0000 45
2134.0000 1951.0000 86
2148.0000 2080.0000 27
2146.0000 2122.0000 68
2143.0000 2161.0000 9
2144.0000 2200.0000 50
2148.0000 2240.0000 91
2146.0000 2278.0000 32
2145.0000 2316.0000 73
2145.0000 2354.0000 14
2146.0000 2393.0000 55
2146.0000 2434.0000 96
2186.0000 2136.0000 37
2244.0000 2450.0000 78
2204.0000 2430.0000 19
2203.0000 2391.0000 60
2204.0000 2273.0000 1
2205.0000 2314.0000 42
2199.0000 2273.0000 83
2204.0000 2239.0000 24
2230.0000 2254.0000 65
2205.0000 2197.0000 6
2203.0000 2158.0000 47
2205.0000 2602.0000 88
2205.0000 2083.0000 29
2241.0000 2062.0000 70
2204.0000 2043.0000 11
2203.0000 2014.0000 52
2254.0000 2026.0000 93
2328.0000 2024.0000 34
2319.0000 2080.0000 75
2319.0000 2122.0000 16
2318.0000 2165.0000 57
2287.0000 2169.0000 98
2319.0000 2202.0000 39
2290.0000 2230.0000 80
2319.0000 2238.0000 21
2319.0000 2277.0000 62
2291.0000 2297.0000 3
2320.0000 2316.0000 44
2321.0000 2355.0000 85
2319.0000 2396.0000 26
2319.0000 2430.0000 67
2348.0000 2396.0000 8
2167.0000 2537.0000 49
2164.0000 2576.0000 90
2163.0000 2624.0000 31
2136.0000 2641.0000 72
2115.0000 2584.0000 13
2107.0000 2661.0000 54
2106.0000 2701.0000 95
2107.0000 2740.0000 36
2105.0000 2775.0000 77
2106.0000 2819.0000 18
2104.0000 2855.0000 59
2105.0000 2894.0000 100
2105.0000 2933.0000 41
2106.0000 2992.0000 82
2175.0000 3029.0000 23
2222.0000 2990.0000 64
2187.0000 2932.0000 5
2183.0000 2893.0000 46
2185.0000 2853.0000 87
2209.0000 2813.0000 28
2186.0000 2814.0000 69
2182.0000 2778.0000 10
2185.0000 2738.0000 51
2184.0000 2700.0000 92
2183.0000 2661.0000 33
2212.0000 2699.0000 74
2252.0000 2739.0000 15
2300.0000 2991.0000 56
2300.0000 2964.0000 97
2301.0000 2933.0000 38
2301.0000 2896.0000 79
2298.0000 2854.0000 20
2299.0000 2816.0000 61
2297.0000 2776.0000 2
2296.0000 2738.0000 43
2299.0000 2700.0000 84
2300.0000 2660.0000 25
2337.0000 2703.0000 66
2336.0000 2663.0000 7
2338.0000 2620.0000 48
2290.0000 2585.0000 89
2106.0000 3087.0000 30
2075.0000 3104.0000 71
2108.0000 3123.0000 12
2107.0000 3165.0000 53
2105.0000 3201.0000 94
2107.0000 3242.0000 35
2106.0000 3277.0000 76
2103.0000 3318.0000 17
2106.0000 3359.0000 58
2106.0000 3416.0000 99
2185.0000 3356.0000 40
2185.0000 3319.0000 81
2184.0000 3277.0000 22
2181.0000 3242.0000 63
2184.0000 3201.0000 4
2184.0000 3163.0000 45
2183.0000 3122.0000 86
2182.0000 3081.0000 27
2222.0000 3222.0000 68
2279.0000 3184.0000 9
2328.0000 3077.0000 50
2298.0000 3084.0000 91
2299.0000 3125.0000 32
2298.0000 3165.0000 73
2296.0000 3205.0000 14
2299.0000 3239.0000 55
2295.0000 3280.0000 96
2300.0000 3324.0000 37
2299.0000 3355.0000 78
2339.0000 3260.0000 19
2327.0000 3416.0000 60
2062.0000 3604.0000 1
2106.0000 3606.0000 42
2167.0000 3618.0000 83
2106.0000 3643.0000 24
2104.0000 3684.0000 65
2105.0000 3723.0000 6
2105.0000 3764.0000 47
2103.0000 3801.0000 88
2106.0000 3841.0000 29
2106.0000 3884.0000 70
2166.0000 3850.0000 11
2096.0000 71.0000 52
2097.0000 227.0000 93
2058.0000 86.0000 34
2061.0000 131.0000 75
2060.0000 170.0000 16
2058.0000 209.0000 57
2058.0000 248.0000 98
2057.0000 285.0000 39
2058.0000 328.0000 80
1991.0000 187.0000 21
1979.0000 325.0000 62
1937.0000 53.0000 3
1942.0000 90.0000 44
1944.0000 130.0000 85
1943.0000 167.0000 26
1942.0000 209.0000 67
1941.0000 246.0000 8
1941.0000 285.0000 49
1939.0000 325.0000 90
2037.0000 410.0000 31
2010.0000 488.0000 72
2062.0000 538.0000 13
2060.0000 574.0000 54
2059.0000 615.0000 95
2059.0000 651.0000 36
2060.0000 691.0000 77
2059.0000 732.0000 18
2059.0000 772.0000 59
2050.0000 812.0000 100
1989.0000 733.0000 41
1990.0000 576.0000 82
1941.0000 536.0000 23
1942.0000 572.0000 64
1944.0000 614.0000 5
1943.0000 654.0000 46
1943.0000 693.0000 87
1943.0000 729.0000 28
1941.0000 771.0000 69
1951.0000 896.0000 10
2058.0000 981.0000 51
2070.0000 1031.0000 92
2069.0000 1069.0000 33
2067.0000 1107.0000 74
2068.0000 1142.0000 15
2068.0000 1182.0000 56
2068.0000 1223.0000 97
2068.0000 1259.0000 38
2074.0000 1299.0000 79
2107.0000 1327.0000 20
2067.0000 1365.0000 61
2028.0000 1318.0000 2
2038.0000 1281.0000 43
2021.0000 1243.0000 84
2000.0000 1205.0000 25
1951.0000 1257.0000 66
1950.0000 1223.0000 7
1951.0000 1183.0000 48
1951.0000 1146.0000 89
1950.0000 1111.0000 30
1950.0000 1068.0000 71
1954.0000 1028.0000 12
1954.0000 972.0000 53
1951.0000 893.0000 94
1971.0000 1087.0000 35
2009.0000 1032.0000 76
1893.0000 1348.0000 17
1912.0000 1409.0000 58
1941.0000 1427.0000 99
2009.0000 1433.0000 40
2000.0000 1387.0000 81
2028.0000 1526.0000 22
2029.0000 1561.0000 63
2029.0000 1599.0000 4
2029.0000 1638.0000 45
2029.0000 1680.0000 86
2028.0000 1719.0000 27
2029.0000 1755.0000 68
2028.0000 1795.0000 9
2028.0000 1833.0000 50
2029.0000 1872.0000 91
2076.0000 1813.0000 32
2097.0000 1853.0000 73
2048.0000 1950.0000 14
2018.0000 1930.0000 55
1971.0000 1521.0000 96
1971.0000 1560.0000 37
1971.0000 1600.0000 78
1970.0000 1643.0000 19
1969.0000 1677.0000 60
1971.0000 1717.0000 1
1970.0000 1754.0000 42
1969.0000 1795.0000 83
1967.0000 1351.0000 24
1969.0000 1871.0000 65
2065.0000 2026.0000 6
2107.0000 2095.0000 47
2085.0000 2141.0000 88
2095.0000 2229.0000 29
2112.0000 2317.0000 70
2009.0000 2024.0000 11
2030.0000 2084.0000 52
2029.0000 2123.0000 93
2029.0000 2162.0000 34
2028.0000 2202.0000 75
2028.0000 2239.0000 16
2029.0000 2275.0000 57
2027.0000 2317.0000 98
2027.0000 2354.0000 39
2027.0000 2393.0000 80
2028.0000 2433.0000 21
1971.0000 2082.0000 62
1970.0000 2120.0000 3
1970.0000 2161.0000 44
1972.0000 2201.0000 85
1970.0000 2239.0000 26
1969.0000 2278.0000 67
1971.0000 2317.0000 8
1970.0000 2355.0000 49
1970.0000 2392.0000 90
1969.0000 2433.0000 31
1970.0000 2469.0000 72
1949.0000 2553.0000 13
2009.0000 2576.0000 54
2009.0000 2622.0000 95
2029.0000 2665.0000 36
1982.0000 2663.0000 77
1986.0000 2707.0000 18
1988.0000 2743.0000 59
1988.0000 2777.0000 100
1989.0000 2818.0000 41
1988.0000 2857.0000 82
1988.0000 2893.0000 23
1988.0000 2934.0000 64
1912.0000 2664.0000 5
1912.0000 2703.0000 46
1911.0000 2738.0000 87
1911.0000 2779.0000 28
1913.0000 2817.0000 69
1911.0000 2858.0000 10
1912.0000 2895.0000 51
1910.0000 2932.0000 92
2026.0000 2992.0000 33
1929.0000 3049.0000 74
1990.0000 3088.0000 15
1990.0000 3125.0000 56
1989.0000 3165.0000 97
1988.0000 3203.0000 38
1990.0000 3244.0000 79
1986.0000 3280.0000 20
1989.0000 3317.0000 61
1989.0000 3357.0000 2
1989.0000 3419.0000 43
2036.0000 3318.0000 84
2045.0000 3389.0000 25
1911.0000 3416.0000 66
1909.0000 3357.0000 7
1911.0000 3318.0000 48
1911.0000 3278.0000 89
1911.0000 3240.0000 30
1911.0000 3201.0000 71
1910.0000 3165.0000 12
1912.0000 3124.0000 53
1912.0000 3086.0000 94
1930.0000 3049.0000 35
2028.0000 2992.0000 76
1988.0000 3606.0000 17
1988.0000 3646.0000 58
1989.0000 3685.0000 99
1986.0000 3724.0000 40
1986.0000 3766.0000 81
1987.0000 3803.0000 22
1986.0000 3841.0000 63
1984.0000 3880.0000 4
2015.0000 3802.0000 45
2036.0000 3841.0000 86
2015.0000 3881.0000 27
1949.0000 3605.0000 68
1949.0000 3647.0000 9
1949.0000 3811.0000 50
1949.0000 3888.0000 91
1890.0000 3540.0000 32
1911.0000 3570.0000 73
1911.0000 3608.0000 14
1910.0000 3649.0000 55
1910.0000 3686.0000 96
1911.0000 3726.0000 37
1911.0000 3760.0000 78
1911.0000 3802.0000 19
1911.0000 3841.0000 60
1911.0000 3880.0000 1
1893.0000 3820.0000 42
1870.0000 3782.0000 83
1884.0000 90.0000 24
1886.0000 245.0000 65
1896.0000 365.0000 6
1846.0000 91.0000 47
1848.0000 132.0000 88
1846.0000 168.0000 29
1848.0000 211.0000 70
1848.0000 249.0000 11
1848.0000 286.0000 52
1850.0000 327.0000 93
1789.0000 73.0000 34
1781.0000 128.0000 75
1809.0000 182.0000 16
1819.0000 214.0000 57
1770.0000 360.0000 98
1761.0000 449.0000 39
1808.0000 453.0000 80
1837.0000 438.0000 21
1903.0000 516.0000 62
1857.0000 540.0000 3
1855.0000 576.0000 44
1855.0000 615.0000 85
1854.0000 652.0000 26
1886.0000 697.0000 67
1859.0000 694.0000 8
1856.0000 734.0000 49
1825.0000 731.0000 90
1856.0000 770.0000 31
1913.0000 770.0000 72
1894.0000 829.0000 13
1845.0000 826.0000 54
1847.0000 904.0000 95
1863.0000 981.0000 36
1866.0000 1020.0000 77
1866.0000 1055.0000 18
1866.0000 1099.0000 59
1865.0000 1137.0000 100
1868.0000 1174.0000 41
1866.0000 1215.0000 82
1866.0000 1251.0000 23
1866.0000 1292.0000 64
1863.0000 1329.0000 5
1864.0000 1369.0000 46
1862.0000 1402.0000 87
1836.0000 1214.0000 28
1749.0000 979.0000 69
1749.0000 1018.0000 10
1750.0000 1059.0000 51
1749.0000 1098.0000 92
1749.0000 1138.0000 33
1748.0000 1175.0000 74
1748.0000 1213.0000 15
1750.0000 1250.0000 56
1749.0000 1293.0000 97
1717.0000 1291.0000 38
1749.0000 1330.0000 79
1750.0000 1371.0000 20
1751.0000 1409.0000 61
1697.0000 1389.0000 2
1920.0000 1563.0000 43
1933.0000 1642.0000 84
1892.0000 1636.0000 25
1913.0000 1787.0000 66
1854.0000 1523.0000 7
1856.0000 1562.0000 48
1855.0000 1600.0000 89
1853.0000 1641.0000 30
1855.0000 1678.0000 71
1855.0000 1717.0000 12
1856.0000 1756.0000 53
1855.0000 1794.0000 94
1852.0000 1834.0000 35
1853.0000 1952.0000 76
1930.0000 2024.0000 17
1929.0000 2236.0000 58
1942.0000 2277.0000 99
1921.0000 2314.0000 40
1923.0000 2382.0000 81
1932.0000 2430.0000 22
1884.0000 2451.0000 63
1853.0000 2023.0000 4
1855.0000 2083.0000 45
1856.0000 2123.0000 86
1854.0000 2160.0000 27
1854.0000 2201.0000 68
1855.0000 2236.0000 9
1853.0000 2277.0000 50
1856.0000 2317.0000 91
1855.0000 2356.0000 32
1855.0000 2394.0000 73
1852.0000 2431.0000 14
1911.0000 2528.0000 55
1871.0000 2526.0000 96
1854.0000 2645.0000 37
1851.0000 2990.0000 78
1832.0000 3298.0000 19
1832.0000 3339.0000 60
1692.0000 32.0000 1
1732.0000 91.0000 42
1733.0000 127.0000 83
1710.0000 233.0000 24
1735.0000 170.0000 65
1731.0000 209.0000 6
1731.0000 251.0000 47
1731.0000 288.0000 88
1731.0000 325.0000 29
1681.0000 213.0000 70
1682.0000 249.0000 11
1645.0000 91.0000 52
1645.0000 129.0000 93
1643.0000 167.0000 34
1642.0000 208.0000 75
1643.0000 249.0000 16
1643.0000 285.0000 57
1641.0000 322.0000 98
1732.0000 449.0000 39
1652.0000 450.0000 80
1736.0000 537.0000 21
1741.0000 575.0000 62
1741.0000 614.0000 3
1741.0000 658.0000 44
1710.0000 655.0000 85
1740.0000 692.0000 26
1741.0000 730.0000 67
1742.0000 766.0000 8
1651.0000 534.0000 49
1652.0000 575.0000 90
1652.0000 614.0000 31
1651.0000 653.0000 72
1653.0000 692.0000 13
1654.0000 730.0000 54
1651.0000 770.0000 95
1650.0000 856.0000 36
1785.0000 2005.0000 77
1788.0000 2045.0000 18
1787.0000 2085.0000 59
1788.0000 2120.0000 100
1788.0000 2160.0000 41
1786.0000 2200.0000 82
1786.0000 2238.0000 23
1787.0000 2274.0000 64
1787.0000 2316.0000 5
1758.0000 2317.0000 46
1788.0000 2355.0000 87
1757.0000 2374.0000 28
1789.0000 2368.0000 69
1785.0000 2431.0000 10
1777.0000 2471.0000 51
1727.0000 1947.0000 92
1730.0000 1986.0000 33
1706.0000 2082.0000 74
1709.0000 2429.0000 15
1668.0000 2003.0000 56
1668.0000 2044.0000 97
1668.0000 2083.0000 38
1669.0000 2121.0000 79
1669.0000 2161.0000 20
1670.0000 2200.0000 61
1670.0000 2237.0000 2
1669.0000 2274.0000 43
1669.0000 2317.0000 84
1669.0000 2356.0000 25
1669.0000 2391.0000 66
1666.0000 2430.0000 7
1797.0000 2529.0000 48
1745.0000 2568.0000 89
1680.0000 2515.0000 30
1630.0000 2530.0000 71
1796.0000 2665.0000 12
1795.0000 2703.0000 53
1798.0000 2742.0000 94
1797.0000 2778.0000 35
1796.0000 2816.0000 76
1797.0000 2857.0000 17
1795.0000 2892.0000 58
1797.0000 2934.0000 99
1736.0000 2719.0000 40
1739.0000 2779.0000 81
1728.0000 2859.0000 22
1729.0000 2913.0000 63
1736.0000 2963.0000 4
1697.0000 2664.0000 45
1699.0000 2702.0000 86
1701.0000 2742.0000 27
1699.0000 2778.0000 68
1699.0000 2816.0000 9
1699.0000 2856.0000 50
1698.0000 2894.0000 91
1695.0000 2937.0000 32
1795.0000 3088.0000 73
1795.0000 3129.0000 14
1797.0000 3163.0000 55
1797.0000 3203.0000 96
1796.0000 3243.0000 37
1795.0000 3277.0000 78
1795.0000 3320.0000 19
1796.0000 3358.0000 60
1717.0000 3020.0000 1
1739.0000 3184.0000 42
1696.0000 3041.0000 83
1699.0000 3069.0000 24
1700.0000 3109.0000 65
1700.0000 3143.0000 6
1699.0000 3183.0000 47
1701.0000 3223.0000 88
1699.0000 3260.0000 29
1678.0000 3280.0000 70
1700.0000 3302.0000 11
1701.0000 3339.0000 52
1698.0000 3379.0000 93
1697.0000 3418.0000 34
1794.0000 3571.0000 75
1795.0000 3609.0000 16
1796.0000 3647.0000 57
1795.0000 3686.0000 98
1795.0000 3726.0000 39
1795.0000 3764.0000 80
1794.0000 3802.0000 21
1795.0000 3840.0000 62
1796.0000 3881.0000 3
1697.0000 3568.0000 44
1698.0000 3605.0000 85
1698.0000 3649.0000 26
1698.0000 3685.0000 67
1699.0000 3723.0000 8
1696.0000 3765.0000 49
1699.0000 3798.0000 90
1697.0000 3847.0000 31
1695.0000 3877.0000 72
1705.0000 3918.0000 13
1443.0000 88.0000 54
1442.0000 127.0000 95
1440.0000 167.0000 36
1441.0000 204.0000 77
1442.0000 242.0000 18
1442.0000 282.0000 59
1440.0000 321.0000 100
1482.0000 302.0000 41
1480.0000 262.0000 82
1481.0000 223.0000 23
1477.0000 68.0000 64
1529.0000 86.0000 5
1528.0000 126.0000 46
1531.0000 167.0000 87
1526.0000 204.0000 28
1530.0000 245.0000 69
1528.0000 283.0000 10
1530.0000 323.0000 51
1548.0000 366.0000 92
1564.0000 331.0000 33
1415.0000 458.0000 74
1402.0000 574.0000 15
1412.0000 610.0000 56
1453.0000 455.0000 97
1452.0000 492.0000 38
1452.0000 534.0000 79
1453.0000 572.0000 20
1451.0000 612.0000 61
1451.0000 652.0000 2
1454.0000 687.0000 43
1453.0000 731.0000 84
1451.0000 765.0000 25
1452.0000 805.0000 66
1452.0000 844.0000 7
1452.0000 880.0000 48
1542.0000 891.0000 89
1537.0000 809.0000 30
1540.0000 767.0000 71
1542.0000 727.0000 12
1615.0000 765.0000 53
1576.0000 708.0000 94
1539.0000 689.0000 35
1533.0000 647.0000 76
1540.0000 610.0000 17
1539.0000 573.0000 58
1538.0000 534.0000 99
1518.0000 455.0000 40
1412.0000 1054.0000 81
1432.0000 1073.0000 22
1452.0000 1056.0000 63
1449.0000 1093.0000 4
1450.0000 1132.0000 45
1449.0000 1172.0000 86
1454.0000 1210.0000 27
1452.0000 1252.0000 68
1452.0000 1289.0000 9
1451.0000 1324.0000 50
1450.0000 1366.0000 91
1452.0000 1406.0000 32
1509.0000 1206.0000 73
1529.0000 1291.0000 14
1570.0000 1055.0000 55
1570.0000 1092.0000 96
1567.0000 1131.0000 37
1567.0000 1171.0000 78
1566.0000 1209.0000 19
1567.0000 1251.0000 60
1566.0000 1290.0000 1
1567.0000 1322.0000 42
1565.0000 1370.0000 83
1567.0000 1405.0000 24
1586.0000 1232.0000 65
1605.0000 1190.0000 6
1663.0000 1171.0000 47
1660.0000 1089.0000 88
1663.0000 1056.0000 29
1598.0000 1995.0000 70
1490.0000 2080.0000 11
1490.0000 2121.0000 52
1487.0000 2157.0000 93
1487.0000 2198.0000 34
1489.0000 2235.0000 75
1487.0000 2274.0000 16
1489.0000 2314.0000 57
1487.0000 2351.0000 98
1492.0000 2393.0000 39
1488.0000 2429.0000 80
1517.0000 2196.0000 21
1557.0000 2215.0000 62
1556.0000 2078.0000 3
1602.0000 2079.0000 44
1604.0000 2118.0000 85
1604.0000 2074.0000 26
1605.0000 2199.0000 67
1601.0000 2237.0000 8
1604.0000 2272.0000 49
1603.0000 2316.0000 90
1604.0000 2355.0000 31
1604.0000 2391.0000 72
1603.0000 2427.0000 13
1477.0000 2491.0000 54
1458.0000 2546.0000 95
1468.0000 2613.0000 36
1494.0000 2552.0000 77
1548.0000 2553.0000 18
1594.0000 2544.0000 59
1605.0000 2494.0000 100
1488.0000 2659.0000 41
1486.0000 2703.0000 82
1488.0000 2735.0000 23
1488.0000 2776.0000 64
1457.0000 2775.0000 5
1489.0000 2813.0000 46
1488.0000 2855.0000 87
1457.0000 2890.0000 28
1488.0000 2893.0000 69
1487.0000 2932.0000 10
1544.0000 2775.0000 51
1547.0000 2699.0000 92
1535.0000 2668.0000 33
1583.0000 2660.0000 74
1585.0000 2701.0000 15
1585.0000 2738.0000 56
1584.0000 2777.0000 97
1586.0000 2815.0000 38
1581.0000 2852.0000 79
1586.0000 2894.0000 20
1583.0000 2933.0000 61
1485.0000 3010.0000 2
1439.0000 3046.0000 43
1448.0000 3124.0000 84
1488.0000 3085.0000 25
1493.0000 3124.0000 66
1489.0000 3162.0000 7
1485.0000 3201.0000 48
1492.0000 3244.0000 89
1487.0000 3279.0000 30
1490.0000 3316.0000 71
1488.0000 3357.0000 12
1583.0000 3065.0000 53
1624.0000 3107.0000 94
1588.0000 3102.0000 35
1585.0000 3146.0000 76
1583.0000 3182.0000 17
1601.0000 3205.0000 58
1584.0000 3223.0000 99
1584.0000 3258.0000 40
1584.0000 3300.0000 81
1586.0000 3341.0000 22
1582.0000 3373.0000 63
1584.0000 3417.0000 4
1613.0000 3420.0000 45
1632.0000 3435.0000 86
1640.0000 3473.0000 27
1671.0000 3463.0000 68
1499.0000 3493.0000 9
1487.0000 3528.0000 50
1488.0000 3570.0000 91
1486.0000 3596.0000 32
1487.0000 3643.0000 73
1487.0000 3685.0000 14
1487.0000 3722.0000 55
1488.0000 3763.0000 96
1487.0000 3800.0000 37
1488.0000 3841.0000 78
1488.0000 3878.0000 19
1547.0000 3703.0000 60
1543.0000 3742.0000 1
1582.0000 3572.0000 42
1583.0000 3604.0000 83
1584.0000 3648.0000 24
1584.0000 3686.0000 65
1580.0000 3722.0000 6
1584.0000 3764.0000 47
1583.0000 3801.0000 88
1584.0000 3842.0000 29
1586.0000 3878.0000 70
1624.0000 3861.0000 11
1633.0000 3901.0000 52
1661.0000 3889.0000 93
1622.0000 3648.0000 34
1631.0000 3607.0000 75
1651.0000 3568.0000 16
1187.0000 114.0000 57
1225.0000 83.0000 98
1253.0000 91.0000 39
1283.0000 86.0000 80
1251.0000 128.0000 21
1249.0000 163.0000 62
1252.0000 206.0000 3
1230.0000 225.0000 44
1250.0000 245.0000 85
1287.0000 243.0000 26
1254.0000 283.0000 67
1254.0000 324.0000 8
1292.0000 324.0000 49
1319.0000 48.0000 90
1329.0000 83.0000 31
1327.0000 126.0000 72
1329.0000 166.0000 13
1329.0000 204.0000 54
1330.0000 244.0000 95
1329.0000 284.0000 36
1329.0000 321.0000 77
1396.0000 68.0000 18
1417.0000 128.0000 59
1415.0000 167.0000 100
1405.0000 211.0000 41
1366.0000 265.0000 82
1376.0000 333.0000 23
1415.0000 327.0000 64
1260.0000 533.0000 5
1260.0000 571.0000 46
1258.0000 610.0000 87
1259.0000 648.0000 28
1257.0000 689.0000 69
1259.0000 727.0000 10
1259.0000 765.0000 51
1258.0000 804.0000 92
1258.0000 864.0000 33
1297.0000 611.0000 74
1298.0000 574.0000 15
1298.0000 531.0000 56
1339.0000 453.0000 97
1337.0000 493.0000 38
1334.0000 533.0000 79
1335.0000 573.0000 20
1336.0000 612.0000 61
1336.0000 650.0000 2
1336.0000 689.0000 43
1337.0000 733.0000 84
1336.0000 768.0000 25
1335.0000 803.0000 66
1335.0000 844.0000 7
1333.0000 885.0000 48
1384.0000 806.0000 89
1279.0000 990.0000 30
1279.0000 1062.0000 71
1236.0000 1135.0000 12
1239.0000 1174.0000 53
1238.0000 1210.0000 94
1239.0000 1250.0000 35
1239.0000 1288.0000 76
1239.0000 1329.0000 17
1238.0000 1364.0000 58
1238.0000 1408.0000 99
1208.0000 1406.0000 40
1238.0000 1444.0000 81
1277.0000 1193.0000 22
1315.0000 1152.0000 63
1296.0000 1319.0000 4
1357.0000 1068.0000 45
1356.0000 1130.0000 86
1356.0000 1172.0000 27
1401.0000 976.0000 68
1395.0000 1192.0000 9
1359.0000 1214.0000 50
1375.0000 1231.0000 91
1357.0000 1251.0000 32
1354.0000 1288.0000 73
1353.0000 1326.0000 14
1357.0000 1368.0000 55
1356.0000 1406.0000 96
1051.0000 88.0000 37
1047.0000 125.0000 78
1049.0000 170.0000 19
1044.0000 206.0000 60
1046.0000 246.0000 1
1048.0000 280.0000 42
1046.0000 322.0000 83
1099.0000 334.0000 24
1106.0000 127.0000 65
1096.0000 95.0000 6
1136.0000 86.0000 47
1134.0000 128.0000 88
1132.0000 162.0000 29
1134.0000 204.0000 70
1135.0000 247.0000 11
1135.0000 280.0000 52
1136.0000 322.0000 93
1153.0000 387.0000 34
1182.0000 339.0000 75
1232.0000 395.0000 16
1036.0000 456.0000 57
1090.0000 425.0000 98
1162.0000 465.0000 39
1233.0000 507.0000 80
1047.0000 534.0000 21
1049.0000 572.0000 62
1045.0000 608.0000 3
1046.0000 650.0000 44
1046.0000 689.0000 85
1046.0000 730.0000 26
1044.0000 763.0000 67
1048.0000 805.0000 8
1047.0000 847.0000 49
1047.0000 887.0000 90
1105.0000 805.0000 31
1092.0000 764.0000 72
1074.0000 727.0000 13
1087.0000 613.0000 54
1086.0000 533.0000 95
1128.0000 633.0000 36
1142.0000 529.0000 77
1144.0000 573.0000 18
1142.0000 610.0000 59
1143.0000 650.0000 100
1146.0000 690.0000 41
1142.0000 729.0000 82
1141.0000 768.0000 23
1142.0000 804.0000 64
1185.0000 592.0000 5
1221.0000 648.0000 46
1218.0000 861.0000 87
1183.0000 863.0000 28
1094.0000 900.0000 69
1085.0000 928.0000 10
1029.0000 942.0000 51
1027.0000 998.0000 92
1144.0000 1009.0000 33
1174.0000 996.0000 74
1202.0000 1000.0000 15
1174.0000 942.0000 56
998.0000 1066.0000 97
998.0000 1104.0000 38
995.0000 1145.0000 79
999.0000 1181.0000 20
997.0000 1222.0000 61
996.0000 1261.0000 2
997.0000 1298.0000 43
998.0000 1339.0000 84
996.0000 1393.0000 25
1055.0000 1431.0000 66
1093.0000 1452.0000 7
1095.0000 1424.0000 48
1055.0000 1400.0000 89
1054.0000 1363.0000 30
1083.0000 1384.0000 71
1094.0000 1355.0000 12
1053.0000 1325.0000 53
1053.0000 1284.0000 94
1056.0000 1249.0000 35
1058.0000 1210.0000 76
1057.0000 1172.0000 17
1058.0000 1136.0000 58
1059.0000 1092.0000 99
1048.0000 1056.0000 40
1078.0000 1154.0000 81
1102.0000 1171.0000 22
1171.0000 1055.0000 63
1173.0000 1093.0000 4
1172.0000 1135.0000 45
1137.0000 1134.0000 86
1174.0000 1179.0000 27
1172.0000 1212.0000 68
1170.0000 1251.0000 9
1152.0000 1270.0000 50
1172.0000 1292.0000 91
1172.0000 1330.0000 32
1171.0000 1368.0000 73
1170.0000 1408.0000 14
784.0000 30.0000 55
806.0000 107.0000 96
842.0000 85.0000 37
844.0000 130.0000 78
843.0000 166.0000 19
844.0000 206.0000 60
843.0000 245.0000 1
845.0000 282.0000 42
843.0000 322.0000 83
843.0000 361.0000 24
882.0000 166.0000 65
884.0000 88.0000 6
930.0000 85.0000 47
933.0000 127.0000 88
932.0000 163.0000 29
931.0000 205.0000 70
931.0000 246.0000 11
904.0000 264.0000 52
929.0000 286.0000 93
933.0000 321.0000 34
930.0000 370.0000 75
991.0000 165.0000 16
826.0000 440.0000 57
965.0000 459.0000 98
581.0000 79.0000 39
642.0000 90.0000 80
642.0000 128.0000 21
637.0000 164.0000 62
642.0000 208.0000 3
641.0000 248.0000 44
641.0000 285.0000 85
642.0000 323.0000 26
640.0000 361.0000 67
671.0000 360.0000 8
681.0000 164.0000 49
680.0000 84.0000 90
710.0000 437.0000 31
730.0000 359.0000 72
732.0000 321.0000 13
767.0000 323.0000 54
726.0000 287.0000 95
727.0000 244.0000 36
726.0000 117.0000 77
729.0000 166.0000 18
729.0000 130.0000 59
728.0000 86.0000 100
805.0000 594.0000 41
782.0000 653.0000 82
842.0000 631.0000 23
855.0000 706.0000 64
872.0000 799.0000 5
845.0000 826.0000 46
843.0000 864.0000 87
890.0000 848.0000 28
889.0000 883.0000 69
950.0000 919.0000 10
932.0000 883.0000 51
929.0000 846.0000 92
930.0000 804.0000 33
925.0000 765.0000 74
933.0000 726.0000 15
928.0000 689.0000 56
958.0000 690.0000 97
932.0000 651.0000 38
929.0000 612.0000 79
931.0000 570.0000 20
929.0000 535.0000 61
1001.0000 514.0000 2
573.0000 325.0000 43
611.0000 474.0000 84
610.0000 503.0000 25
601.0000 575.0000 66
654.0000 571.0000 7
640.0000 648.0000 48
642.0000 688.0000 89
638.0000 728.0000 30
640.0000 766.0000 71
641.0000 805.0000 12
640.0000 842.0000 53
641.0000 883.0000 94
689.0000 890.0000 35
689.0000 843.0000 76
688.0000 804.0000 17
729.0000 863.0000 58
727.0000 628.0000 99
896.0000 1027.0000 40
881.0000 971.0000 81
823.0000 961.0000 22
746.0000 958.0000 63
602.0000 953.0000 4
599.0000 1009.0000 45
828.0000 1065.0000 86
803.0000 1085.0000 27
824.0000 1104.0000 68
825.0000 1144.0000 9
823.0000 1181.0000 50
823.0000 1222.0000 91
825.0000 1261.0000 32
821.0000 1298.0000 73
822.0000 1356.0000 14
843.0000 1399.0000 55
882.0000 1336.0000 96
881.0000 1296.0000 37
882.0000 1263.0000 78
880.0000 1215.0000 19
880.0000 1178.0000 60
882.0000 1143.0000 1
882.0000 1102.0000 42
879.0000 1065.0000 83
750.0000 1088.0000 24
753.0000 1216.0000 65
754.0000 1258.0000 6
773.0000 1307.0000 47
747.0000 1358.0000 88
710.0000 1301.0000 29
709.0000 1261.0000 70
707.0000 1223.0000 11
706.0000 1181.0000 52
707.0000 1146.0000 93
704.0000 1102.0000 34
708.0000 1067.0000 75
638.0000 1105.0000 16
639.0000 1145.0000 57
641.0000 1179.0000 98
637.0000 1222.0000 39
638.0000 1256.0000 80
639.0000 1298.0000 21
640.0000 1337.0000 62
640.0000 1375.0000 3
641.0000 1415.0000 44
602.0000 1394.0000 85
638.0000 1455.0000 26
1796.0000 1505.0000 67
1756.0000 1494.0000 8
1717.0000 1484.0000 49
1679.0000 1484.0000 90
1631.0000 1473.0000 31
1533.0000 1492.0000 72
1051.0000 1481.0000 13
1002.0000 1482.0000 54
811.0000 1481.0000 95
1758.0000 1524.0000 36
1719.0000 1525.0000 77
1678.0000 1524.0000 18
1640.0000 1525.0000 59
1601.0000 1522.0000 100
1563.0000 1524.0000 41
1523.0000 1524.0000 82
1485.0000 1521.0000 23
1448.0000 1524.0000 64
1408.0000 1523.0000 5
1370.0000 1524.0000 46
1332.0000 1523.0000 87
1292.0000 1524.0000 28
1252.0000 1523.0000 69
1215.0000 1523.0000 10
1175.0000 1522.0000 51
1140.0000 1523.0000 92
1097.0000 1524.0000 33
1060.0000 1522.0000 74
1022.0000 1522.0000 15
982.0000 1521.0000 56
947.0000 1522.0000 97
905.0000 1521.0000 38
865.0000 1522.0000 79
829.0000 1522.0000 20
790.0000 1523.0000 61
752.0000 1520.0000 2
713.0000 1520.0000 43
675.0000 1521.0000 84
634.0000 1522.0000 25
597.0000 1521.0000 66
557.0000 1521.0000 7
1757.0000 1647.0000 48
1759.0000 1687.0000 89
1739.0000 1773.0000 30
1720.0000 1598.0000 71
1699.0000 1744.0000 12
1679.0000 1696.0000 53
1660.0000 1559.0000 94
1640.0000 1658.0000 35
1622.0000 1820.0000 76
1606.0000 1548.0000 17
1563.0000 1551.0000 58
1574.0000 1596.0000 99
1574.0000 1763.0000 40
1548.0000 1832.0000 81
1488.0000 1562.0000 22
1451.0000 1561.0000 63
1464.0000 1610.0000 4
1488.0000 1715.0000 45
1410.0000 1627.0000 86
1411.0000 1693.0000 27
1391.0000 1776.0000 68
1370.0000 1594.0000 9
1361.0000 1626.0000 50
1334.0000 1754.0000 91
1313.0000 1783.0000 32
1274.0000 1560.0000 73
1178.0000 1813.0000 14
1140.0000 1814.0000 55
1080.0000 1693.0000 96
1042.0000 1706.0000 37
1004.0000 1636.0000 78
927.0000 1618.0000 19
928.0000 1667.0000 60
869.0000 1743.0000 1
871.0000 1842.0000 42
830.0000 1765.0000 83
811.0000 1642.0000 24
782.0000 1630.0000 65
752.0000 1611.0000 6
713.0000 1570.0000 47
716.0000 1842.0000 88
676.0000 1751.0000 29
676.0000 1821.0000 70
628.0000 1762.0000 11
611.0000 1716.0000 52
634.0000 1596.0000 93
598.0000 1607.0000 34
560.0000 1646.0000 75
560.0000 1685.0000 16
521.0000 1784.0000 57
1756.0000 1869.0000 98
1717.0000 1869.0000 39
1680.0000 1870.0000 80
1642.0000 1871.0000 21
1602.0000 1871.0000 62
1564.0000 1871.0000 3
1526.0000 1870.0000 44
1487.0000 1871.0000 85
1448.0000 1873.0000 26
1409.0000 1871.0000 67
1369.0000 1872.0000 8
1333.0000 1872.0000 49
1294.0000 1872.0000 90
1253.0000 1873.0000 31
1218.0000 1872.0000 72
1176.0000 1870.0000 13
1139.0000 1869.0000 54
1100.0000 1872.0000 95
1061.0000 1871.0000 36
1024.0000 1869.0000 77
983.0000 1871.0000 18
945.0000 1870.0000 59
904.0000 1870.0000 100
869.0000 1870.0000 41
829.0000 1870.0000 82
789.0000 1872.0000 23
751.0000 1867.0000 64
713.0000 1872.0000 5
674.0000 1868.0000 46
637.0000 1869.0000 87
596.0000 1871.0000 28
557.0000 1872.0000 69
1642.0000 1902.0000 10
1563.0000 1899.0000 51
1456.0000 1928.0000 92
1256.0000 1899.0000 33
1234.0000 1936.0000 74
1144.0000 1909.0000 15
1102.0000 1910.0000 56
1060.0000 1909.0000 97
984.0000 1898.0000 38
948.0000 1909.0000 79
883.0000 1927.0000 20
848.0000 1907.0000 61
769.0000 1906.0000 2
716.0000 1899.0000 43
674.0000 1908.0000 84
599.0000 1908.0000 25
1475.0000 1984.0000 66
1428.0000 2007.0000 7
1429.0000 2044.0000 48
1430.0000 2082.0000 89
1430.0000 2122.0000 30
1429.0000 2160.0000 71
1429.0000 2198.0000 12
1430.0000 2238.0000 53
1429.0000 2277.0000 94
1428.0000 2314.0000 35
1432.0000 2369.0000 76
1428.0000 2391.0000 17
1429.0000 2427.0000 58
1425.0000 2493.0000 99
1380.0000 2004.0000 40
1410.0000 2102.0000 81
1380.0000 2239.0000 22
1409.0000 2370.0000 63
1352.0000 2311.0000 4
1351.0000 2340.0000 45
1351.0000 2410.0000 86
1313.0000 2156.0000 27
1270.0000 2334.0000 68
1274.0000 2490.0000 9
1379.0000 2550.0000 50
1343.0000 2547.0000 91
1362.0000 2602.0000 32
1291.0000 2527.0000 73
1265.0000 2560.0000 14
1286.0000 2635.0000 55
1363.0000 2662.0000 96
1369.0000 2701.0000 37
1394.0000 2722.0000 78
1371.0000 2740.0000 19
1370.0000 2782.0000 60
1370.0000 2817.0000 1
1369.0000 2857.0000 42
1409.0000 2886.0000 83
1369.0000 2894.0000 24
1369.0000 2935.0000 65
1273.0000 2933.0000 6
1272.0000 2893.0000 47
1273.0000 2852.0000 88
1274.0000 2814.0000 29
1275.0000 2780.0000 70
1272.0000 2737.0000 11
1271.0000 2701.0000 52
1273.0000 2664.0000 93
1234.0000 2963.0000 34
1272.0000 2961.0000 75
1390.0000 2982.0000 16
1252.0000 3025.0000 57
1343.0000 3049.0000 98
1372.0000 3087.0000 39
1372.0000 3128.0000 80
1373.0000 3166.0000 21
1371.0000 3201.0000 62
1372.0000 3240.0000 3
1369.0000 3287.0000 44
1369.0000 3317.0000 85
1374.0000 3358.0000 26
1328.0000 3417.0000 67
1294.0000 3421.0000 8
1271.0000 3357.0000 49
1276.0000 3318.0000 90
1274.0000 3278.0000 31
1233.0000 3280.0000 72
1273.0000 3239.0000 13
1275.0000 3199.0000 54
1273.0000 3164.0000 95
1276.0000 3126.0000 36
1275.0000 3085.0000 77
1224.0000 3184.0000 18
1194.0000 3144.0000 59
1320.0000 3201.0000 100
1322.0000 3260.0000 41
1392.0000 3504.0000 82
1423.0000 3532.0000 23
1399.0000 3764.0000 64
1408.0000 3862.0000 5
1439.0000 3890.0000 46
1370.0000 3528.0000 87
1370.0000 3569.0000 28
1368.0000 3612.0000 69
1369.0000 3646.0000 10
1371.0000 3683.0000 51
1370.0000 3723.0000 92
1370.0000 3765.0000 33
1367.0000 3801.0000 74
1368.0000 3840.0000 15
1367.0000 3882.0000 56
1331.0000 3871.0000 97
1332.0000 3792.0000 38
1312.0000 3586.0000 79
1274.0000 3528.0000 20
1272.0000 3567.0000 61
1272.0000 3606.0000 2
1272.0000 3648.0000 43
1273.0000 3683.0000 84
1272.0000 3722.0000 25
1273.0000 3764.0000 66
1274.0000 3808.0000 7
1274.0000 3841.0000 48
1274.0000 3879.0000 89
1234.0000 2182.0000 30
1248.0000 2241.0000 71
1226.0000 2276.0000 12
1195.0000 2006.0000 53
1198.0000 2043.0000 94
1199.0000 2079.0000 35
1197.0000 2119.0000 76
1199.0000 2162.0000 17
1196.0000 2200.0000 58
1198.0000 2238.0000 99
1195.0000 2278.0000 40
1197.0000 2317.0000 81
1198.0000 2357.0000 22
1196.0000 2392.0000 63
1197.0000 2432.0000 4
1206.0000 2489.0000 45
1157.0000 2003.0000 86
1157.0000 2042.0000 27
1158.0000 2081.0000 68
1158.0000 2118.0000 9
1159.0000 2162.0000 50
1156.0000 2200.0000 91
1156.0000 2240.0000 32
1156.0000 2278.0000 73
1159.0000 2315.0000 14
1157.0000 2351.0000 55
1160.0000 2393.0000 96
1159.0000 2431.0000 37
1155.0000 2472.0000 78
1161.0000 2509.0000 19
1119.0000 2470.0000 60
1191.0000 2576.0000 1
1119.0000 2573.0000 42
1194.0000 2740.0000 83
1155.0000 2661.0000 24
1159.0000 2700.0000 65
1159.0000 2738.0000 6
1160.0000 2776.0000 47
1161.0000 2815.0000 88
1159.0000 2854.0000 29
1157.0000 2892.0000 70
1163.0000 2929.0000 11
1108.0000 2815.0000 52
1108.0000 2912.0000 93
1082.0000 2758.0000 34
1062.0000 2657.0000 75
1063.0000 2701.0000 16
1064.0000 2739.0000 57
1062.0000 2776.0000 98
1063.0000 2816.0000 39
1061.0000 2850.0000 80
1060.0000 2894.0000 21
1059.0000 2933.0000 62
1176.0000 3028.0000 3
1158.0000 3088.0000 44
1160.0000 3126.0000 85
1155.0000 3166.0000 26
1158.0000 3201.0000 67
1159.0000 3242.0000 8
1157.0000 3282.0000 49
1158.0000 3320.0000 90
1158.0000 3356.0000 31
1109.0000 3068.0000 72
1121.0000 3105.0000 13
1097.0000 3206.0000 54
1064.0000 3088.0000 95
1062.0000 3131.0000 36
1064.0000 3162.0000 77
1062.0000 3203.0000 18
1061.0000 3241.0000 59
1059.0000 3280.0000 100
1061.0000 3320.0000 41
1062.0000 3357.0000 82
1213.0000 3625.0000 23
1224.0000 3667.0000 64
1186.0000 3743.0000 5
1204.0000 3783.0000 46
1157.0000 3530.0000 87
1158.0000 3569.0000 28
1159.0000 3611.0000 69
1160.0000 3645.0000 10
1153.0000 3686.0000 51
1158.0000 3729.0000 92
1158.0000 3765.0000 33
1156.0000 3801.0000 74
1157.0000 3843.0000 15
1157.0000 3880.0000 56
1118.0000 3501.0000 97
1118.0000 3794.0000 38
1118.0000 3870.0000 79
1059.0000 3529.0000 20
1061.0000 3568.0000 61
1063.0000 3607.0000 2
1062.0000 3647.0000 43
1061.0000 3682.0000 84
1062.0000 3730.0000 25
1059.0000 3763.0000 66
1061.0000 3801.0000 7
1059.0000 3842.0000 48
1060.0000 3880.0000 89
954.0000 1976.0000 30
955.0000 2023.0000 71
1083.0000 2026.0000 12
1073.0000 2061.0000 53
1012.0000 2100.0000 94
1072.0000 2198.0000 35
981.0000 2279.0000 76
1050.0000 2507.0000 17
964.0000 2624.0000 58
1005.0000 2681.0000 99
984.0000 2719.0000 40
1031.0000 3009.0000 81
1004.0000 3059.0000 22
970.0000 3018.0000 63
1003.0000 3426.0000 4
968.0000 3425.0000 45
928.0000 2006.0000 86
928.0000 2048.0000 27
928.0000 2081.0000 68
927.0000 2122.0000 9
927.0000 2159.0000 50
928.0000 2200.0000 91
925.0000 2241.0000 32
927.0000 2276.0000 73
926.0000 2317.0000 14
928.0000 2354.0000 55
926.0000 2391.0000 96
929.0000 2429.0000 37
926.0000 2469.0000 78
924.0000 2508.0000 19
886.0000 2003.0000 60
889.0000 2045.0000 1
888.0000 2083.0000 42
888.0000 2120.0000 83
889.0000 2159.0000 24
887.0000 2201.0000 65
886.0000 2241.0000 6
890.0000 2276.0000 47
886.0000 2315.0000 88
888.0000 2353.0000 29
888.0000 2392.0000 70
886.0000 2430.0000 11
887.0000 2468.0000 52
889.0000 2509.0000 93
910.0000 2588.0000 34
947.0000 2662.0000 75
869.0000 2633.0000 16
947.0000 2659.0000 57
946.0000 2700.0000 98
946.0000 2740.0000 39
946.0000 2777.0000 80
947.0000 2815.0000 21
945.0000 2856.0000 62
947.0000 2894.0000 3
944.0000 2932.0000 44
847.0000 2929.0000 85
848.0000 2891.0000 26
850.0000 2854.0000 67
847.0000 2813.0000 8
848.0000 2775.0000 49
847.0000 2736.0000 90
849.0000 2699.0000 31
849.0000 2665.0000 72
863.0000 2987.0000 13
867.0000 3019.0000 54
944.0000 3021.0000 95
941.0000 3088.0000 36
944.0000 3127.0000 77
945.0000 3160.0000 18
945.0000 3203.0000 59
943.0000 3242.0000 100
945.0000 3275.0000 41
946.0000 3321.0000 82
945.0000 3359.0000 23
849.0000 3087.0000 64
849.0000 3125.0000 5
850.0000 3162.0000 46
848.0000 3202.0000 87
850.0000 3242.0000 28
850.0000 3283.0000 69
853.0000 3319.0000 10
938.0000 3441.0000 51
910.0000 3440.0000 92
943.0000 3530.0000 33
947.0000 3570.0000 74
943.0000 3609.0000 15
946.0000 3647.0000 56
947.0000 3683.0000 97
947.0000 3725.0000 38
947.0000 3761.0000 79
946.0000 3803.0000 20
946.0000 3843.0000 61
946.0000 3883.0000 2
904.0000 3703.0000 43
928.0000 3742.0000 84
904.0000 3793.0000 25
895.0000 3834.0000 66
897.0000 3859.0000 7
867.0000 3522.0000 48
848.0000 3607.0000 89
848.0000 3647.0000 30
849.0000 3683.0000 71
848.0000 3727.0000 12
852.0000 3757.0000 53
850.0000 3800.0000 94
849.0000 3841.0000 35
850.0000 3878.0000 76
826.0000 3821.0000 17
811.0000 3858.0000 58
694.0000 1955.0000 99
824.0000 1976.0000 40
804.0000 2041.0000 81
793.0000 2081.0000 22
762.0000 2117.0000 63
803.0000 2142.0000 4
750.0000 2159.0000 45
773.0000 2180.0000 86
861.0000 2487.0000 27
831.0000 2503.0000 68
842.0000 2583.0000 9
759.0000 2718.0000 50
791.0000 2779.0000 91
780.0000 2967.0000 32
829.0000 3000.0000 73
808.0000 3237.0000 14
819.0000 3279.0000 55
760.0000 3319.0000 96
780.0000 3424.0000 37
808.0000 3444.0000 78
785.0000 3527.0000 19
780.0000 3572.0000 60
748.0000 3550.0000 1
750.0000 3708.0000 42
655.0000 1966.0000 83
656.0000 2011.0000 24
655.0000 2040.0000 65
656.0000 2082.0000 6
658.0000 2123.0000 47
656.0000 2160.0000 88
656.0000 2198.0000 29
658.0000 2239.0000 70
657.0000 2274.0000 11
657.0000 2314.0000 52
657.0000 2356.0000 93
657.0000 2390.0000 34
654.0000 2430.0000 75
655.0000 2469.0000 16
656.0000 2509.0000 57
599.0000 2004.0000 98
597.0000 2042.0000 39
598.0000 2081.0000 80
596.0000 2122.0000 21
598.0000 2161.0000 62
599.0000 2196.0000 3
600.0000 2239.0000 44
597.0000 2278.0000 85
597.0000 2317.0000 26
598.0000 2354.0000 67
597.0000 2393.0000 8
598.0000 2432.0000 49
597.0000 2516.0000 90
598.0000 2551.0000 31
734.0000 2663.0000 72
735.0000 2701.0000 13
735.0000 2741.0000 54
735.0000 2780.0000 95
735.0000 2814.0000 36
734.0000 2851.0000 77
732.0000 2896.0000 18
734.0000 2932.0000 59
704.0000 2834.0000 100
680.0000 2771.0000 41
689.0000 2693.0000 82
697.0000 2630.0000 23
657.0000 2881.0000 64
639.0000 2595.0000 5
636.0000 2631.0000 46
639.0000 2673.0000 87
637.0000 2708.0000 28
635.0000 2748.0000 69
635.0000 2787.0000 10
635.0000 2822.0000 51
636.0000 2863.0000 92
636.0000 2902.0000 33
636.0000 2944.0000 74
598.0000 2592.0000 15
600.0000 2629.0000 56
596.0000 2671.0000 97
598.0000 2707.0000 38
596.0000 2748.0000 79
596.0000 2787.0000 20
597.0000 2825.0000 61
598.0000 2863.0000 2
595.0000 2900.0000 43
595.0000 2943.0000 84
733.0000 3020.0000 25
628.0000 2998.0000 66
547.0000 3010.0000 7
734.0000 3087.0000 48
733.0000 3125.0000 89
736.0000 3164.0000 30
732.0000 3202.0000 71
732.0000 3237.0000 12
733.0000 3277.0000 53
734.0000 3320.0000 94
703.0000 3459.0000 35
692.0000 3587.0000 76
733.0000 3607.0000 17
731.0000 3644.0000 58
733.0000 3687.0000 99
734.0000 3723.0000 40
732.0000 3767.0000 81
732.0000 3804.0000 22
734.0000 3844.0000 63
733.0000 3880.0000 4
674.0000 3086.0000 45
676.0000 3122.0000 86
674.0000 3169.0000 27
674.0000 3199.0000 68
672.0000 3241.0000 9
675.0000 3279.0000 50
677.0000 3320.0000 91
676.0000 3359.0000 32
675.0000 3396.0000 73
674.0000 3436.0000 14
666.0000 3472.0000 55
676.0000 3531.0000 96
675.0000 3571.0000 37
672.0000 3609.0000 78
674.0000 3648.0000 19
675.0000 3684.0000 60
675.0000 3726.0000 1
674.0000 3764.0000 42
674.0000 3802.0000 83
674.0000 3844.0000 24
676.0000 3877.0000 65
578.0000 3144.0000 6
620.0000 3223.0000 47
640.0000 3271.0000 88
607.0000 3341.0000 29
636.0000 3439.0000 70
597.0000 3533.0000 11
609.0000 3940.0000 52
438.0000 49.0000 93
417.0000 284.0000 34
457.0000 122.0000 75
453.0000 162.0000 16
454.0000 202.0000 57
456.0000 242.0000 98
457.0000 282.0000 39
457.0000 320.0000 80
456.0000 361.0000 21
484.0000 185.0000 62
524.0000 122.0000 3
525.0000 166.0000 44
526.0000 204.0000 85
523.0000 245.0000 26
524.0000 283.0000 67
526.0000 323.0000 8
524.0000 361.0000 49
559.0000 390.0000 90
390.0000 410.0000 31
363.0000 47.0000 72
339.0000 124.0000 13
340.0000 165.0000 54
340.0000 204.0000 95
342.0000 243.0000 36
341.0000 282.0000 77
341.0000 323.0000 18
342.0000 359.0000 59
322.0000 48.0000 100
302.0000 127.0000 41
300.0000 163.0000 82
302.0000 203.0000 23
301.0000 244.0000 64
302.0000 285.0000 5
305.0000 325.0000 46
304.0000 362.0000 87
247.0000 382.0000 28
223.0000 282.0000 69
212.0000 110.0000 10
233.0000 50.0000 51
169.0000 41.0000 92
186.0000 128.0000 33
186.0000 164.0000 74
186.0000 203.0000 15
189.0000 246.0000 56
186.0000 285.0000 97
186.0000 322.0000 38
188.0000 361.0000 79
148.0000 358.0000 20
147.0000 322.0000 61
147.0000 287.0000 2
150.0000 244.0000 43
149.0000 207.0000 84
149.0000 166.0000 25
149.0000 129.0000 66
111.0000 168.0000 7
91.0000 51.0000 48
54.0000 48.0000 89
33.0000 126.0000 30
33.0000 167.0000 71
35.0000 118.0000 12
35.0000 248.0000 53
33.0000 360.0000 94
31.0000 364.0000 35
33.0000 368.0000 76
34.0000 372.0000 17
33.0000 323.0000 58
34.0000 362.0000 99
63.0000 360.0000 40
90.0000 324.0000 81
534.0000 473.0000 22
529.0000 610.0000 63
494.0000 504.0000 4
467.0000 475.0000 45
437.0000 532.0000 86
454.0000 603.0000 27
397.0000 524.0000 68
415.0000 479.0000 9
366.0000 604.0000 50
322.0000 524.0000 91
312.0000 465.0000 32
272.0000 522.0000 73
273.0000 571.0000 14
262.0000 436.0000 55
229.0000 452.0000 96
224.0000 484.0000 37
119.0000 573.0000 78
117.0000 526.0000 19
54.0000 574.0000 60
52.0000 493.0000 1
64.0000 453.0000 42
4.0000 554.0000 83
-47.0000 512.0000 24
4.0000 602.0000 65
34.0000 632.0000 6
12.0000 666.0000 47
550.0000 691.0000 88
525.0000 650.0000 29
525.0000 689.0000 70
521.0000 729.0000 11
523.0000 766.0000 52
523.0000 805.0000 93
521.0000 841.0000 34
527.0000 884.0000 75
455.0000 1299.0000 16
427.0000 884.0000 57
428.0000 843.0000 98
429.0000 804.0000 39
428.0000 768.0000 80
427.0000 728.0000 21
426.0000 685.0000 62
430.0000 648.0000 3
370.0000 725.0000 44
387.0000 781.0000 85
367.0000 823.0000 26
311.0000 883.0000 67
311.0000 839.0000 8
313.0000 801.0000 49
313.0000 767.0000 90
309.0000 724.0000 31
311.0000 685.0000 72
316.0000 649.0000 13
234.0000 650.0000 54
234.0000 685.0000 95
234.0000 724.0000 36
212.0000 745.0000 77
233.0000 764.0000 18
233.0000 802.0000 59
235.0000 843.0000 100
236.0000 885.0000 41
158.0000 670.0000 82
117.0000 646.0000 23
118.0000 688.0000 64
119.0000 728.0000 5
118.0000 767.0000 46
120.0000 805.0000 87
119.0000 842.0000 28
120.0000 882.0000 69
544.0000 1038.0000 10
522.0000 951.0000 51
477.0000 1046.0000 92
475.0000 979.0000 33
449.0000 1050.0000 74
396.0000 976.0000 15
299.0000 941.0000 56
243.0000 918.0000 97
262.0000 991.0000 38
214.0000 951.0000 79
205.0000 987.0000 20
225.0000 1026.0000 61
166.0000 979.0000 2
127.0000 1015.0000 43
106.0000 972.0000 84
89.0000 1017.0000 25
23.0000 968.0000 66
-61.0000 801.0000 7
-57.0000 32.0000 48
523.0000 1103.0000 89
524.0000 1143.0000 30
523.0000 1183.0000 71
522.0000 1223.0000 12
523.0000 1256.0000 53
523.0000 1296.0000 94
523.0000 1337.0000 35
523.0000 1377.0000 76
526.0000 1415.0000 17
523.0000 1454.0000 58
476.0000 1084.0000 99
476.0000 1121.0000 40
475.0000 1162.0000 81
475.0000 1199.0000 22
477.0000 1241.0000 63
474.0000 1277.0000 4
475.0000 1316.0000 45
478.0000 1355.0000 86
478.0000 1394.0000 27
475.0000 1431.0000 68
475.0000 1473.0000 9
878.0000 1506.0000 50
474.0000 1549.0000 91
475.0000 1587.0000 32
475.0000 1625.0000 73
478.0000 1665.0000 14
475.0000 1706.0000 55
475.0000 1743.0000 96
476.0000 1781.0000 37
476.0000 1830.0000 78
476.0000 1912.0000 19
436.0000 1087.0000 60
439.0000 1123.0000 1
438.0000 1160.0000 42
434.0000 1202.0000 83
436.0000 1238.0000 24
435.0000 1281.0000 65
436.0000 1320.0000 6
435.0000 1357.0000 47
436.0000 1396.0000 88
436.0000 1435.0000 29
438.0000 1473.0000 70
435.0000 1502.0000 11
435.0000 1552.0000 52
434.0000 1587.0000 93
436.0000 1627.0000 34
438.0000 1665.0000 75
437.0000 1703.0000 16
437.0000 1744.0000 57
438.0000 1781.0000 98
438.0000 1822.0000 39
437.0000 1862.0000 80
434.0000 1900.0000 21
391.0000 1086.0000 62
377.0000 1192.0000 3
385.0000 1230.0000 44
367.0000 1268.0000 85
378.0000 1551.0000 26
358.0000 1841.0000 67
346.0000 1899.0000 8
317.0000 1122.0000 49
322.0000 1162.0000 90
322.0000 1200.0000 31
319.0000 1239.0000 72
321.0000 1277.0000 13
319.0000 1317.0000 54
321.0000 1353.0000 95
321.0000 1394.0000 36
320.0000 1430.0000 77
320.0000 1471.0000 18
320.0000 1550.0000 59
321.0000 1590.0000 100
318.0000 1625.0000 41
319.0000 1664.0000 82
320.0000 1704.0000 23
321.0000 1743.0000 64
319.0000 1784.0000 5
321.0000 1821.0000 46
321.0000 1859.0000 87
319.0000 1899.0000 28
279.0000 1061.0000 69
283.0000 1122.0000 10
281.0000 1161.0000 51
281.0000 1198.0000 92
280.0000 1240.0000 33
282.0000 1274.0000 74
281.0000 1318.0000 15
281.0000 1355.0000 56
281.0000 1395.0000 97
281.0000 1435.0000 38
283.0000 1473.0000 79
281.0000 1550.0000 20
281.0000 1584.0000 61
282.0000 1626.0000 2
281.0000 1667.0000 43
281.0000 1704.0000 84
281.0000 1743.0000 25
284.0000 1783.0000 66
283.0000 1822.0000 7
282.0000 1860.0000 48
282.0000 1900.0000 89
216.0000 1181.0000 30
246.0000 1373.0000 71
241.0000 1433.0000 12
230.0000 1471.0000 53
260.0000 1514.0000 94
236.0000 1541.0000 35
235.0000 1838.0000 76
205.0000 1063.0000 17
167.0000 1100.0000 58
170.0000 1131.0000 99
166.0000 1084.0000 40
165.0000 1202.0000 81
167.0000 1239.0000 22
187.0000 1260.0000 63
168.0000 1281.0000 4
167.0000 1315.0000 45
165.0000 1360.0000 86
168.0000 1391.0000 27
167.0000 1434.0000 68
170.0000 1471.0000 9
167.0000 1550.0000 50
166.0000 1587.0000 91
165.0000 1626.0000 32
167.0000 1665.0000 73
167.0000 1711.0000 14
169.0000 1743.0000 55
167.0000 1781.0000 96
167.0000 1820.0000 37
168.0000 1858.0000 78
167.0000 1901.0000 19
131.0000 1055.0000 60
129.0000 1094.0000 1
128.0000 1132.0000 42
125.0000 1172.0000 83
128.0000 1213.0000 24
126.0000 1250.0000 65
128.0000 1290.0000 6
123.0000 1327.0000 47
127.0000 1367.0000 88
128.0000 1405.0000 29
129.0000 1443.0000 70
127.0000 1485.0000 11
128.0000 1522.0000 52
131.0000 1560.0000 93
129.0000 1599.0000 34
130.0000 1638.0000 75
130.0000 1678.0000 16
127.0000 1713.0000 57
128.0000 1753.0000 98
91.0000 1058.0000 39
89.0000 1097.0000 80
87.0000 1131.0000 21
87.0000 1169.0000 62
86.0000 1211.0000 3
86.0000 1248.0000 44
90.0000 1292.0000 85
87.0000 1240.0000 26
90.0000 1369.0000 67
86.0000 1408.0000 8
88.0000 1445.0000 49
90.0000 1483.0000 90
91.0000 1520.0000 31
88.0000 1558.0000 72
94.0000 1606.0000 13
91.0000 1639.0000 54
88.0000 1676.0000 95
89.0000 1629.0000 36
89.0000 1758.0000 77
53.0000 1057.0000 18
49.0000 1094.0000 59
49.0000 1135.0000 100
51.0000 1175.0000 41
51.0000 1213.0000 82
49.0000 1251.0000 23
50.0000 1288.0000 64
50.0000 1328.0000 5
51.0000 1366.0000 46
49.0000 1404.0000 87
51.0000 1444.0000 28
50.0000 1483.0000 69
51.0000 1522.0000 10
50.0000 1558.0000 51
53.0000 1600.0000 92
50.0000 1637.0000 33
50.0000 1673.0000 74
47.0000 1712.0000 15
50.0000 1754.0000 56
49.0000 1795.0000 97
11.0000 1055.0000 38
16.0000 1095.0000 79
12.0000 1134.0000 20
13.0000 1173.0000 61
15.0000 1210.0000 2
12.0000 1249.0000 43
11.0000 1289.0000 84
14.0000 1328.0000 25
13.0000 1368.0000 66
14.0000 1406.0000 7
16.0000 1441.0000 48
13.0000 1482.0000 89
14.0000 1521.0000 30
10.0000 1561.0000 71
12.0000 1594.0000 12
10.0000 1637.0000 53
15.0000 1678.0000 94
15.0000 1714.0000 35
11.0000 1753.0000 76
11.0000 1793.0000 17
21.0000 1882.0000 58
88.0000 1327.0000 99
88.0000 1712.0000 40
503.0000 2002.0000 81
512.0000 2040.0000 22
542.0000 2099.0000 63
521.0000 2140.0000 4
534.0000 2179.0000 45
484.0000 2098.0000 86
434.0000 2062.0000 27
414.0000 2020.0000 68
394.0000 2137.0000 9
426.0000 2198.0000 50
463.0000 2277.0000 91
484.0000 2313.0000 32
415.0000 2292.0000 73
435.0000 2373.0000 14
436.0000 2437.0000 55
463.0000 2438.0000 96
494.0000 2458.0000 37
484.0000 2516.0000 78
484.0000 2552.0000 19
483.0000 2592.0000 60
483.0000 2630.0000 1
484.0000 2671.0000 42
483.0000 2707.0000 83
484.0000 2748.0000 24
482.0000 2784.0000 65
482.0000 2824.0000 6
484.0000 2863.0000 47
485.0000 2903.0000 88
483.0000 2939.0000 29
521.0000 2941.0000 70
520.0000 2899.0000 11
523.0000 2862.0000 52
521.0000 2823.0000 93
521.0000 2787.0000 34
524.0000 2745.0000 75
520.0000 2709.0000 16
521.0000 2669.0000 57
522.0000 2631.0000 98
520.0000 2593.0000 39
473.0000 3011.0000 80
337.0000 1933.0000 21
359.0000 1964.0000 62
368.0000 2001.0000 3
368.0000 2039.0000 44
367.0000 2079.0000 85
367.0000 2118.0000 26
368.0000 2160.0000 67
367.0000 2197.0000 8
367.0000 2238.0000 49
368.0000 2275.0000 90
368.0000 2313.0000 31
370.0000 2351.0000 72
369.0000 2392.0000 13
365.0000 2427.0000 54
322.0000 2080.0000 95
319.0000 2118.0000 36
318.0000 2156.0000 77
319.0000 2199.0000 18
318.0000 2233.0000 59
319.0000 2274.0000 100
319.0000 2315.0000 41
318.0000 2352.0000 82
319.0000 2394.0000 23
318.0000 2428.0000 64
290.0000 1972.0000 5
281.0000 1999.0000 46
282.0000 2042.0000 87
280.0000 2078.0000 28
278.0000 2115.0000 69
280.0000 2161.0000 10
280.0000 2195.0000 51
279.0000 2236.0000 92
281.0000 2278.0000 33
280.0000 2312.0000 74
281.0000 2355.0000 15
280.0000 2392.0000 56
277.0000 2427.0000 97
348.0000 2503.0000 38
385.0000 2524.0000 79
387.0000 2554.0000 20
365.0000 2582.0000 61
376.0000 2622.0000 2
394.0000 2750.0000 43
395.0000 2952.0000 84
308.0000 2526.0000 25
279.0000 2527.0000 66
280.0000 2563.0000 7
321.0000 2604.0000 48
283.0000 2600.0000 89
316.0000 2640.0000 30
282.0000 2640.0000 71
321.0000 2680.0000 12
280.0000 2679.0000 53
320.0000 2717.0000 94
282.0000 2717.0000 35
320.0000 2757.0000 76
279.0000 2755.0000 17
318.0000 2798.0000 58
283.0000 2794.0000 99
319.0000 2833.0000 40
281.0000 2832.0000 81
318.0000 2870.0000 22
282.0000 2869.0000 63
321.0000 2910.0000 4
280.0000 2910.0000 45
320.0000 2949.0000 86
281.0000 2949.0000 27
557.0000 3089.0000 68
559.0000 3125.0000 9
556.0000 3164.0000 50
558.0000 3201.0000 91
558.0000 3240.0000 32
559.0000 3279.0000 73
558.0000 3317.0000 14
559.0000 3356.0000 55
561.0000 3393.0000 96
560.0000 3437.0000 37
490.0000 3277.0000 78
463.0000 3085.0000 19
462.0000 3122.0000 60
464.0000 3163.0000 1
463.0000 3200.0000 42
461.0000 3235.0000 83
464.0000 3278.0000 24
462.0000 3316.0000 65
464.0000 3355.0000 6
463.0000 3395.0000 47
464.0000 3434.0000 88
558.0000 3532.0000 29
559.0000 3568.0000 70
559.0000 3604.0000 11
562.0000 3645.0000 52
558.0000 3685.0000 93
561.0000 3724.0000 34
558.0000 3766.0000 75
559.0000 3800.0000 16
560.0000 3839.0000 57
561.0000 3879.0000 98
520.0000 3760.0000 39
509.0000 3800.0000 80
511.0000 3840.0000 21
509.0000 3879.0000 62
460.0000 3489.0000 3
443.0000 3519.0000 44
452.0000 3565.0000 85
464.0000 3606.0000 26
463.0000 3644.0000 67
461.0000 3685.0000 8
462.0000 3721.0000 49
463.0000 3761.0000 90
462.0000 3801.0000 31
462.0000 3840.0000 72
462.0000 3877.0000 13
444.0000 3036.0000 54
357.0000 3037.0000 95
394.0000 3260.0000 36
397.0000 3339.0000 77
396.0000 3418.0000 18
384.0000 3512.0000 59
388.0000 3548.0000 100
374.0000 3609.0000 41
403.0000 3646.0000 82
424.0000 3687.0000 23
406.0000 3743.0000 64
405.0000 3906.0000 5
442.0000 3919.0000 46
344.0000 3087.0000 87
349.0000 3124.0000 28
346.0000 3162.0000 69
347.0000 3201.0000 10
348.0000 3238.0000 51
347.0000 3275.0000 92
346.0000 3317.0000 33
349.0000 3358.0000 74
347.0000 3397.0000 15
349.0000 3432.0000 56
349.0000 3477.0000 97
347.0000 3511.0000 38
348.0000 3547.0000 79
346.0000 3604.0000 20
346.0000 3643.0000 61
347.0000 3687.0000 2
348.0000 3724.0000 43
346.0000 3762.0000 84
348.0000 3798.0000 25
344.0000 3839.0000 66
347.0000 3876.0000 7
324.0000 3413.0000 48
307.0000 3501.0000 89
296.0000 3558.0000 30
327.0000 3629.0000 71
296.0000 3743.0000 12
270.0000 3124.0000 53
272.0000 3161.0000 94
269.0000 3197.0000 35
272.0000 3238.0000 76
270.0000 3279.0000 17
271.0000 3318.0000 58
273.0000 3356.0000 99
250.0000 3220.0000 40
231.0000 3288.0000 81
221.0000 3338.0000 22
242.0000 3377.0000 63
263.0000 3453.0000 4
252.0000 3529.0000 45
212.0000 3470.0000 86
211.0000 3514.0000 27
272.0000 3587.0000 68
270.0000 3624.0000 9
268.0000 3665.0000 50
270.0000 3706.0000 91
270.0000 3742.0000 32
270.0000 3784.0000 73
270.0000 3820.0000 14
270.0000 3858.0000 55
271.0000 3916.0000 96
213.0000 3824.0000 37
194.0000 3917.0000 78
223.0000 2021.0000 19
222.0000 2140.0000 60
234.0000 2410.0000 1
231.0000 2490.0000 42
202.0000 2079.0000 83
203.0000 2120.0000 24
202.0000 2159.0000 65
203.0000 2197.0000 6
201.0000 2237.0000 47
204.0000 2274.0000 88
204.0000 2316.0000 29
202.0000 2353.0000 70
200.0000 2392.0000 11
204.0000 2428.0000 52
203.0000 2602.0000 93
204.0000 2643.0000 34
205.0000 2699.0000 75
205.0000 2721.0000 16
204.0000 2759.0000 57
204.0000 2799.0000 98
204.0000 2836.0000 39
203.0000 2877.0000 80
204.0000 2913.0000 21
204.0000 2953.0000 62
164.0000 2003.0000 3
165.0000 2042.0000 44
165.0000 2081.0000 85
164.0000 2120.0000 26
164.0000 2159.0000 67
165.0000 2197.0000 8
164.0000 2233.0000 49
164.0000 2274.0000 90
166.0000 2315.0000 31
165.0000 2351.0000 72
164.0000 2392.0000 13
164.0000 2430.0000 54
165.0000 2487.0000 95
164.0000 2523.0000 36
166.0000 2567.0000 77
165.0000 2602.0000 18
166.0000 2643.0000 59
163.0000 2683.0000 100
165.0000 2721.0000 41
165.0000 2759.0000 82
164.0000 2799.0000 23
163.0000 2837.0000 64
166.0000 2869.0000 5
166.0000 2911.0000 46
164.0000 2954.0000 87
128.0000 2080.0000 28
127.0000 2140.0000 69
127.0000 2180.0000 10
125.0000 2219.0000 51
125.0000 2258.0000 92
127.0000 2296.0000 33
125.0000 2158.0000 74
128.0000 2373.0000 15
127.0000 2416.0000 56
126.0000 2448.0000 97
128.0000 2489.0000 38
127.0000 2528.0000 79
127.0000 2564.0000 20
126.0000 2607.0000 61
127.0000 2642.0000 2
126.0000 2683.0000 43
126.0000 2720.0000 84
128.0000 2760.0000 25
127.0000 2796.0000 66
124.0000 2834.0000 7
127.0000 2874.0000 48
129.0000 2914.0000 89
78.0000 1990.0000 30
88.0000 2137.0000 71
90.0000 2177.0000 12
87.0000 2218.0000 53
87.0000 2258.0000 94
90.0000 2298.0000 35
91.0000 2343.0000 76
90.0000 2373.0000 17
92.0000 2420.0000 58
89.0000 2449.0000 99
87.0000 2489.0000 40
86.0000 2524.0000 81
90.0000 2565.0000 22
88.0000 2604.0000 63
89.0000 2643.0000 4
87.0000 2679.0000 45
89.0000 2718.0000 86
89.0000 2757.0000 27
90.0000 2806.0000 68
88.0000 2835.0000 9
87.0000 2872.0000 50
88.0000 2911.0000 91
50.0000 2137.0000 32
50.0000 2176.0000 73
51.0000 2216.0000 14
49.0000 2257.0000 55
50.0000 2294.0000 96
49.0000 2334.0000 37
49.0000 2370.0000 78
48.0000 2408.0000 19
50.0000 2449.0000 60
50.0000 2489.0000 1
50.0000 2525.0000 42
49.0000 2564.0000 83
50.0000 2603.0000 24
50.0000 2643.0000 65
49.0000 2681.0000 6
50.0000 2717.0000 47
50.0000 2757.0000 88
51.0000 2796.0000 29
49.0000 2834.0000 70
49.0000 2874.0000 11
-23.0000 1994.0000 52
10.0000 2137.0000 93
12.0000 2178.0000 34
11.0000 2217.0000 75
11.0000 2256.0000 16
11.0000 2292.0000 57
11.0000 2333.0000 98
13.0000 2378.0000 39
10.0000 2411.0000 80
9.0000 2448.0000 21
10.0000 2484.0000 62
9.0000 2524.0000 3
11.0000 2563.0000 44
10.0000 2601.0000 85
10.0000 2640.0000 26
11.0000 2682.0000 67
9.0000 2718.0000 8
10.0000 2754.0000 49
10.0000 2801.0000 90
10.0000 2834.0000 31
11.0000 2872.0000 72
126.0000 2334.0000 13
173.0000 3143.0000 54
174.0000 3184.0000 95
155.0000 3123.0000 36
154.0000 3162.0000 77
156.0000 3203.0000 18
154.0000 3241.0000 59
154.0000 3278.0000 100
154.0000 3314.0000 41
156.0000 3355.0000 82
153.0000 3397.0000 23
136.0000 3468.0000 64
135.0000 3510.0000 5
155.0000 3551.0000 46
156.0000 3591.0000 87
155.0000 3627.0000 28
155.0000 3665.0000 69
154.0000 3707.0000 10
152.0000 3744.0000 51
156.0000 3791.0000 92
155.0000 3822.0000 33
157.0000 3861.0000 74
115.0000 3547.0000 15
114.0000 3585.0000 56
114.0000 3600.0000 97
113.0000 3610.0000 38
113.0000 3624.0000 79
112.0000 3663.0000 20
112.0000 3699.0000 61
112.0000 3739.0000 2
112.0000 3779.0000 43
116.0000 3819.0000 84
113.0000 3858.0000 25
114.0000 3898.0000 66
105.0000 3102.0000 7
103.0000 3159.0000 48
107.0000 3256.0000 89
105.0000 3295.0000 30
105.0000 3375.0000 71
66.0000 3215.0000 12
64.0000 3374.0000 53
75.0000 3462.0000 94
36.0000 3460.0000 35
75.0000 3546.0000 76
37.0000 3547.0000 17
76.0000 3624.0000 58
35.0000 3622.0000 99
77.0000 3702.0000 40
37.0000 3701.0000 81
77.0000 3778.0000 22
37.0000 3780.0000 63
78.0000 3858.0000 4
36.0000 3856.0000 45
-4.0000 3873.0000 86
17.0000 2052.0000 27
16.0000 2962.0000 68
-66.0000 3134.0000 9
-68.0000 3905.0000 50
38.0000 3941.0000 91
2830.0000 40.0000 0